"PreSens Measurement Studio 2","3.0.1.1413",""
"Date","Time","Channel","User","SensorID","Sensor_Name","delta_t","Time_Unit","Value","O2_Unit","Mode","Phase","Phase_Unit","Amplitude","Amplitude_Unit","Temp","Temp_Unit","Pressure","Pressure_Unit","Salinity","Salinity_Unit","Error","Cal0","Cal0_Unit","T0","T0_Unit","O2Cal2nd","O2_Unit","Cal2nd","Cal2nd_Unit","T2nd","T2nd_Unit","CalPressure","CalPressure_Unit","f1","dPhi1","dkSv1","dPhi2","dkSv2","m","Cal_Mode","SignalLEDCurrent","User_Signal_Intensity","ReferenceLEDCurrent","Reference_Amplitude","Device_Serial","FwVersion","SwVersion","Sensor_Type","BatchID","Calibration_Date","Sensor_Lot","PreSens_Calibr","Battery_Voltage","Battery_Voltage_Unit"
"07/13/2019","06:06:58","9","default","116269760","OXY_CH9","0.000","min","215.672","μmol/L","Humid","22.466","deg","120972","µV","19.985","°C","1012.000","hPa","36.5","pmil","0","55.690","deg","20.000","°C","100.000","%a.s.","22.400","deg","20.000","°C","962.000","hPa","0.861","-0.02617","0.00035","0","0","13.56","Humid","35.35","0","78.50","297464.11","SABD0002000014","AAV2.0.0.13","3.0.1.1413","PSt7-10","180509-002","6/18/2019 6:15:17 AM","0000-00","0","no battery","V"
"07/13/2019","06:06:59","9","default","116269760","OXY_CH9","0.022","min","215.876","μmol/L","Humid","22.457","deg","120908","µV","19.978","°C","1012.000","hPa","36.5","pmil","0","55.690","deg","20.000","°C","100.000","%a.s.","22.400","deg","20.000","°C","962.000","hPa","0.861","-0.02617","0.00035","0","0","13.56","Humid","35.35","0","78.50","297418.90","SABD0002000014","AAV2.0.0.13","3.0.1.1413","PSt7-10","180509-002","6/18/2019 6:15:17 AM","0000-00","0","no battery","V"
"07/13/2019","06:07:00","9","default","116269760","OXY_CH9","0.039","min","215.819","μmol/L","Humid","22.458","deg","120859","µV","19.985","°C","1012.000","hPa","36.5","pmil","0","55.690","deg","20.000","°C","100.000","%a.s.","22.400","deg","20.000","°C","962.000","hPa","0.861","-0.02617","0.00035","0","0","13.56","Humid","35.35","0","78.50","297361.42","SABD0002000014","AAV2.0.0.13","3.0.1.1413","PSt7-10","180509-002","6/18/2019 6:15:17 AM","0000-00","0","no battery","V"
"07/13/2019","06:07:01","9","default","116269760","OXY_CH9","0.056","min","215.948","μmol/L","Humid","22.451","deg","120819","µV","19.985","°C","1012.000","hPa","36.5","pmil","0","55.690","deg","20.000","°C","100.000","%a.s.","22.400","deg","20.000","°C","962.000","hPa","0.861","-0.02617","0.00035","0","0","13.56","Humid","35.35","0","78.50","297350.57","SABD0002000014","AAV2.0.0.13","3.0.1.1413","PSt7-10","180509-002","6/18/2019 6:15:17 AM","0000-00","0","no battery","V"
"07/13/2019","06:07:02","9","default","116269760","OXY_CH9","0.072","min","216.023","μmol/L","Humid","22.449","deg","120773","µV","19.978","°C","1012.000","hPa","36.5","pmil","0","55.690","deg","20.000","°C","100.000","%a.s.","22.400","deg","20.000","°C","962.000","hPa","0.861","-0.02617","0.00035","0","0","13.56","Humid","35.35","0","78.50","297315.15","SABD0002000014","AAV2.0.0.13","3.0.1.1413","PSt7-10","180509-002","6/18/2019 6:15:17 AM","0000-00","0","no battery","V"
"07/13/2019","06:07:03","9","default","116269760","OXY_CH9","0.089","min","216.139","μmol/L","Humid","22.443","deg","120743","µV","19.978","°C","1013.000","hPa","36.5","pmil","0","55.690","deg","20.000","°C","100.000","%a.s.","22.400","deg","20.000","°C","962.000","hPa","0.861","-0.02617","0.00035","0","0","13.56","Humid","35.35","0","78.50","297297.22","SABD0002000014","AAV2.0.0.13","3.0.1.1413","PSt7-10","180509-002","6/18/2019 6:15:17 AM","0000-00","0","no battery","V"
"07/13/2019","06:07:04","9","default","116269760","OXY_CH9","0.106","min","216.115","μmol/L","Humid","22.444","deg","120709","µV","19.978","°C","1012.000","hPa","36.5","pmil","0","55.690","deg","20.000","°C","100.000","%a.s.","22.400","deg","20.000","°C","962.000","hPa","0.861","-0.02617","0.00035","0","0","13.56","Humid","35.35","0","78.50","297289.87","SABD0002000014","AAV2.0.0.13","3.0.1.1413","PSt7-10","180509-002","6/18/2019 6:15:17 AM","0000-00","0","no battery","V"
"07/13/2019","06:07:05","9","default","116269760","OXY_CH9","0.122","min","216.188","μmol/L","Humid","22.438","deg","120683","µV","19.985","°C","1012.000","hPa","36.5","pmil","0","55.690","deg","20.000","°C","100.000","%a.s.","22.400","deg","20.000","°C","962.000","hPa","0.861","-0.02617","0.00035","0","0","13.56","Humid","35.35","0","78.50","297284.84","SABD0002000014","AAV2.0.0.13","3.0.1.1413","PSt7-10","180509-002","6/18/2019 6:15:17 AM","0000-00","0","no battery","V"
"07/13/2019","06:07:06","9","default","116269760","OXY_CH9","0.139","min","216.250","μmol/L","Humid","22.437","deg","120674","µV","19.978","°C","1013.000","hPa","36.5","pmil","0","55.690","deg","20.000","°C","100.000","%a.s.","22.400","deg","20.000","°C","962.000","hPa","0.861","-0.02617","0.00035","0","0","13.56","Humid","35.35","0","78.50","297285.49","SABD0002000014","AAV2.0.0.13","3.0.1.1413","PSt7-10","180509-002","6/18/2019 6:15:17 AM","0000-00","0","no battery","V"
"07/13/2019","06:07:07","9","default","116269760","OXY_CH9","0.156","min","216.319","μmol/L","Humid","22.433","deg","120652","µV","19.978","°C","1012.000","hPa","36.5","pmil","0","55.690","deg","20.000","°C","100.000","%a.s.","22.400","deg","20.000","°C","962.000","hPa","0.861","-0.02617","0.00035","0","0","13.56","Humid","35.35","0","78.50","297288.87","SABD0002000014","AAV2.0.0.13","3.0.1.1413","PSt7-10","180509-002","6/18/2019 6:15:17 AM","0000-00","0","no battery","V"
"07/13/2019","06:07:08","9","default","116269760","OXY_CH9","0.172","min","216.322","μmol/L","Humid","22.431","deg","120627","µV","19.985","°C","1013.000","hPa","36.5","pmil","0","55.690","deg","20.000","°C","100.000","%a.s.","22.400","deg","20.000","°C","962.000","hPa","0.861","-0.02617","0.00035","0","0","13.56","Humid","35.35","0","78.50","297284.30","SABD0002000014","AAV2.0.0.13","3.0.1.1413","PSt7-10","180509-002","6/18/2019 6:15:17 AM","0000-00","0","no battery","V"
"07/13/2019","06:07:09","9","default","116269760","OXY_CH9","0.189","min","216.416","μmol/L","Humid","22.428","deg","120601","µV","19.978","°C","1013.000","hPa","36.5","pmil","0","55.690","deg","20.000","°C","100.000","%a.s.","22.400","deg","20.000","°C","962.000","hPa","0.861","-0.02617","0.00035","0","0","13.56","Humid","35.35","0","78.50","297277.82","SABD0002000014","AAV2.0.0.13","3.0.1.1413","PSt7-10","180509-002","6/18/2019 6:15:17 AM","0000-00","0","no battery","V"
"07/13/2019","06:07:10","9","default","116269760","OXY_CH9","0.205","min","216.410","μmol/L","Humid","22.426","deg","120584","µV","19.985","°C","1012.000","hPa","36.5","pmil","0","55.690","deg","20.000","°C","100.000","%a.s.","22.400","deg","20.000","°C","962.000","hPa","0.861","-0.02617","0.00035","0","0","13.56","Humid","35.35","0","78.50","297270.53","SABD0002000014","AAV2.0.0.13","3.0.1.1413","PSt7-10","180509-002","6/18/2019 6:15:17 AM","0000-00","0","no battery","V"
"07/13/2019","06:07:11","9","default","116269760","OXY_CH9","0.223","min","216.485","μmol/L","Humid","22.424","deg","120567","µV","19.978","°C","1012.000","hPa","36.5","pmil","0","55.690","deg","20.000","°C","100.000","%a.s.","22.400","deg","20.000","°C","962.000","hPa","0.861","-0.02617","0.00035","0","0","13.56","Humid","35.35","0","78.50","297265.21","SABD0002000014","AAV2.0.0.13","3.0.1.1413","PSt7-10","180509-002","6/18/2019 6:15:17 AM","0000-00","0","no battery","V"
"07/13/2019","06:07:12","9","default","116269760","OXY_CH9","0.239","min","216.522","μmol/L","Humid","22.422","deg","120548","µV","19.978","°C","1012.000","hPa","36.5","pmil","0","55.690","deg","20.000","°C","100.000","%a.s.","22.400","deg","20.000","°C","962.000","hPa","0.861","-0.02617","0.00035","0","0","13.56","Humid","35.35","0","78.50","297277.81","SABD0002000014","AAV2.0.0.13","3.0.1.1413","PSt7-10","180509-002","6/18/2019 6:15:17 AM","0000-00","0","no battery","V"
"07/13/2019","06:07:13","9","default","116269760","OXY_CH9","0.255","min","216.521","μmol/L","Humid","22.420","deg","120524","µV","19.985","°C","1012.000","hPa","36.5","pmil","0","55.690","deg","20.000","°C","100.000","%a.s.","22.400","deg","20.000","°C","962.000","hPa","0.861","-0.02617","0.00035","0","0","13.56","Humid","35.35","0","78.50","297261.30","SABD0002000014","AAV2.0.0.13","3.0.1.1413","PSt7-10","180509-002","6/18/2019 6:15:17 AM","0000-00","0","no battery","V"
"07/13/2019","06:07:14","9","default","116269760","OXY_CH9","0.272","min","216.539","μmol/L","Humid","22.419","deg","120507","µV","19.985","°C","1012.000","hPa","36.5","pmil","0","55.690","deg","20.000","°C","100.000","%a.s.","22.400","deg","20.000","°C","962.000","hPa","0.861","-0.02617","0.00035","0","0","13.56","Humid","35.35","0","78.50","297262.08","SABD0002000014","AAV2.0.0.13","3.0.1.1413","PSt7-10","180509-002","6/18/2019 6:15:17 AM","0000-00","0","no battery","V"
"07/13/2019","06:07:15","9","default","116269760","OXY_CH9","0.289","min","216.730","μmol/L","Humid","22.409","deg","120472","µV","19.985","°C","1013.000","hPa","36.5","pmil","0","55.690","deg","20.000","°C","100.000","%a.s.","22.400","deg","20.000","°C","962.000","hPa","0.861","-0.02617","0.00035","0","0","13.56","Humid","35.35","0","78.50","297271.88","SABD0002000014","AAV2.0.0.13","3.0.1.1413","PSt7-10","180509-002","6/18/2019 6:15:17 AM","0000-00","0","no battery","V"
"07/13/2019","06:07:16","9","default","116269760","OXY_CH9","0.306","min","216.744","μmol/L","Humid","22.410","deg","120461","µV","19.978","°C","1012.000","hPa","36.5","pmil","0","55.690","deg","20.000","°C","100.000","%a.s.","22.400","deg","20.000","°C","962.000","hPa","0.861","-0.02617","0.00035","0","0","13.56","Humid","35.35","0","78.50","297264.67","SABD0002000014","AAV2.0.0.13","3.0.1.1413","PSt7-10","180509-002","6/18/2019 6:15:17 AM","0000-00","0","no battery","V"
"07/13/2019","06:07:17","9","default","116269760","OXY_CH9","0.323","min","216.800","μmol/L","Humid","22.407","deg","120447","µV","19.978","°C","1012.000","hPa","36.5","pmil","0","55.690","deg","20.000","°C","100.000","%a.s.","22.400","deg","20.000","°C","962.000","hPa","0.861","-0.02617","0.00035","0","0","13.56","Humid","35.35","0","78.50","297278.97","SABD0002000014","AAV2.0.0.13","3.0.1.1413","PSt7-10","180509-002","6/18/2019 6:15:17 AM","0000-00","0","no battery","V"
"07/13/2019","06:07:18","9","default","116269760","OXY_CH9","0.339","min","216.895","μmol/L","Humid","22.398","deg","120421","µV","19.991","°C","1013.000","hPa","36.5","pmil","0","55.690","deg","20.000","°C","100.000","%a.s.","22.400","deg","20.000","°C","962.000","hPa","0.861","-0.02617","0.00035","0","0","13.56","Humid","35.35","0","78.50","297263.90","SABD0002000014","AAV2.0.0.13","3.0.1.1413","PSt7-10","180509-002","6/18/2019 6:15:17 AM","0000-00","0","no battery","V"
"07/13/2019","06:07:19","9","default","116269760","OXY_CH9","0.356","min","216.878","μmol/L","Humid","22.401","deg","120395","µV","19.985","°C","1013.000","hPa","36.5","pmil","0","55.690","deg","20.000","°C","100.000","%a.s.","22.400","deg","20.000","°C","962.000","hPa","0.861","-0.02617","0.00035","0","0","13.56","Humid","35.35","0","78.50","297255.80","SABD0002000014","AAV2.0.0.13","3.0.1.1413","PSt7-10","180509-002","6/18/2019 6:15:17 AM","0000-00","0","no battery","V"
"07/13/2019","06:07:20","9","default","116269760","OXY_CH9","0.372","min","217.009","μmol/L","Humid","22.396","deg","120369","µV","19.978","°C","1013.000","hPa","36.5","pmil","0","55.690","deg","20.000","°C","100.000","%a.s.","22.400","deg","20.000","°C","962.000","hPa","0.861","-0.02617","0.00035","0","0","13.56","Humid","35.35","0","78.50","297245.82","SABD0002000014","AAV2.0.0.13","3.0.1.1413","PSt7-10","180509-002","6/18/2019 6:15:17 AM","0000-00","0","no battery","V"
"07/13/2019","06:07:21","9","default","116269760","OXY_CH9","0.389","min","217.023","μmol/L","Humid","22.395","deg","120355","µV","19.978","°C","1012.000","hPa","36.5","pmil","0","55.690","deg","20.000","°C","100.000","%a.s.","22.400","deg","20.000","°C","962.000","hPa","0.861","-0.02617","0.00035","0","0","13.56","Humid","35.35","0","78.50","297250.35","SABD0002000014","AAV2.0.0.13","3.0.1.1413","PSt7-10","180509-002","6/18/2019 6:15:17 AM","0000-00","0","no battery","V"
"07/13/2019","06:07:22","9","default","116269760","OXY_CH9","0.406","min","217.021","μmol/L","Humid","22.393","deg","120341","µV","19.985","°C","1012.000","hPa","36.5","pmil","0","55.690","deg","20.000","°C","100.000","%a.s.","22.400","deg","20.000","°C","962.000","hPa","0.861","-0.02617","0.00035","0","0","13.56","Humid","35.35","0","78.50","297253.59","SABD0002000014","AAV2.0.0.13","3.0.1.1413","PSt7-10","180509-002","6/18/2019 6:15:17 AM","0000-00","0","no battery","V"
"07/13/2019","06:07:23","9","default","116269760","OXY_CH9","0.422","min","217.045","μmol/L","Humid","22.392","deg","120334","µV","19.985","°C","1013.000","hPa","36.5","pmil","0","55.690","deg","20.000","°C","100.000","%a.s.","22.400","deg","20.000","°C","962.000","hPa","0.861","-0.02617","0.00035","0","0","13.56","Humid","35.35","0","78.50","297250.57","SABD0002000014","AAV2.0.0.13","3.0.1.1413","PSt7-10","180509-002","6/18/2019 6:15:17 AM","0000-00","0","no battery","V"
"07/13/2019","06:07:24","9","default","116269760","OXY_CH9","0.439","min","217.095","μmol/L","Humid","22.389","deg","120304","µV","19.985","°C","1012.000","hPa","36.5","pmil","0","55.690","deg","20.000","°C","100.000","%a.s.","22.400","deg","20.000","°C","962.000","hPa","0.861","-0.02617","0.00035","0","0","13.56","Humid","35.35","0","78.50","297235.27","SABD0002000014","AAV2.0.0.13","3.0.1.1413","PSt7-10","180509-002","6/18/2019 6:15:17 AM","0000-00","0","no battery","V"
"07/13/2019","06:07:25","9","default","116269760","OXY_CH9","0.456","min","217.190","μmol/L","Humid","22.386","deg","120293","µV","19.978","°C","1012.000","hPa","36.5","pmil","0","55.690","deg","20.000","°C","100.000","%a.s.","22.400","deg","20.000","°C","962.000","hPa","0.861","-0.02617","0.00035","0","0","13.56","Humid","35.35","0","78.50","297250.76","SABD0002000014","AAV2.0.0.13","3.0.1.1413","PSt7-10","180509-002","6/18/2019 6:15:17 AM","0000-00","0","no battery","V"
"07/13/2019","06:07:26","9","default","116269760","OXY_CH9","0.472","min","217.138","μmol/L","Humid","22.387","deg","120260","µV","19.985","°C","1013.000","hPa","36.5","pmil","0","55.690","deg","20.000","°C","100.000","%a.s.","22.400","deg","20.000","°C","962.000","hPa","0.861","-0.02617","0.00035","0","0","13.56","Humid","35.35","0","78.50","297240.46","SABD0002000014","AAV2.0.0.13","3.0.1.1413","PSt7-10","180509-002","6/18/2019 6:15:17 AM","0000-00","0","no battery","V"
"07/13/2019","06:07:27","9","default","116269760","OXY_CH9","0.489","min","217.131","μmol/L","Humid","22.385","deg","120237","µV","19.991","°C","1012.000","hPa","36.5","pmil","0","55.690","deg","20.000","°C","100.000","%a.s.","22.400","deg","20.000","°C","962.000","hPa","0.861","-0.02617","0.00035","0","0","13.56","Humid","35.35","0","78.50","297246.22","SABD0002000014","AAV2.0.0.13","3.0.1.1413","PSt7-10","180509-002","6/18/2019 6:15:17 AM","0000-00","0","no battery","V"
"07/13/2019","06:07:28","9","default","116269760","OXY_CH9","0.506","min","217.168","μmol/L","Humid","22.383","deg","120235","µV","19.991","°C","1012.000","hPa","36.5","pmil","0","55.690","deg","20.000","°C","100.000","%a.s.","22.400","deg","20.000","°C","962.000","hPa","0.861","-0.02617","0.00035","0","0","13.56","Humid","35.35","0","78.50","297250.72","SABD0002000014","AAV2.0.0.13","3.0.1.1413","PSt7-10","180509-002","6/18/2019 6:15:17 AM","0000-00","0","no battery","V"
"07/13/2019","06:07:29","9","default","116269760","OXY_CH9","0.522","min","217.337","μmol/L","Humid","22.376","deg","120202","µV","19.985","°C","1012.000","hPa","36.5","pmil","0","55.690","deg","20.000","°C","100.000","%a.s.","22.400","deg","20.000","°C","962.000","hPa","0.861","-0.02617","0.00035","0","0","13.56","Humid","35.35","0","78.50","297228.48","SABD0002000014","AAV2.0.0.13","3.0.1.1413","PSt7-10","180509-002","6/18/2019 6:15:17 AM","0000-00","0","no battery","V"
"07/13/2019","06:07:30","9","default","116269760","OXY_CH9","0.539","min","217.248","μmol/L","Humid","22.379","deg","120199","µV","19.991","°C","1013.000","hPa","36.5","pmil","0","55.690","deg","20.000","°C","100.000","%a.s.","22.400","deg","20.000","°C","962.000","hPa","0.861","-0.02617","0.00035","0","0","13.56","Humid","35.35","0","78.50","297240.71","SABD0002000014","AAV2.0.0.13","3.0.1.1413","PSt7-10","180509-002","6/18/2019 6:15:17 AM","0000-00","0","no battery","V"
"07/13/2019","06:07:31","9","default","116269760","OXY_CH9","0.556","min","217.373","μmol/L","Humid","22.372","deg","120241","µV","19.991","°C","1012.000","hPa","36.5","pmil","0","55.690","deg","20.000","°C","100.000","%a.s.","22.400","deg","20.000","°C","962.000","hPa","0.861","-0.02617","0.00035","0","0","13.56","Humid","35.35","0","78.50","297232.06","SABD0002000014","AAV2.0.0.13","3.0.1.1413","PSt7-10","180509-002","6/18/2019 6:15:17 AM","0000-00","0","no battery","V"
"07/13/2019","06:07:32","9","default","116269760","OXY_CH9","0.572","min","217.354","μmol/L","Humid","22.373","deg","120246","µV","19.991","°C","1012.000","hPa","36.5","pmil","0","55.690","deg","20.000","°C","100.000","%a.s.","22.400","deg","20.000","°C","962.000","hPa","0.861","-0.02617","0.00035","0","0","13.56","Humid","35.35","0","78.50","297227.23","SABD0002000014","AAV2.0.0.13","3.0.1.1413","PSt7-10","180509-002","6/18/2019 6:15:17 AM","0000-00","0","no battery","V"
"07/13/2019","06:07:33","9","default","116269760","OXY_CH9","0.589","min","217.467","μmol/L","Humid","22.369","deg","120211","µV","19.985","°C","1012.000","hPa","36.5","pmil","0","55.690","deg","20.000","°C","100.000","%a.s.","22.400","deg","20.000","°C","962.000","hPa","0.861","-0.02617","0.00035","0","0","13.56","Humid","35.35","0","78.50","297236.66","SABD0002000014","AAV2.0.0.13","3.0.1.1413","PSt7-10","180509-002","6/18/2019 6:15:17 AM","0000-00","0","no battery","V"
"07/13/2019","06:07:34","9","default","116269760","OXY_CH9","0.606","min","217.410","μmol/L","Humid","22.370","deg","120179","µV","19.991","°C","1012.000","hPa","36.5","pmil","0","55.690","deg","20.000","°C","100.000","%a.s.","22.400","deg","20.000","°C","962.000","hPa","0.861","-0.02617","0.00035","0","0","13.56","Humid","35.35","0","78.50","297231.08","SABD0002000014","AAV2.0.0.13","3.0.1.1413","PSt7-10","180509-002","6/18/2019 6:15:17 AM","0000-00","0","no battery","V"
"07/13/2019","06:07:35","9","default","116269760","OXY_CH9","0.622","min","217.484","μmol/L","Humid","22.366","deg","120180","µV","19.991","°C","1012.000","hPa","36.5","pmil","0","55.690","deg","20.000","°C","100.000","%a.s.","22.400","deg","20.000","°C","962.000","hPa","0.861","-0.02617","0.00035","0","0","13.56","Humid","35.35","0","78.50","297232.80","SABD0002000014","AAV2.0.0.13","3.0.1.1413","PSt7-10","180509-002","6/18/2019 6:15:17 AM","0000-00","0","no battery","V"
"07/13/2019","06:07:36","9","default","116269760","OXY_CH9","0.639","min","217.578","μmol/L","Humid","22.361","deg","120153","µV","19.991","°C","1012.000","hPa","36.5","pmil","0","55.690","deg","20.000","°C","100.000","%a.s.","22.400","deg","20.000","°C","962.000","hPa","0.861","-0.02617","0.00035","0","0","13.56","Humid","35.35","0","78.50","297223.36","SABD0002000014","AAV2.0.0.13","3.0.1.1413","PSt7-10","180509-002","6/18/2019 6:15:17 AM","0000-00","0","no battery","V"
"07/13/2019","06:07:37","9","default","116269760","OXY_CH9","0.655","min","217.522","μmol/L","Humid","22.364","deg","120171","µV","19.991","°C","1012.000","hPa","36.5","pmil","0","55.690","deg","20.000","°C","100.000","%a.s.","22.400","deg","20.000","°C","962.000","hPa","0.861","-0.02617","0.00035","0","0","13.56","Humid","35.35","0","78.50","297215.80","SABD0002000014","AAV2.0.0.13","3.0.1.1413","PSt7-10","180509-002","6/18/2019 6:15:17 AM","0000-00","0","no battery","V"
"07/13/2019","06:07:38","9","default","116269760","OXY_CH9","0.673","min","217.676","μmol/L","Humid","22.356","deg","120130","µV","19.991","°C","1013.000","hPa","36.5","pmil","0","55.690","deg","20.000","°C","100.000","%a.s.","22.400","deg","20.000","°C","962.000","hPa","0.861","-0.02617","0.00035","0","0","13.56","Humid","35.35","0","78.50","297220.13","SABD0002000014","AAV2.0.0.13","3.0.1.1413","PSt7-10","180509-002","6/18/2019 6:15:17 AM","0000-00","0","no battery","V"
"07/13/2019","06:07:39","9","default","116269760","OXY_CH9","0.689","min","217.747","μmol/L","Humid","22.354","deg","120118","µV","19.985","°C","1012.000","hPa","36.5","pmil","0","55.690","deg","20.000","°C","100.000","%a.s.","22.400","deg","20.000","°C","962.000","hPa","0.861","-0.02617","0.00035","0","0","13.56","Humid","35.35","0","78.50","297214.41","SABD0002000014","AAV2.0.0.13","3.0.1.1413","PSt7-10","180509-002","6/18/2019 6:15:17 AM","0000-00","0","no battery","V"
"07/13/2019","06:07:40","9","default","116269760","OXY_CH9","0.706","min","217.708","μmol/L","Humid","22.354","deg","120116","µV","19.991","°C","1012.000","hPa","36.5","pmil","0","55.690","deg","20.000","°C","100.000","%a.s.","22.400","deg","20.000","°C","962.000","hPa","0.861","-0.02617","0.00035","0","0","13.56","Humid","35.35","0","78.50","297217.45","SABD0002000014","AAV2.0.0.13","3.0.1.1413","PSt7-10","180509-002","6/18/2019 6:15:17 AM","0000-00","0","no battery","V"
"07/13/2019","06:07:41","9","default","116269760","OXY_CH9","0.723","min","217.764","μmol/L","Humid","22.351","deg","120106","µV","19.991","°C","1012.000","hPa","36.5","pmil","0","55.690","deg","20.000","°C","100.000","%a.s.","22.400","deg","20.000","°C","962.000","hPa","0.861","-0.02617","0.00035","0","0","13.56","Humid","35.35","0","78.50","297213.41","SABD0002000014","AAV2.0.0.13","3.0.1.1413","PSt7-10","180509-002","6/18/2019 6:15:17 AM","0000-00","0","no battery","V"
"07/13/2019","06:07:42","9","default","116269760","OXY_CH9","0.739","min","217.801","μmol/L","Humid","22.349","deg","120053","µV","19.991","°C","1012.000","hPa","36.5","pmil","0","55.690","deg","20.000","°C","100.000","%a.s.","22.400","deg","20.000","°C","962.000","hPa","0.861","-0.02617","0.00035","0","0","13.56","Humid","35.35","0","78.50","297203.67","SABD0002000014","AAV2.0.0.13","3.0.1.1413","PSt7-10","180509-002","6/18/2019 6:15:17 AM","0000-00","0","no battery","V"
"07/13/2019","06:07:43","9","default","116269760","OXY_CH9","0.756","min","217.857","μmol/L","Humid","22.346","deg","120068","µV","19.991","°C","1012.000","hPa","36.5","pmil","0","55.690","deg","20.000","°C","100.000","%a.s.","22.400","deg","20.000","°C","962.000","hPa","0.861","-0.02617","0.00035","0","0","13.56","Humid","35.35","0","78.50","297210.45","SABD0002000014","AAV2.0.0.13","3.0.1.1413","PSt7-10","180509-002","6/18/2019 6:15:17 AM","0000-00","0","no battery","V"
"07/13/2019","06:07:44","9","default","116269760","OXY_CH9","0.772","min","217.952","μmol/L","Humid","22.343","deg","120044","µV","19.985","°C","1012.000","hPa","36.5","pmil","0","55.690","deg","20.000","°C","100.000","%a.s.","22.400","deg","20.000","°C","962.000","hPa","0.861","-0.02617","0.00035","0","0","13.56","Humid","35.35","0","78.50","297189.60","SABD0002000014","AAV2.0.0.13","3.0.1.1413","PSt7-10","180509-002","6/18/2019 6:15:17 AM","0000-00","0","no battery","V"
"07/13/2019","06:07:45","9","default","116269760","OXY_CH9","0.789","min","217.950","μmol/L","Humid","22.341","deg","120033","µV","19.991","°C","1012.000","hPa","36.5","pmil","0","55.690","deg","20.000","°C","100.000","%a.s.","22.400","deg","20.000","°C","962.000","hPa","0.861","-0.02617","0.00035","0","0","13.56","Humid","35.35","0","78.50","297210.17","SABD0002000014","AAV2.0.0.13","3.0.1.1413","PSt7-10","180509-002","6/18/2019 6:15:17 AM","0000-00","0","no battery","V"
"07/13/2019","06:07:46","9","default","116269760","OXY_CH9","0.806","min","217.986","μmol/L","Humid","22.337","deg","120006","µV","19.997","°C","1012.000","hPa","36.5","pmil","0","55.690","deg","20.000","°C","100.000","%a.s.","22.400","deg","20.000","°C","962.000","hPa","0.861","-0.02617","0.00035","0","0","13.56","Humid","35.35","0","78.50","297192.94","SABD0002000014","AAV2.0.0.13","3.0.1.1413","PSt7-10","180509-002","6/18/2019 6:15:17 AM","0000-00","0","no battery","V"
"07/13/2019","06:07:47","9","default","116269760","OXY_CH9","0.822","min","218.087","μmol/L","Humid","22.336","deg","120004","µV","19.985","°C","1013.000","hPa","36.5","pmil","0","55.690","deg","20.000","°C","100.000","%a.s.","22.400","deg","20.000","°C","962.000","hPa","0.861","-0.02617","0.00035","0","0","13.56","Humid","35.35","0","78.50","297206.50","SABD0002000014","AAV2.0.0.13","3.0.1.1413","PSt7-10","180509-002","6/18/2019 6:15:17 AM","0000-00","0","no battery","V"
"07/13/2019","06:07:48","9","default","116269760","OXY_CH9","0.838","min","218.030","μmol/L","Humid","22.337","deg","119979","µV","19.991","°C","1013.000","hPa","36.5","pmil","0","55.690","deg","20.000","°C","100.000","%a.s.","22.400","deg","20.000","°C","962.000","hPa","0.861","-0.02617","0.00035","0","0","13.56","Humid","35.35","0","78.50","297190.66","SABD0002000014","AAV2.0.0.13","3.0.1.1413","PSt7-10","180509-002","6/18/2019 6:15:17 AM","0000-00","0","no battery","V"
"07/13/2019","06:07:49","9","default","116269760","OXY_CH9","0.856","min","218.118","μmol/L","Humid","22.332","deg","119970","µV","19.991","°C","1012.000","hPa","36.5","pmil","0","55.690","deg","20.000","°C","100.000","%a.s.","22.400","deg","20.000","°C","962.000","hPa","0.861","-0.02617","0.00035","0","0","13.56","Humid","35.35","0","78.50","297202.24","SABD0002000014","AAV2.0.0.13","3.0.1.1413","PSt7-10","180509-002","6/18/2019 6:15:17 AM","0000-00","0","no battery","V"
"07/13/2019","06:07:50","9","default","116269760","OXY_CH9","0.872","min","218.137","μmol/L","Humid","22.331","deg","119953","µV","19.991","°C","1012.000","hPa","36.5","pmil","0","55.690","deg","20.000","°C","100.000","%a.s.","22.400","deg","20.000","°C","962.000","hPa","0.861","-0.02617","0.00035","0","0","13.56","Humid","35.35","0","78.50","297193.76","SABD0002000014","AAV2.0.0.13","3.0.1.1413","PSt7-10","180509-002","6/18/2019 6:15:17 AM","0000-00","0","no battery","V"
"07/13/2019","06:07:51","9","default","116269760","OXY_CH9","0.889","min","218.104","μmol/L","Humid","22.331","deg","119937","µV","19.997","°C","1013.000","hPa","36.5","pmil","0","55.690","deg","20.000","°C","100.000","%a.s.","22.400","deg","20.000","°C","962.000","hPa","0.861","-0.02617","0.00035","0","0","13.56","Humid","35.35","0","78.50","297193.14","SABD0002000014","AAV2.0.0.13","3.0.1.1413","PSt7-10","180509-002","6/18/2019 6:15:17 AM","0000-00","0","no battery","V"
"07/13/2019","06:07:52","9","default","116269760","OXY_CH9","0.905","min","218.160","μmol/L","Humid","22.328","deg","119922","µV","19.997","°C","1013.000","hPa","36.5","pmil","0","55.690","deg","20.000","°C","100.000","%a.s.","22.400","deg","20.000","°C","962.000","hPa","0.861","-0.02617","0.00035","0","0","13.56","Humid","35.35","0","78.50","297187.98","SABD0002000014","AAV2.0.0.13","3.0.1.1413","PSt7-10","180509-002","6/18/2019 6:15:17 AM","0000-00","0","no battery","V"
"07/13/2019","06:07:53","9","default","116269760","OXY_CH9","0.923","min","218.268","μmol/L","Humid","22.324","deg","119908","µV","19.991","°C","1012.000","hPa","36.5","pmil","0","55.690","deg","20.000","°C","100.000","%a.s.","22.400","deg","20.000","°C","962.000","hPa","0.861","-0.02617","0.00035","0","0","13.56","Humid","35.35","0","78.50","297186.30","SABD0002000014","AAV2.0.0.13","3.0.1.1413","PSt7-10","180509-002","6/18/2019 6:15:17 AM","0000-00","0","no battery","V"
"07/13/2019","06:07:54","9","default","116269760","OXY_CH9","0.939","min","218.173","μmol/L","Humid","22.327","deg","119893","µV","19.997","°C","1012.000","hPa","36.5","pmil","0","55.690","deg","20.000","°C","100.000","%a.s.","22.400","deg","20.000","°C","962.000","hPa","0.861","-0.02617","0.00035","0","0","13.56","Humid","35.35","0","78.50","297184.90","SABD0002000014","AAV2.0.0.13","3.0.1.1413","PSt7-10","180509-002","6/18/2019 6:15:17 AM","0000-00","0","no battery","V"
"07/13/2019","06:07:55","9","default","116269760","OXY_CH9","0.955","min","218.248","μmol/L","Humid","22.323","deg","119872","µV","19.997","°C","1012.000","hPa","36.5","pmil","0","55.690","deg","20.000","°C","100.000","%a.s.","22.400","deg","20.000","°C","962.000","hPa","0.861","-0.02617","0.00035","0","0","13.56","Humid","35.35","0","78.50","297174.97","SABD0002000014","AAV2.0.0.13","3.0.1.1413","PSt7-10","180509-002","6/18/2019 6:15:17 AM","0000-00","0","no battery","V"
"07/13/2019","06:07:56","9","default","116269760","OXY_CH9","0.973","min","218.363","μmol/L","Humid","22.321","deg","119867","µV","19.985","°C","1012.000","hPa","36.5","pmil","0","55.690","deg","20.000","°C","100.000","%a.s.","22.400","deg","20.000","°C","962.000","hPa","0.861","-0.02617","0.00035","0","0","13.56","Humid","35.35","0","78.50","297159.20","SABD0002000014","AAV2.0.0.13","3.0.1.1413","PSt7-10","180509-002","6/18/2019 6:15:17 AM","0000-00","0","no battery","V"
"07/13/2019","06:07:57","9","default","116269760","OXY_CH9","0.989","min","218.292","μmol/L","Humid","22.323","deg","119860","µV","19.991","°C","1013.000","hPa","36.5","pmil","0","55.690","deg","20.000","°C","100.000","%a.s.","22.400","deg","20.000","°C","962.000","hPa","0.861","-0.02617","0.00035","0","0","13.56","Humid","35.35","0","78.50","297169.02","SABD0002000014","AAV2.0.0.13","3.0.1.1413","PSt7-10","180509-002","6/18/2019 6:15:17 AM","0000-00","0","no battery","V"
"07/13/2019","06:07:58","9","default","116269760","OXY_CH9","1.005","min","218.346","μmol/L","Humid","22.318","deg","119839","µV","19.997","°C","1013.000","hPa","36.5","pmil","0","55.690","deg","20.000","°C","100.000","%a.s.","22.400","deg","20.000","°C","962.000","hPa","0.861","-0.02617","0.00035","0","0","13.56","Humid","35.35","0","78.50","297172.48","SABD0002000014","AAV2.0.0.13","3.0.1.1413","PSt7-10","180509-002","6/18/2019 6:15:17 AM","0000-00","0","no battery","V"
"07/13/2019","06:07:59","9","default","116269760","OXY_CH9","1.022","min","218.360","μmol/L","Humid","22.317","deg","119825","µV","19.997","°C","1012.000","hPa","36.5","pmil","0","55.690","deg","20.000","°C","100.000","%a.s.","22.400","deg","20.000","°C","962.000","hPa","0.861","-0.02617","0.00035","0","0","13.56","Humid","35.35","0","78.50","297162.15","SABD0002000014","AAV2.0.0.13","3.0.1.1413","PSt7-10","180509-002","6/18/2019 6:15:17 AM","0000-00","0","no battery","V"
"07/13/2019","06:08:00","9","default","116269760","OXY_CH9","1.039","min","218.435","μmol/L","Humid","22.313","deg","119810","µV","19.997","°C","1012.000","hPa","36.5","pmil","0","55.690","deg","20.000","°C","100.000","%a.s.","22.400","deg","20.000","°C","962.000","hPa","0.861","-0.02617","0.00035","0","0","13.56","Humid","35.35","0","78.50","297166.31","SABD0002000014","AAV2.0.0.13","3.0.1.1413","PSt7-10","180509-002","6/18/2019 6:15:17 AM","0000-00","0","no battery","V"
"07/13/2019","06:08:01","9","default","116269760","OXY_CH9","1.056","min","218.511","μmol/L","Humid","22.311","deg","119802","µV","19.991","°C","1012.000","hPa","36.5","pmil","0","55.690","deg","20.000","°C","100.000","%a.s.","22.400","deg","20.000","°C","962.000","hPa","0.861","-0.02617","0.00035","0","0","13.56","Humid","35.35","0","78.50","297174.50","SABD0002000014","AAV2.0.0.13","3.0.1.1413","PSt7-10","180509-002","6/18/2019 6:15:17 AM","0000-00","0","no battery","V"
"07/13/2019","06:08:02","9","default","116269760","OXY_CH9","1.072","min","218.510","μmol/L","Humid","22.309","deg","119790","µV","19.997","°C","1012.000","hPa","36.5","pmil","0","55.690","deg","20.000","°C","100.000","%a.s.","22.400","deg","20.000","°C","962.000","hPa","0.861","-0.02617","0.00035","0","0","13.56","Humid","35.35","0","78.50","297180.71","SABD0002000014","AAV2.0.0.13","3.0.1.1413","PSt7-10","180509-002","6/18/2019 6:15:17 AM","0000-00","0","no battery","V"
"07/13/2019","06:08:03","9","default","116269760","OXY_CH9","1.089","min","218.459","μmol/L","Humid","22.312","deg","119780","µV","19.997","°C","1013.000","hPa","36.5","pmil","0","55.690","deg","20.000","°C","100.000","%a.s.","22.400","deg","20.000","°C","962.000","hPa","0.861","-0.02617","0.00035","0","0","13.56","Humid","35.35","0","78.50","297167.45","SABD0002000014","AAV2.0.0.13","3.0.1.1413","PSt7-10","180509-002","6/18/2019 6:15:17 AM","0000-00","0","no battery","V"
"07/13/2019","06:08:04","9","default","116269760","OXY_CH9","1.105","min","218.434","μmol/L","Humid","22.311","deg","119772","µV","20.003","°C","1012.000","hPa","36.5","pmil","0","55.690","deg","20.000","°C","100.000","%a.s.","22.400","deg","20.000","°C","962.000","hPa","0.861","-0.02617","0.00035","0","0","13.56","Humid","35.35","0","78.50","297161.73","SABD0002000014","AAV2.0.0.13","3.0.1.1413","PSt7-10","180509-002","6/18/2019 6:15:17 AM","0000-00","0","no battery","V"
"07/13/2019","06:08:05","9","default","116269760","OXY_CH9","1.123","min","218.591","μmol/L","Humid","22.307","deg","119753","µV","19.991","°C","1013.000","hPa","36.5","pmil","0","55.690","deg","20.000","°C","100.000","%a.s.","22.400","deg","20.000","°C","962.000","hPa","0.861","-0.02617","0.00035","0","0","13.56","Humid","35.35","0","78.50","297158.97","SABD0002000014","AAV2.0.0.13","3.0.1.1413","PSt7-10","180509-002","6/18/2019 6:15:17 AM","0000-00","0","no battery","V"
"07/13/2019","06:08:06","9","default","116269760","OXY_CH9","1.139","min","218.622","μmol/L","Humid","22.303","deg","119740","µV","19.997","°C","1012.000","hPa","36.5","pmil","0","55.690","deg","20.000","°C","100.000","%a.s.","22.400","deg","20.000","°C","962.000","hPa","0.861","-0.02617","0.00035","0","0","13.56","Humid","35.35","0","78.50","297157.30","SABD0002000014","AAV2.0.0.13","3.0.1.1413","PSt7-10","180509-002","6/18/2019 6:15:17 AM","0000-00","0","no battery","V"
"07/13/2019","06:08:07","9","default","116269760","OXY_CH9","1.156","min","218.589","μmol/L","Humid","22.303","deg","119733","µV","20.003","°C","1013.000","hPa","36.5","pmil","0","55.690","deg","20.000","°C","100.000","%a.s.","22.400","deg","20.000","°C","962.000","hPa","0.861","-0.02617","0.00035","0","0","13.56","Humid","35.35","0","78.50","297168.72","SABD0002000014","AAV2.0.0.13","3.0.1.1413","PSt7-10","180509-002","6/18/2019 6:15:17 AM","0000-00","0","no battery","V"
"07/13/2019","06:08:08","9","default","116269760","OXY_CH9","1.172","min","218.665","μmol/L","Humid","22.301","deg","119715","µV","19.997","°C","1013.000","hPa","36.5","pmil","0","55.690","deg","20.000","°C","100.000","%a.s.","22.400","deg","20.000","°C","962.000","hPa","0.861","-0.02617","0.00035","0","0","13.56","Humid","35.35","0","78.50","297143.43","SABD0002000014","AAV2.0.0.13","3.0.1.1413","PSt7-10","180509-002","6/18/2019 6:15:17 AM","0000-00","0","no battery","V"
"07/13/2019","06:08:09","9","default","116269760","OXY_CH9","1.189","min","218.702","μmol/L","Humid","22.299","deg","119698","µV","19.997","°C","1013.000","hPa","36.5","pmil","0","55.690","deg","20.000","°C","100.000","%a.s.","22.400","deg","20.000","°C","962.000","hPa","0.861","-0.02617","0.00035","0","0","13.56","Humid","35.35","0","78.50","297153.38","SABD0002000014","AAV2.0.0.13","3.0.1.1413","PSt7-10","180509-002","6/18/2019 6:15:17 AM","0000-00","0","no battery","V"
"07/13/2019","06:08:10","9","default","116269760","OXY_CH9","1.205","min","218.722","μmol/L","Humid","22.300","deg","119679","µV","19.991","°C","1013.000","hPa","36.5","pmil","0","55.690","deg","20.000","°C","100.000","%a.s.","22.400","deg","20.000","°C","962.000","hPa","0.861","-0.02617","0.00035","0","0","13.56","Humid","35.35","0","78.50","297154.95","SABD0002000014","AAV2.0.0.13","3.0.1.1413","PSt7-10","180509-002","6/18/2019 6:15:17 AM","0000-00","0","no battery","V"
"07/13/2019","06:08:11","9","default","116269760","OXY_CH9","1.222","min","218.697","μmol/L","Humid","22.299","deg","119677","µV","19.997","°C","1012.000","hPa","36.5","pmil","0","55.690","deg","20.000","°C","100.000","%a.s.","22.400","deg","20.000","°C","962.000","hPa","0.861","-0.02617","0.00035","0","0","13.56","Humid","35.35","0","78.50","297162.40","SABD0002000014","AAV2.0.0.13","3.0.1.1413","PSt7-10","180509-002","6/18/2019 6:15:17 AM","0000-00","0","no battery","V"
"07/13/2019","06:08:12","9","default","116269760","OXY_CH9","1.239","min","218.753","μmol/L","Humid","22.296","deg","119657","µV","19.997","°C","1012.000","hPa","36.5","pmil","0","55.690","deg","20.000","°C","100.000","%a.s.","22.400","deg","20.000","°C","962.000","hPa","0.861","-0.02617","0.00035","0","0","13.56","Humid","35.35","0","78.50","297141.38","SABD0002000014","AAV2.0.0.13","3.0.1.1413","PSt7-10","180509-002","6/18/2019 6:15:17 AM","0000-00","0","no battery","V"
"07/13/2019","06:08:13","9","default","116269760","OXY_CH9","1.256","min","218.752","μmol/L","Humid","22.294","deg","119650","µV","20.003","°C","1012.000","hPa","36.5","pmil","0","55.690","deg","20.000","°C","100.000","%a.s.","22.400","deg","20.000","°C","962.000","hPa","0.861","-0.02617","0.00035","0","0","13.56","Humid","35.35","0","78.50","297147.61","SABD0002000014","AAV2.0.0.13","3.0.1.1413","PSt7-10","180509-002","6/18/2019 6:15:17 AM","0000-00","0","no battery","V"
"07/13/2019","06:08:14","9","default","116269760","OXY_CH9","1.272","min","218.833","μmol/L","Humid","22.292","deg","119639","µV","19.997","°C","1013.000","hPa","36.5","pmil","0","55.690","deg","20.000","°C","100.000","%a.s.","22.400","deg","20.000","°C","962.000","hPa","0.861","-0.02617","0.00035","0","0","13.56","Humid","35.35","0","78.50","297143.40","SABD0002000014","AAV2.0.0.13","3.0.1.1413","PSt7-10","180509-002","6/18/2019 6:15:17 AM","0000-00","0","no battery","V"
"07/13/2019","06:08:15","9","default","116269760","OXY_CH9","1.289","min","218.807","μmol/L","Humid","22.289","deg","119624","µV","20.009","°C","1012.000","hPa","36.5","pmil","0","55.690","deg","20.000","°C","100.000","%a.s.","22.400","deg","20.000","°C","962.000","hPa","0.861","-0.02617","0.00035","0","0","13.56","Humid","35.35","0","78.50","297150.51","SABD0002000014","AAV2.0.0.13","3.0.1.1413","PSt7-10","180509-002","6/18/2019 6:15:17 AM","0000-00","0","no battery","V"
"07/13/2019","06:08:16","9","default","116269760","OXY_CH9","1.305","min","218.907","μmol/L","Humid","22.286","deg","119602","µV","20.003","°C","1013.000","hPa","36.5","pmil","0","55.690","deg","20.000","°C","100.000","%a.s.","22.400","deg","20.000","°C","962.000","hPa","0.861","-0.02617","0.00035","0","0","13.56","Humid","35.35","0","78.50","297138.59","SABD0002000014","AAV2.0.0.13","3.0.1.1413","PSt7-10","180509-002","6/18/2019 6:15:17 AM","0000-00","0","no battery","V"
"07/13/2019","06:08:17","9","default","116269760","OXY_CH9","1.322","min","218.902","μmol/L","Humid","22.286","deg","119594","µV","20.003","°C","1012.000","hPa","36.5","pmil","0","55.690","deg","20.000","°C","100.000","%a.s.","22.400","deg","20.000","°C","962.000","hPa","0.861","-0.02617","0.00035","0","0","13.56","Humid","35.35","0","78.50","297144.71","SABD0002000014","AAV2.0.0.13","3.0.1.1413","PSt7-10","180509-002","6/18/2019 6:15:17 AM","0000-00","0","no battery","V"
"07/13/2019","06:08:18","9","default","116269760","OXY_CH9","1.339","min","218.977","μmol/L","Humid","22.282","deg","119580","µV","20.003","°C","1012.000","hPa","36.5","pmil","0","55.690","deg","20.000","°C","100.000","%a.s.","22.400","deg","20.000","°C","962.000","hPa","0.861","-0.02617","0.00035","0","0","13.56","Humid","35.35","0","78.50","297137.63","SABD0002000014","AAV2.0.0.13","3.0.1.1413","PSt7-10","180509-002","6/18/2019 6:15:17 AM","0000-00","0","no battery","V"
"07/13/2019","06:08:19","9","default","116269760","OXY_CH9","1.356","min","219.054","μmol/L","Humid","22.280","deg","119561","µV","19.997","°C","1012.000","hPa","36.5","pmil","0","55.690","deg","20.000","°C","100.000","%a.s.","22.400","deg","20.000","°C","962.000","hPa","0.861","-0.02617","0.00035","0","0","13.56","Humid","35.35","0","78.50","297114.58","SABD0002000014","AAV2.0.0.13","3.0.1.1413","PSt7-10","180509-002","6/18/2019 6:15:17 AM","0000-00","0","no battery","V"
"07/13/2019","06:08:20","9","default","116269760","OXY_CH9","1.372","min","219.015","μmol/L","Humid","22.280","deg","119543","µV","20.003","°C","1012.000","hPa","36.5","pmil","0","55.690","deg","20.000","°C","100.000","%a.s.","22.400","deg","20.000","°C","962.000","hPa","0.861","-0.02617","0.00035","0","0","13.56","Humid","35.35","0","78.50","297117.98","SABD0002000014","AAV2.0.0.13","3.0.1.1413","PSt7-10","180509-002","6/18/2019 6:15:17 AM","0000-00","0","no battery","V"
"07/13/2019","06:08:21","9","default","116269760","OXY_CH9","1.389","min","219.090","μmol/L","Humid","22.276","deg","119535","µV","20.003","°C","1012.000","hPa","36.5","pmil","0","55.690","deg","20.000","°C","100.000","%a.s.","22.400","deg","20.000","°C","962.000","hPa","0.861","-0.02617","0.00035","0","0","13.56","Humid","35.35","0","78.50","297124.74","SABD0002000014","AAV2.0.0.13","3.0.1.1413","PSt7-10","180509-002","6/18/2019 6:15:17 AM","0000-00","0","no battery","V"
"07/13/2019","06:08:22","9","default","116269760","OXY_CH9","1.406","min","219.115","μmol/L","Humid","22.277","deg","119525","µV","19.997","°C","1013.000","hPa","36.5","pmil","0","55.690","deg","20.000","°C","100.000","%a.s.","22.400","deg","20.000","°C","962.000","hPa","0.861","-0.02617","0.00035","0","0","13.56","Humid","35.35","0","78.50","297119.57","SABD0002000014","AAV2.0.0.13","3.0.1.1413","PSt7-10","180509-002","6/18/2019 6:15:17 AM","0000-00","0","no battery","V"
"07/13/2019","06:08:23","9","default","116269760","OXY_CH9","1.422","min","219.153","μmol/L","Humid","22.275","deg","119503","µV","19.997","°C","1013.000","hPa","36.5","pmil","0","55.690","deg","20.000","°C","100.000","%a.s.","22.400","deg","20.000","°C","962.000","hPa","0.861","-0.02617","0.00035","0","0","13.56","Humid","35.35","0","78.50","297113.07","SABD0002000014","AAV2.0.0.13","3.0.1.1413","PSt7-10","180509-002","6/18/2019 6:15:17 AM","0000-00","0","no battery","V"
"07/13/2019","06:08:24","9","default","116269760","OXY_CH9","1.439","min","219.223","μmol/L","Humid","22.271","deg","119492","µV","19.997","°C","1012.000","hPa","36.5","pmil","0","55.690","deg","20.000","°C","100.000","%a.s.","22.400","deg","20.000","°C","962.000","hPa","0.861","-0.02617","0.00035","0","0","13.56","Humid","35.35","0","78.50","297119.48","SABD0002000014","AAV2.0.0.13","3.0.1.1413","PSt7-10","180509-002","6/18/2019 6:15:17 AM","0000-00","0","no battery","V"
"07/13/2019","06:08:25","9","default","116269760","OXY_CH9","1.456","min","219.204","μmol/L","Humid","22.272","deg","119495","µV","19.997","°C","1012.000","hPa","36.5","pmil","0","55.690","deg","20.000","°C","100.000","%a.s.","22.400","deg","20.000","°C","962.000","hPa","0.861","-0.02617","0.00035","0","0","13.56","Humid","35.35","0","78.50","297119.52","SABD0002000014","AAV2.0.0.13","3.0.1.1413","PSt7-10","180509-002","6/18/2019 6:15:17 AM","0000-00","0","no battery","V"
"07/13/2019","06:08:26","9","default","116269760","OXY_CH9","1.472","min","219.164","μmol/L","Humid","22.270","deg","119476","µV","20.009","°C","1012.000","hPa","36.5","pmil","0","55.690","deg","20.000","°C","100.000","%a.s.","22.400","deg","20.000","°C","962.000","hPa","0.861","-0.02617","0.00035","0","0","13.56","Humid","35.35","0","78.50","297117.82","SABD0002000014","AAV2.0.0.13","3.0.1.1413","PSt7-10","180509-002","6/18/2019 6:15:17 AM","0000-00","0","no battery","V"
"07/13/2019","06:08:27","9","default","116269760","OXY_CH9","1.489","min","219.126","μmol/L","Humid","22.272","deg","119467","µV","20.009","°C","1012.000","hPa","36.5","pmil","0","55.690","deg","20.000","°C","100.000","%a.s.","22.400","deg","20.000","°C","962.000","hPa","0.861","-0.02617","0.00035","0","0","13.56","Humid","35.35","0","78.50","297108.59","SABD0002000014","AAV2.0.0.13","3.0.1.1413","PSt7-10","180509-002","6/18/2019 6:15:17 AM","0000-00","0","no battery","V"
"07/13/2019","06:08:28","9","default","116269760","OXY_CH9","1.505","min","219.207","μmol/L","Humid","22.268","deg","119453","µV","20.009","°C","1013.000","hPa","36.5","pmil","0","55.690","deg","20.000","°C","100.000","%a.s.","22.400","deg","20.000","°C","962.000","hPa","0.861","-0.02617","0.00035","0","0","13.56","Humid","35.35","0","78.50","297110.53","SABD0002000014","AAV2.0.0.13","3.0.1.1413","PSt7-10","180509-002","6/18/2019 6:15:17 AM","0000-00","0","no battery","V"
"07/13/2019","06:08:29","9","default","116269760","OXY_CH9","1.522","min","219.378","μmol/L","Humid","22.263","deg","119443","µV","19.997","°C","1013.000","hPa","36.5","pmil","0","55.690","deg","20.000","°C","100.000","%a.s.","22.400","deg","20.000","°C","962.000","hPa","0.861","-0.02617","0.00035","0","0","13.56","Humid","35.35","0","78.50","297103.59","SABD0002000014","AAV2.0.0.13","3.0.1.1413","PSt7-10","180509-002","6/18/2019 6:15:17 AM","0000-00","0","no battery","V"
"07/13/2019","06:08:30","9","default","116269760","OXY_CH9","1.539","min","219.359","μmol/L","Humid","22.264","deg","119434","µV","19.997","°C","1013.000","hPa","36.5","pmil","0","55.690","deg","20.000","°C","100.000","%a.s.","22.400","deg","20.000","°C","962.000","hPa","0.861","-0.02617","0.00035","0","0","13.56","Humid","35.35","0","78.50","297121.42","SABD0002000014","AAV2.0.0.13","3.0.1.1413","PSt7-10","180509-002","6/18/2019 6:15:17 AM","0000-00","0","no battery","V"
"07/13/2019","06:08:31","9","default","116269760","OXY_CH9","1.556","min","219.411","μmol/L","Humid","22.261","deg","119432","µV","19.997","°C","1012.000","hPa","36.5","pmil","0","55.690","deg","20.000","°C","100.000","%a.s.","22.400","deg","20.000","°C","962.000","hPa","0.861","-0.02617","0.00035","0","0","13.56","Humid","35.35","0","78.50","297105.06","SABD0002000014","AAV2.0.0.13","3.0.1.1413","PSt7-10","180509-002","6/18/2019 6:15:17 AM","0000-00","0","no battery","V"
"07/13/2019","06:08:32","9","default","116269760","OXY_CH9","1.572","min","219.354","μmol/L","Humid","22.264","deg","119406","µV","19.997","°C","1012.000","hPa","36.5","pmil","0","55.690","deg","20.000","°C","100.000","%a.s.","22.400","deg","20.000","°C","962.000","hPa","0.861","-0.02617","0.00035","0","0","13.56","Humid","35.35","0","78.50","297098.41","SABD0002000014","AAV2.0.0.13","3.0.1.1413","PSt7-10","180509-002","6/18/2019 6:15:17 AM","0000-00","0","no battery","V"
"07/13/2019","06:08:33","9","default","116269760","OXY_CH9","1.589","min","219.397","μmol/L","Humid","22.262","deg","119410","µV","19.997","°C","1013.000","hPa","36.5","pmil","0","55.690","deg","20.000","°C","100.000","%a.s.","22.400","deg","20.000","°C","962.000","hPa","0.861","-0.02617","0.00035","0","0","13.56","Humid","35.35","0","78.50","297116.26","SABD0002000014","AAV2.0.0.13","3.0.1.1413","PSt7-10","180509-002","6/18/2019 6:15:17 AM","0000-00","0","no battery","V"
"07/13/2019","06:08:34","9","default","116269760","OXY_CH9","1.605","min","219.334","μmol/L","Humid","22.263","deg","119401","µV","20.003","°C","1012.000","hPa","36.5","pmil","0","55.690","deg","20.000","°C","100.000","%a.s.","22.400","deg","20.000","°C","962.000","hPa","0.861","-0.02617","0.00035","0","0","13.56","Humid","35.35","0","78.50","297086.98","SABD0002000014","AAV2.0.0.13","3.0.1.1413","PSt7-10","180509-002","6/18/2019 6:15:17 AM","0000-00","0","no battery","V"
"07/13/2019","06:08:35","9","default","116269760","OXY_CH9","1.622","min","219.428","μmol/L","Humid","22.258","deg","119391","µV","20.003","°C","1012.000","hPa","36.5","pmil","0","55.690","deg","20.000","°C","100.000","%a.s.","22.400","deg","20.000","°C","962.000","hPa","0.861","-0.02617","0.00035","0","0","13.56","Humid","35.35","0","78.50","297118.79","SABD0002000014","AAV2.0.0.13","3.0.1.1413","PSt7-10","180509-002","6/18/2019 6:15:17 AM","0000-00","0","no battery","V"
"07/13/2019","06:08:36","9","default","116269760","OXY_CH9","1.639","min","219.466","μmol/L","Humid","22.256","deg","119371","µV","20.003","°C","1012.000","hPa","36.5","pmil","0","55.690","deg","20.000","°C","100.000","%a.s.","22.400","deg","20.000","°C","962.000","hPa","0.861","-0.02617","0.00035","0","0","13.56","Humid","35.35","0","78.50","297104.90","SABD0002000014","AAV2.0.0.13","3.0.1.1413","PSt7-10","180509-002","6/18/2019 6:15:17 AM","0000-00","0","no battery","V"
"07/13/2019","06:08:37","9","default","116269760","OXY_CH9","1.655","min","219.508","μmol/L","Humid","22.252","deg","119360","µV","20.009","°C","1013.000","hPa","36.5","pmil","0","55.690","deg","20.000","°C","100.000","%a.s.","22.400","deg","20.000","°C","962.000","hPa","0.861","-0.02617","0.00035","0","0","13.56","Humid","35.35","0","78.50","297098.66","SABD0002000014","AAV2.0.0.13","3.0.1.1413","PSt7-10","180509-002","6/18/2019 6:15:17 AM","0000-00","0","no battery","V"
"07/13/2019","06:08:38","9","default","116269760","OXY_CH9","1.673","min","219.528","μmol/L","Humid","22.253","deg","119347","µV","20.003","°C","1013.000","hPa","36.5","pmil","0","55.690","deg","20.000","°C","100.000","%a.s.","22.400","deg","20.000","°C","962.000","hPa","0.861","-0.02617","0.00035","0","0","13.56","Humid","35.35","0","78.50","297103.90","SABD0002000014","AAV2.0.0.13","3.0.1.1413","PSt7-10","180509-002","6/18/2019 6:15:17 AM","0000-00","0","no battery","V"
"07/13/2019","06:08:39","9","default","116269760","OXY_CH9","1.689","min","219.485","μmol/L","Humid","22.255","deg","119337","µV","20.003","°C","1012.000","hPa","36.5","pmil","0","55.690","deg","20.000","°C","100.000","%a.s.","22.400","deg","20.000","°C","962.000","hPa","0.861","-0.02617","0.00035","0","0","13.56","Humid","35.35","0","78.50","297110.69","SABD0002000014","AAV2.0.0.13","3.0.1.1413","PSt7-10","180509-002","6/18/2019 6:15:17 AM","0000-00","0","no battery","V"
"07/13/2019","06:08:40","9","default","116269760","OXY_CH9","1.705","min","219.508","μmol/L","Humid","22.252","deg","119335","µV","20.009","°C","1013.000","hPa","36.5","pmil","0","55.690","deg","20.000","°C","100.000","%a.s.","22.400","deg","20.000","°C","962.000","hPa","0.861","-0.02617","0.00035","0","0","13.56","Humid","35.35","0","78.50","297110.06","SABD0002000014","AAV2.0.0.13","3.0.1.1413","PSt7-10","180509-002","6/18/2019 6:15:17 AM","0000-00","0","no battery","V"
"07/13/2019","06:08:41","9","default","116269760","OXY_CH9","1.722","min","219.602","μmol/L","Humid","22.247","deg","119320","µV","20.009","°C","1013.000","hPa","36.5","pmil","0","55.690","deg","20.000","°C","100.000","%a.s.","22.400","deg","20.000","°C","962.000","hPa","0.861","-0.02617","0.00035","0","0","13.56","Humid","35.35","0","78.50","297098.75","SABD0002000014","AAV2.0.0.13","3.0.1.1413","PSt7-10","180509-002","6/18/2019 6:15:17 AM","0000-00","0","no battery","V"
"07/13/2019","06:08:42","9","default","116269760","OXY_CH9","1.739","min","219.583","μmol/L","Humid","22.248","deg","119309","µV","20.009","°C","1013.000","hPa","36.5","pmil","0","55.690","deg","20.000","°C","100.000","%a.s.","22.400","deg","20.000","°C","962.000","hPa","0.861","-0.02617","0.00035","0","0","13.56","Humid","35.35","0","78.50","297088.61","SABD0002000014","AAV2.0.0.13","3.0.1.1413","PSt7-10","180509-002","6/18/2019 6:15:17 AM","0000-00","0","no battery","V"
"07/13/2019","06:08:43","9","default","116269760","OXY_CH9","1.756","min","219.660","μmol/L","Humid","22.246","deg","119309","µV","20.003","°C","1013.000","hPa","36.5","pmil","0","55.690","deg","20.000","°C","100.000","%a.s.","22.400","deg","20.000","°C","962.000","hPa","0.861","-0.02617","0.00035","0","0","13.56","Humid","35.35","0","78.50","297104.82","SABD0002000014","AAV2.0.0.13","3.0.1.1413","PSt7-10","180509-002","6/18/2019 6:15:17 AM","0000-00","0","no battery","V"
"07/13/2019","06:08:44","9","default","116269760","OXY_CH9","1.772","min","219.641","μmol/L","Humid","22.247","deg","119292","µV","20.003","°C","1013.000","hPa","36.5","pmil","0","55.690","deg","20.000","°C","100.000","%a.s.","22.400","deg","20.000","°C","962.000","hPa","0.861","-0.02617","0.00035","0","0","13.56","Humid","35.35","0","78.50","297102.85","SABD0002000014","AAV2.0.0.13","3.0.1.1413","PSt7-10","180509-002","6/18/2019 6:15:17 AM","0000-00","0","no battery","V"
"07/13/2019","06:08:45","9","default","116269760","OXY_CH9","1.789","min","219.697","μmol/L","Humid","22.244","deg","119278","µV","20.003","°C","1013.000","hPa","36.5","pmil","0","55.690","deg","20.000","°C","100.000","%a.s.","22.400","deg","20.000","°C","962.000","hPa","0.861","-0.02617","0.00035","0","0","13.56","Humid","35.35","0","78.50","297080.44","SABD0002000014","AAV2.0.0.13","3.0.1.1413","PSt7-10","180509-002","6/18/2019 6:15:17 AM","0000-00","0","no battery","V"
"07/13/2019","06:08:46","9","default","116269760","OXY_CH9","1.806","min","219.749","μmol/L","Humid","22.241","deg","119268","µV","20.003","°C","1012.000","hPa","36.5","pmil","0","55.690","deg","20.000","°C","100.000","%a.s.","22.400","deg","20.000","°C","962.000","hPa","0.861","-0.02617","0.00035","0","0","13.56","Humid","35.35","0","78.50","297089.50","SABD0002000014","AAV2.0.0.13","3.0.1.1413","PSt7-10","180509-002","6/18/2019 6:15:17 AM","0000-00","0","no battery","V"
"07/13/2019","06:08:47","9","default","116269760","OXY_CH9","1.822","min","219.766","μmol/L","Humid","22.238","deg","119258","µV","20.009","°C","1012.000","hPa","36.5","pmil","0","55.690","deg","20.000","°C","100.000","%a.s.","22.400","deg","20.000","°C","962.000","hPa","0.861","-0.02617","0.00035","0","0","13.56","Humid","35.35","0","78.50","297081.25","SABD0002000014","AAV2.0.0.13","3.0.1.1413","PSt7-10","180509-002","6/18/2019 6:15:17 AM","0000-00","0","no battery","V"
"07/13/2019","06:08:48","9","default","116269760","OXY_CH9","1.839","min","219.753","μmol/L","Humid","22.239","deg","119245","µV","20.009","°C","1013.000","hPa","36.5","pmil","0","55.690","deg","20.000","°C","100.000","%a.s.","22.400","deg","20.000","°C","962.000","hPa","0.861","-0.02617","0.00035","0","0","13.56","Humid","35.35","0","78.50","297078.48","SABD0002000014","AAV2.0.0.13","3.0.1.1413","PSt7-10","180509-002","6/18/2019 6:15:17 AM","0000-00","0","no battery","V"
"07/13/2019","06:08:49","9","default","116269760","OXY_CH9","1.855","min","219.773","μmol/L","Humid","22.240","deg","119229","µV","20.003","°C","1013.000","hPa","36.5","pmil","0","55.690","deg","20.000","°C","100.000","%a.s.","22.400","deg","20.000","°C","962.000","hPa","0.861","-0.02617","0.00035","0","0","13.56","Humid","35.35","0","78.50","297078.66","SABD0002000014","AAV2.0.0.13","3.0.1.1413","PSt7-10","180509-002","6/18/2019 6:15:17 AM","0000-00","0","no battery","V"
"07/13/2019","06:08:50","9","default","116269760","OXY_CH9","1.872","min","219.805","μmol/L","Humid","22.238","deg","119222","µV","20.003","°C","1012.000","hPa","36.5","pmil","0","55.690","deg","20.000","°C","100.000","%a.s.","22.400","deg","20.000","°C","962.000","hPa","0.861","-0.02617","0.00035","0","0","13.56","Humid","35.35","0","78.50","297089.88","SABD0002000014","AAV2.0.0.13","3.0.1.1413","PSt7-10","180509-002","6/18/2019 6:15:17 AM","0000-00","0","no battery","V"
"07/13/2019","06:08:51","9","default","116269760","OXY_CH9","1.889","min","219.866","μmol/L","Humid","22.233","deg","119217","µV","20.009","°C","1013.000","hPa","36.5","pmil","0","55.690","deg","20.000","°C","100.000","%a.s.","22.400","deg","20.000","°C","962.000","hPa","0.861","-0.02617","0.00035","0","0","13.56","Humid","35.35","0","78.50","297086.67","SABD0002000014","AAV2.0.0.13","3.0.1.1413","PSt7-10","180509-002","6/18/2019 6:15:17 AM","0000-00","0","no battery","V"
"07/13/2019","06:08:52","9","default","116269760","OXY_CH9","1.906","min","219.905","μmol/L","Humid","22.233","deg","119194","µV","20.003","°C","1013.000","hPa","36.5","pmil","0","55.690","deg","20.000","°C","100.000","%a.s.","22.400","deg","20.000","°C","962.000","hPa","0.861","-0.02617","0.00035","0","0","13.56","Humid","35.35","0","78.50","297079.76","SABD0002000014","AAV2.0.0.13","3.0.1.1413","PSt7-10","180509-002","6/18/2019 6:15:17 AM","0000-00","0","no battery","V"
"07/13/2019","06:08:53","9","default","116269760","OXY_CH9","1.923","min","219.922","μmol/L","Humid","22.230","deg","119189","µV","20.009","°C","1013.000","hPa","36.5","pmil","0","55.690","deg","20.000","°C","100.000","%a.s.","22.400","deg","20.000","°C","962.000","hPa","0.861","-0.02617","0.00035","0","0","13.56","Humid","35.35","0","78.50","297087.09","SABD0002000014","AAV2.0.0.13","3.0.1.1413","PSt7-10","180509-002","6/18/2019 6:15:17 AM","0000-00","0","no battery","V"
"07/13/2019","06:08:54","9","default","116269760","OXY_CH9","1.939","min","219.936","μmol/L","Humid","22.229","deg","119181","µV","20.009","°C","1012.000","hPa","36.5","pmil","0","55.690","deg","20.000","°C","100.000","%a.s.","22.400","deg","20.000","°C","962.000","hPa","0.861","-0.02617","0.00035","0","0","13.56","Humid","35.35","0","78.50","297076.88","SABD0002000014","AAV2.0.0.13","3.0.1.1413","PSt7-10","180509-002","6/18/2019 6:15:17 AM","0000-00","0","no battery","V"
"07/13/2019","06:08:55","9","default","116269760","OXY_CH9","1.956","min","219.955","μmol/L","Humid","22.228","deg","119161","µV","20.009","°C","1012.000","hPa","36.5","pmil","0","55.690","deg","20.000","°C","100.000","%a.s.","22.400","deg","20.000","°C","962.000","hPa","0.861","-0.02617","0.00035","0","0","13.56","Humid","35.35","0","78.50","297067.01","SABD0002000014","AAV2.0.0.13","3.0.1.1413","PSt7-10","180509-002","6/18/2019 6:15:17 AM","0000-00","0","no battery","V"
"07/13/2019","06:08:56","9","default","116269760","OXY_CH9","1.972","min","219.993","μmol/L","Humid","22.226","deg","119149","µV","20.009","°C","1012.000","hPa","36.5","pmil","0","55.690","deg","20.000","°C","100.000","%a.s.","22.400","deg","20.000","°C","962.000","hPa","0.861","-0.02617","0.00035","0","0","13.56","Humid","35.35","0","78.50","297075.86","SABD0002000014","AAV2.0.0.13","3.0.1.1413","PSt7-10","180509-002","6/18/2019 6:15:17 AM","0000-00","0","no battery","V"
"07/13/2019","06:08:57","9","default","116269760","OXY_CH9","1.989","min","219.998","μmol/L","Humid","22.226","deg","119147","µV","20.009","°C","1013.000","hPa","36.5","pmil","0","55.690","deg","20.000","°C","100.000","%a.s.","22.400","deg","20.000","°C","962.000","hPa","0.861","-0.02617","0.00035","0","0","13.56","Humid","35.35","0","78.50","297090.22","SABD0002000014","AAV2.0.0.13","3.0.1.1413","PSt7-10","180509-002","6/18/2019 6:15:17 AM","0000-00","0","no battery","V"
"07/13/2019","06:08:58","9","default","116269760","OXY_CH9","2.006","min","220.055","μmol/L","Humid","22.223","deg","119128","µV","20.009","°C","1013.000","hPa","36.5","pmil","0","55.690","deg","20.000","°C","100.000","%a.s.","22.400","deg","20.000","°C","962.000","hPa","0.861","-0.02617","0.00035","0","0","13.56","Humid","35.35","0","78.50","297075.01","SABD0002000014","AAV2.0.0.13","3.0.1.1413","PSt7-10","180509-002","6/18/2019 6:15:17 AM","0000-00","0","no battery","V"
"07/13/2019","06:08:59","9","default","116269760","OXY_CH9","2.023","min","220.126","μmol/L","Humid","22.221","deg","119123","µV","20.003","°C","1012.000","hPa","36.5","pmil","0","55.690","deg","20.000","°C","100.000","%a.s.","22.400","deg","20.000","°C","962.000","hPa","0.861","-0.02617","0.00035","0","0","13.56","Humid","35.35","0","78.50","297083.62","SABD0002000014","AAV2.0.0.13","3.0.1.1413","PSt7-10","180509-002","6/18/2019 6:15:17 AM","0000-00","0","no battery","V"
"07/13/2019","06:09:00","9","default","116269760","OXY_CH9","2.039","min","220.048","μmol/L","Humid","22.221","deg","119104","µV","20.015","°C","1012.000","hPa","36.5","pmil","0","55.690","deg","20.000","°C","100.000","%a.s.","22.400","deg","20.000","°C","962.000","hPa","0.861","-0.02617","0.00035","0","0","13.56","Humid","35.35","0","78.50","297072.15","SABD0002000014","AAV2.0.0.13","3.0.1.1413","PSt7-10","180509-002","6/18/2019 6:15:17 AM","0000-00","0","no battery","V"
"07/13/2019","06:09:01","9","default","116269760","OXY_CH9","2.056","min","220.149","μmol/L","Humid","22.218","deg","119106","µV","20.009","°C","1013.000","hPa","36.5","pmil","0","55.690","deg","20.000","°C","100.000","%a.s.","22.400","deg","20.000","°C","962.000","hPa","0.861","-0.02617","0.00035","0","0","13.56","Humid","35.35","0","78.50","297074.98","SABD0002000014","AAV2.0.0.13","3.0.1.1413","PSt7-10","180509-002","6/18/2019 6:15:17 AM","0000-00","0","no battery","V"
"07/13/2019","06:09:02","9","default","116269760","OXY_CH9","2.072","min","220.105","μmol/L","Humid","22.218","deg","119081","µV","20.015","°C","1012.000","hPa","36.5","pmil","0","55.690","deg","20.000","°C","100.000","%a.s.","22.400","deg","20.000","°C","962.000","hPa","0.861","-0.02617","0.00035","0","0","13.56","Humid","35.35","0","78.50","297065.09","SABD0002000014","AAV2.0.0.13","3.0.1.1413","PSt7-10","180509-002","6/18/2019 6:15:17 AM","0000-00","0","no battery","V"
"07/13/2019","06:09:03","9","default","116269760","OXY_CH9","2.089","min","220.182","μmol/L","Humid","22.216","deg","119078","µV","20.009","°C","1012.000","hPa","36.5","pmil","0","55.690","deg","20.000","°C","100.000","%a.s.","22.400","deg","20.000","°C","962.000","hPa","0.861","-0.02617","0.00035","0","0","13.56","Humid","35.35","0","78.50","297066.08","SABD0002000014","AAV2.0.0.13","3.0.1.1413","PSt7-10","180509-002","6/18/2019 6:15:17 AM","0000-00","0","no battery","V"
"07/13/2019","06:09:04","9","default","116269760","OXY_CH9","2.105","min","220.244","μmol/L","Humid","22.213","deg","119072","µV","20.009","°C","1013.000","hPa","36.5","pmil","0","55.690","deg","20.000","°C","100.000","%a.s.","22.400","deg","20.000","°C","962.000","hPa","0.861","-0.02617","0.00035","0","0","13.56","Humid","35.35","0","78.50","297065.64","SABD0002000014","AAV2.0.0.13","3.0.1.1413","PSt7-10","180509-002","6/18/2019 6:15:17 AM","0000-00","0","no battery","V"
"07/13/2019","06:09:05","9","default","116269760","OXY_CH9","2.122","min","220.205","μmol/L","Humid","22.213","deg","119059","µV","20.015","°C","1013.000","hPa","36.5","pmil","0","55.690","deg","20.000","°C","100.000","%a.s.","22.400","deg","20.000","°C","962.000","hPa","0.861","-0.02617","0.00035","0","0","13.56","Humid","35.35","0","78.50","297068.41","SABD0002000014","AAV2.0.0.13","3.0.1.1413","PSt7-10","180509-002","6/18/2019 6:15:17 AM","0000-00","0","no battery","V"
"07/13/2019","06:09:06","9","default","116269760","OXY_CH9","2.139","min","220.187","μmol/L","Humid","22.216","deg","119043","µV","20.009","°C","1013.000","hPa","36.5","pmil","0","55.690","deg","20.000","°C","100.000","%a.s.","22.400","deg","20.000","°C","962.000","hPa","0.861","-0.02617","0.00035","0","0","13.56","Humid","35.35","0","78.50","297065.23","SABD0002000014","AAV2.0.0.13","3.0.1.1413","PSt7-10","180509-002","6/18/2019 6:15:17 AM","0000-00","0","no battery","V"
"07/13/2019","06:09:07","9","default","116269760","OXY_CH9","2.156","min","220.261","μmol/L","Humid","22.210","deg","119043","µV","20.015","°C","1013.000","hPa","36.5","pmil","0","55.690","deg","20.000","°C","100.000","%a.s.","22.400","deg","20.000","°C","962.000","hPa","0.861","-0.02617","0.00035","0","0","13.56","Humid","35.35","0","78.50","297068.75","SABD0002000014","AAV2.0.0.13","3.0.1.1413","PSt7-10","180509-002","6/18/2019 6:15:17 AM","0000-00","0","no battery","V"
"07/13/2019","06:09:08","9","default","116269760","OXY_CH9","2.173","min","220.319","μmol/L","Humid","22.209","deg","119030","µV","20.009","°C","1013.000","hPa","36.5","pmil","0","55.690","deg","20.000","°C","100.000","%a.s.","22.400","deg","20.000","°C","962.000","hPa","0.861","-0.02617","0.00035","0","0","13.56","Humid","35.35","0","78.50","297072.08","SABD0002000014","AAV2.0.0.13","3.0.1.1413","PSt7-10","180509-002","6/18/2019 6:15:17 AM","0000-00","0","no battery","V"
"07/13/2019","06:09:09","9","default","116269760","OXY_CH9","2.189","min","220.275","μmol/L","Humid","22.209","deg","119017","µV","20.015","°C","1012.000","hPa","36.5","pmil","0","55.690","deg","20.000","°C","100.000","%a.s.","22.400","deg","20.000","°C","962.000","hPa","0.861","-0.02617","0.00035","0","0","13.56","Humid","35.35","0","78.50","297057.18","SABD0002000014","AAV2.0.0.13","3.0.1.1413","PSt7-10","180509-002","6/18/2019 6:15:17 AM","0000-00","0","no battery","V"
"07/13/2019","06:09:10","9","default","116269760","OXY_CH9","2.206","min","220.376","μmol/L","Humid","22.206","deg","119009","µV","20.009","°C","1013.000","hPa","36.5","pmil","0","55.690","deg","20.000","°C","100.000","%a.s.","22.400","deg","20.000","°C","962.000","hPa","0.861","-0.02617","0.00035","0","0","13.56","Humid","35.35","0","78.50","297059.44","SABD0002000014","AAV2.0.0.13","3.0.1.1413","PSt7-10","180509-002","6/18/2019 6:15:17 AM","0000-00","0","no battery","V"
"07/13/2019","06:09:11","9","default","116269760","OXY_CH9","2.222","min","220.395","μmol/L","Humid","22.205","deg","118994","µV","20.009","°C","1013.000","hPa","36.5","pmil","0","55.690","deg","20.000","°C","100.000","%a.s.","22.400","deg","20.000","°C","962.000","hPa","0.861","-0.02617","0.00035","0","0","13.56","Humid","35.35","0","78.50","297052.99","SABD0002000014","AAV2.0.0.13","3.0.1.1413","PSt7-10","180509-002","6/18/2019 6:15:17 AM","0000-00","0","no battery","V"
"07/13/2019","06:09:12","9","default","116269760","OXY_CH9","2.239","min","220.414","μmol/L","Humid","22.204","deg","118990","µV","20.009","°C","1013.000","hPa","36.5","pmil","0","55.690","deg","20.000","°C","100.000","%a.s.","22.400","deg","20.000","°C","962.000","hPa","0.861","-0.02617","0.00035","0","0","13.56","Humid","35.35","0","78.50","297068.24","SABD0002000014","AAV2.0.0.13","3.0.1.1413","PSt7-10","180509-002","6/18/2019 6:15:17 AM","0000-00","0","no battery","V"
"07/13/2019","06:09:13","9","default","116269760","OXY_CH9","2.255","min","220.413","μmol/L","Humid","22.202","deg","118984","µV","20.015","°C","1013.000","hPa","36.5","pmil","0","55.690","deg","20.000","°C","100.000","%a.s.","22.400","deg","20.000","°C","962.000","hPa","0.861","-0.02617","0.00035","0","0","13.56","Humid","35.35","0","78.50","297055.44","SABD0002000014","AAV2.0.0.13","3.0.1.1413","PSt7-10","180509-002","6/18/2019 6:15:17 AM","0000-00","0","no battery","V"
"07/13/2019","06:09:14","9","default","116269760","OXY_CH9","2.273","min","220.432","μmol/L","Humid","22.201","deg","118960","µV","20.015","°C","1013.000","hPa","36.5","pmil","0","55.690","deg","20.000","°C","100.000","%a.s.","22.400","deg","20.000","°C","962.000","hPa","0.861","-0.02617","0.00035","0","0","13.56","Humid","35.35","0","78.50","297064.05","SABD0002000014","AAV2.0.0.13","3.0.1.1413","PSt7-10","180509-002","6/18/2019 6:15:17 AM","0000-00","0","no battery","V"
"07/13/2019","06:09:15","9","default","116269760","OXY_CH9","2.289","min","220.394","μmol/L","Humid","22.203","deg","118949","µV","20.015","°C","1013.000","hPa","36.5","pmil","0","55.690","deg","20.000","°C","100.000","%a.s.","22.400","deg","20.000","°C","962.000","hPa","0.861","-0.02617","0.00035","0","0","13.56","Humid","35.35","0","78.50","297045.88","SABD0002000014","AAV2.0.0.13","3.0.1.1413","PSt7-10","180509-002","6/18/2019 6:15:17 AM","0000-00","0","no battery","V"
"07/13/2019","06:09:16","9","default","116269760","OXY_CH9","2.305","min","220.452","μmol/L","Humid","22.202","deg","118946","µV","20.009","°C","1013.000","hPa","36.5","pmil","0","55.690","deg","20.000","°C","100.000","%a.s.","22.400","deg","20.000","°C","962.000","hPa","0.861","-0.02617","0.00035","0","0","13.56","Humid","35.35","0","78.50","297047.02","SABD0002000014","AAV2.0.0.13","3.0.1.1413","PSt7-10","180509-002","6/18/2019 6:15:17 AM","0000-00","0","no battery","V"
"07/13/2019","06:09:17","9","default","116269760","OXY_CH9","2.322","min","220.622","μmol/L","Humid","22.193","deg","118942","µV","20.009","°C","1013.000","hPa","36.5","pmil","0","55.690","deg","20.000","°C","100.000","%a.s.","22.400","deg","20.000","°C","962.000","hPa","0.861","-0.02617","0.00035","0","0","13.56","Humid","35.35","0","78.50","297054.62","SABD0002000014","AAV2.0.0.13","3.0.1.1413","PSt7-10","180509-002","6/18/2019 6:15:17 AM","0000-00","0","no battery","V"
"07/13/2019","06:09:18","9","default","116269760","OXY_CH9","2.339","min","220.521","μmol/L","Humid","22.196","deg","118930","µV","20.015","°C","1012.000","hPa","36.5","pmil","0","55.690","deg","20.000","°C","100.000","%a.s.","22.400","deg","20.000","°C","962.000","hPa","0.861","-0.02617","0.00035","0","0","13.56","Humid","35.35","0","78.50","297050.36","SABD0002000014","AAV2.0.0.13","3.0.1.1413","PSt7-10","180509-002","6/18/2019 6:15:17 AM","0000-00","0","no battery","V"
"07/13/2019","06:09:19","9","default","116269760","OXY_CH9","2.356","min","220.468","μmol/L","Humid","22.197","deg","118914","µV","20.021","°C","1013.000","hPa","36.5","pmil","0","55.690","deg","20.000","°C","100.000","%a.s.","22.400","deg","20.000","°C","962.000","hPa","0.861","-0.02617","0.00035","0","0","13.56","Humid","35.35","0","78.50","297049.10","SABD0002000014","AAV2.0.0.13","3.0.1.1413","PSt7-10","180509-002","6/18/2019 6:15:17 AM","0000-00","0","no battery","V"
"07/13/2019","06:09:20","9","default","116269760","OXY_CH9","2.373","min","220.579","μmol/L","Humid","22.195","deg","118913","µV","20.009","°C","1012.000","hPa","36.5","pmil","0","55.690","deg","20.000","°C","100.000","%a.s.","22.400","deg","20.000","°C","962.000","hPa","0.861","-0.02617","0.00035","0","0","13.56","Humid","35.35","0","78.50","297055.96","SABD0002000014","AAV2.0.0.13","3.0.1.1413","PSt7-10","180509-002","6/18/2019 6:15:17 AM","0000-00","0","no battery","V"
"07/13/2019","06:09:21","9","default","116269760","OXY_CH9","2.389","min","220.564","μmol/L","Humid","22.194","deg","118890","µV","20.015","°C","1013.000","hPa","36.5","pmil","0","55.690","deg","20.000","°C","100.000","%a.s.","22.400","deg","20.000","°C","962.000","hPa","0.861","-0.02617","0.00035","0","0","13.56","Humid","35.35","0","78.50","297038.63","SABD0002000014","AAV2.0.0.13","3.0.1.1413","PSt7-10","180509-002","6/18/2019 6:15:17 AM","0000-00","0","no battery","V"
"07/13/2019","06:09:22","9","default","116269760","OXY_CH9","2.406","min","220.659","μmol/L","Humid","22.189","deg","118882","µV","20.015","°C","1013.000","hPa","36.5","pmil","0","55.690","deg","20.000","°C","100.000","%a.s.","22.400","deg","20.000","°C","962.000","hPa","0.861","-0.02617","0.00035","0","0","13.56","Humid","35.35","0","78.50","297037.17","SABD0002000014","AAV2.0.0.13","3.0.1.1413","PSt7-10","180509-002","6/18/2019 6:15:17 AM","0000-00","0","no battery","V"
"07/13/2019","06:09:23","9","default","116269760","OXY_CH9","2.422","min","220.794","μmol/L","Humid","22.186","deg","118880","µV","20.003","°C","1013.000","hPa","36.5","pmil","0","55.690","deg","20.000","°C","100.000","%a.s.","22.400","deg","20.000","°C","962.000","hPa","0.861","-0.02617","0.00035","0","0","13.56","Humid","35.35","0","78.50","297034.59","SABD0002000014","AAV2.0.0.13","3.0.1.1413","PSt7-10","180509-002","6/18/2019 6:15:17 AM","0000-00","0","no battery","V"
"07/13/2019","06:09:24","9","default","116269760","OXY_CH9","2.439","min","220.716","μmol/L","Humid","22.186","deg","118873","µV","20.015","°C","1013.000","hPa","36.5","pmil","0","55.690","deg","20.000","°C","100.000","%a.s.","22.400","deg","20.000","°C","962.000","hPa","0.861","-0.02617","0.00035","0","0","13.56","Humid","35.35","0","78.50","297042.51","SABD0002000014","AAV2.0.0.13","3.0.1.1413","PSt7-10","180509-002","6/18/2019 6:15:17 AM","0000-00","0","no battery","V"
"07/13/2019","06:09:25","9","default","116269760","OXY_CH9","2.456","min","220.678","μmol/L","Humid","22.188","deg","118861","µV","20.015","°C","1013.000","hPa","36.5","pmil","0","55.690","deg","20.000","°C","100.000","%a.s.","22.400","deg","20.000","°C","962.000","hPa","0.861","-0.02617","0.00035","0","0","13.56","Humid","35.35","0","78.50","297035.64","SABD0002000014","AAV2.0.0.13","3.0.1.1413","PSt7-10","180509-002","6/18/2019 6:15:17 AM","0000-00","0","no battery","V"
"07/13/2019","06:09:26","9","default","116269760","OXY_CH9","2.472","min","220.716","μmol/L","Humid","22.186","deg","118853","µV","20.015","°C","1013.000","hPa","36.5","pmil","0","55.690","deg","20.000","°C","100.000","%a.s.","22.400","deg","20.000","°C","962.000","hPa","0.861","-0.02617","0.00035","0","0","13.56","Humid","35.35","0","78.50","297035.77","SABD0002000014","AAV2.0.0.13","3.0.1.1413","PSt7-10","180509-002","6/18/2019 6:15:17 AM","0000-00","0","no battery","V"
"07/13/2019","06:09:27","9","default","116269760","OXY_CH9","2.489","min","220.788","μmol/L","Humid","22.184","deg","118843","µV","20.009","°C","1012.000","hPa","36.5","pmil","0","55.690","deg","20.000","°C","100.000","%a.s.","22.400","deg","20.000","°C","962.000","hPa","0.861","-0.02617","0.00035","0","0","13.56","Humid","35.35","0","78.50","297033.43","SABD0002000014","AAV2.0.0.13","3.0.1.1413","PSt7-10","180509-002","6/18/2019 6:15:17 AM","0000-00","0","no battery","V"
"07/13/2019","06:09:28","9","default","116269760","OXY_CH9","2.506","min","220.697","μmol/L","Humid","22.187","deg","118833","µV","20.015","°C","1013.000","hPa","36.5","pmil","0","55.690","deg","20.000","°C","100.000","%a.s.","22.400","deg","20.000","°C","962.000","hPa","0.861","-0.02617","0.00035","0","0","13.56","Humid","35.35","0","78.50","297036.26","SABD0002000014","AAV2.0.0.13","3.0.1.1413","PSt7-10","180509-002","6/18/2019 6:15:17 AM","0000-00","0","no battery","V"
"07/13/2019","06:09:29","9","default","116269760","OXY_CH9","2.522","min","220.792","μmol/L","Humid","22.182","deg","118816","µV","20.015","°C","1013.000","hPa","36.5","pmil","0","55.690","deg","20.000","°C","100.000","%a.s.","22.400","deg","20.000","°C","962.000","hPa","0.861","-0.02617","0.00035","0","0","13.56","Humid","35.35","0","78.50","297031.81","SABD0002000014","AAV2.0.0.13","3.0.1.1413","PSt7-10","180509-002","6/18/2019 6:15:17 AM","0000-00","0","no battery","V"
"07/13/2019","06:09:30","9","default","116269760","OXY_CH9","2.540","min","220.868","μmol/L","Humid","22.178","deg","118813","µV","20.015","°C","1013.000","hPa","36.5","pmil","0","55.690","deg","20.000","°C","100.000","%a.s.","22.400","deg","20.000","°C","962.000","hPa","0.861","-0.02617","0.00035","0","0","13.56","Humid","35.35","0","78.50","297042.65","SABD0002000014","AAV2.0.0.13","3.0.1.1413","PSt7-10","180509-002","6/18/2019 6:15:17 AM","0000-00","0","no battery","V"
"07/13/2019","06:09:31","9","default","116269760","OXY_CH9","2.555","min","220.869","μmol/L","Humid","22.180","deg","118804","µV","20.009","°C","1013.000","hPa","36.5","pmil","0","55.690","deg","20.000","°C","100.000","%a.s.","22.400","deg","20.000","°C","962.000","hPa","0.861","-0.02617","0.00035","0","0","13.56","Humid","35.35","0","78.50","297028.32","SABD0002000014","AAV2.0.0.13","3.0.1.1413","PSt7-10","180509-002","6/18/2019 6:15:17 AM","0000-00","0","no battery","V"
"07/13/2019","06:09:32","9","default","116269760","OXY_CH9","2.572","min","220.944","μmol/L","Humid","22.174","deg","118786","µV","20.015","°C","1013.000","hPa","36.5","pmil","0","55.690","deg","20.000","°C","100.000","%a.s.","22.400","deg","20.000","°C","962.000","hPa","0.861","-0.02617","0.00035","0","0","13.56","Humid","35.35","0","78.50","297018.72","SABD0002000014","AAV2.0.0.13","3.0.1.1413","PSt7-10","180509-002","6/18/2019 6:15:17 AM","0000-00","0","no battery","V"
"07/13/2019","06:09:33","9","default","116269760","OXY_CH9","2.589","min","220.861","μmol/L","Humid","22.176","deg","118785","µV","20.021","°C","1012.000","hPa","36.5","pmil","0","55.690","deg","20.000","°C","100.000","%a.s.","22.400","deg","20.000","°C","962.000","hPa","0.861","-0.02617","0.00035","0","0","13.56","Humid","35.35","0","78.50","297024.89","SABD0002000014","AAV2.0.0.13","3.0.1.1413","PSt7-10","180509-002","6/18/2019 6:15:17 AM","0000-00","0","no battery","V"
"07/13/2019","06:09:34","9","default","116269760","OXY_CH9","2.605","min","220.944","μmol/L","Humid","22.174","deg","118759","µV","20.015","°C","1013.000","hPa","36.5","pmil","0","55.690","deg","20.000","°C","100.000","%a.s.","22.400","deg","20.000","°C","962.000","hPa","0.861","-0.02617","0.00035","0","0","13.56","Humid","35.35","0","78.50","297024.60","SABD0002000014","AAV2.0.0.13","3.0.1.1413","PSt7-10","180509-002","6/18/2019 6:15:17 AM","0000-00","0","no battery","V"
"07/13/2019","06:09:35","9","default","116269760","OXY_CH9","2.622","min","221.033","μmol/L","Humid","22.169","deg","118758","µV","20.015","°C","1012.000","hPa","36.5","pmil","0","55.690","deg","20.000","°C","100.000","%a.s.","22.400","deg","20.000","°C","962.000","hPa","0.861","-0.02617","0.00035","0","0","13.56","Humid","35.35","0","78.50","297026.06","SABD0002000014","AAV2.0.0.13","3.0.1.1413","PSt7-10","180509-002","6/18/2019 6:15:17 AM","0000-00","0","no battery","V"
"07/13/2019","06:09:36","9","default","116269760","OXY_CH9","2.639","min","220.994","μmol/L","Humid","22.169","deg","118745","µV","20.021","°C","1012.000","hPa","36.5","pmil","0","55.690","deg","20.000","°C","100.000","%a.s.","22.400","deg","20.000","°C","962.000","hPa","0.861","-0.02617","0.00035","0","0","13.56","Humid","35.35","0","78.50","297025.24","SABD0002000014","AAV2.0.0.13","3.0.1.1413","PSt7-10","180509-002","6/18/2019 6:15:17 AM","0000-00","0","no battery","V"
"07/13/2019","06:09:37","9","default","116269760","OXY_CH9","2.655","min","221.020","μmol/L","Humid","22.170","deg","118732","µV","20.015","°C","1013.000","hPa","36.5","pmil","0","55.690","deg","20.000","°C","100.000","%a.s.","22.400","deg","20.000","°C","962.000","hPa","0.861","-0.02617","0.00035","0","0","13.56","Humid","35.35","0","78.50","297016.45","SABD0002000014","AAV2.0.0.13","3.0.1.1413","PSt7-10","180509-002","6/18/2019 6:15:17 AM","0000-00","0","no battery","V"
"07/13/2019","06:09:38","9","default","116269760","OXY_CH9","2.672","min","221.097","μmol/L","Humid","22.168","deg","118726","µV","20.009","°C","1013.000","hPa","36.5","pmil","0","55.690","deg","20.000","°C","100.000","%a.s.","22.400","deg","20.000","°C","962.000","hPa","0.861","-0.02617","0.00035","0","0","13.56","Humid","35.35","0","78.50","297019.99","SABD0002000014","AAV2.0.0.13","3.0.1.1413","PSt7-10","180509-002","6/18/2019 6:15:17 AM","0000-00","0","no battery","V"
"07/13/2019","06:09:39","9","default","116269760","OXY_CH9","2.689","min","221.075","μmol/L","Humid","22.165","deg","118716","µV","20.021","°C","1013.000","hPa","36.5","pmil","0","55.690","deg","20.000","°C","100.000","%a.s.","22.400","deg","20.000","°C","962.000","hPa","0.861","-0.02617","0.00035","0","0","13.56","Humid","35.35","0","78.50","297024.17","SABD0002000014","AAV2.0.0.13","3.0.1.1413","PSt7-10","180509-002","6/18/2019 6:15:17 AM","0000-00","0","no battery","V"
"07/13/2019","06:09:40","9","default","116269760","OXY_CH9","2.705","min","221.089","μmol/L","Humid","22.164","deg","118702","µV","20.021","°C","1012.000","hPa","36.5","pmil","0","55.690","deg","20.000","°C","100.000","%a.s.","22.400","deg","20.000","°C","962.000","hPa","0.861","-0.02617","0.00035","0","0","13.56","Humid","35.35","0","78.50","297012.58","SABD0002000014","AAV2.0.0.13","3.0.1.1413","PSt7-10","180509-002","6/18/2019 6:15:17 AM","0000-00","0","no battery","V"
"07/13/2019","06:09:41","9","default","116269760","OXY_CH9","2.722","min","221.151","μmol/L","Humid","22.161","deg","118692","µV","20.021","°C","1013.000","hPa","36.5","pmil","0","55.690","deg","20.000","°C","100.000","%a.s.","22.400","deg","20.000","°C","962.000","hPa","0.861","-0.02617","0.00035","0","0","13.56","Humid","35.35","0","78.50","297019.10","SABD0002000014","AAV2.0.0.13","3.0.1.1413","PSt7-10","180509-002","6/18/2019 6:15:17 AM","0000-00","0","no battery","V"
"07/13/2019","06:09:42","9","default","116269760","OXY_CH9","2.739","min","221.204","μmol/L","Humid","22.160","deg","118693","µV","20.015","°C","1012.000","hPa","36.5","pmil","0","55.690","deg","20.000","°C","100.000","%a.s.","22.400","deg","20.000","°C","962.000","hPa","0.861","-0.02617","0.00035","0","0","13.56","Humid","35.35","0","78.50","297015.76","SABD0002000014","AAV2.0.0.13","3.0.1.1413","PSt7-10","180509-002","6/18/2019 6:15:17 AM","0000-00","0","no battery","V"
"07/13/2019","06:09:43","9","default","116269760","OXY_CH9","2.756","min","221.248","μmol/L","Humid","22.158","deg","118660","µV","20.015","°C","1013.000","hPa","36.5","pmil","0","55.690","deg","20.000","°C","100.000","%a.s.","22.400","deg","20.000","°C","962.000","hPa","0.861","-0.02617","0.00035","0","0","13.56","Humid","35.35","0","78.50","297003.80","SABD0002000014","AAV2.0.0.13","3.0.1.1413","PSt7-10","180509-002","6/18/2019 6:15:17 AM","0000-00","0","no battery","V"
"07/13/2019","06:09:44","9","default","116269760","OXY_CH9","2.773","min","221.227","μmol/L","Humid","22.157","deg","118660","µV","20.021","°C","1013.000","hPa","36.5","pmil","0","55.690","deg","20.000","°C","100.000","%a.s.","22.400","deg","20.000","°C","962.000","hPa","0.861","-0.02617","0.00035","0","0","13.56","Humid","35.35","0","78.50","297009.63","SABD0002000014","AAV2.0.0.13","3.0.1.1413","PSt7-10","180509-002","6/18/2019 6:15:17 AM","0000-00","0","no battery","V"
"07/13/2019","06:09:45","9","default","116269760","OXY_CH9","2.789","min","221.286","μmol/L","Humid","22.156","deg","118646","µV","20.015","°C","1013.000","hPa","36.5","pmil","0","55.690","deg","20.000","°C","100.000","%a.s.","22.400","deg","20.000","°C","962.000","hPa","0.861","-0.02617","0.00035","0","0","13.56","Humid","35.35","0","78.50","297016.33","SABD0002000014","AAV2.0.0.13","3.0.1.1413","PSt7-10","180509-002","6/18/2019 6:15:17 AM","0000-00","0","no battery","V"
"07/13/2019","06:09:46","9","default","116269760","OXY_CH9","2.805","min","221.284","μmol/L","Humid","22.154","deg","118628","µV","20.021","°C","1013.000","hPa","36.5","pmil","0","55.690","deg","20.000","°C","100.000","%a.s.","22.400","deg","20.000","°C","962.000","hPa","0.861","-0.02617","0.00035","0","0","13.56","Humid","35.35","0","78.50","297004.73","SABD0002000014","AAV2.0.0.13","3.0.1.1413","PSt7-10","180509-002","6/18/2019 6:15:17 AM","0000-00","0","no battery","V"
"07/13/2019","06:09:47","9","default","116269760","OXY_CH9","2.822","min","221.376","μmol/L","Humid","22.151","deg","118621","µV","20.015","°C","1012.000","hPa","36.5","pmil","0","55.690","deg","20.000","°C","100.000","%a.s.","22.400","deg","20.000","°C","962.000","hPa","0.861","-0.02617","0.00035","0","0","13.56","Humid","35.35","0","78.50","297010.44","SABD0002000014","AAV2.0.0.13","3.0.1.1413","PSt7-10","180509-002","6/18/2019 6:15:17 AM","0000-00","0","no battery","V"
"07/13/2019","06:09:48","9","default","116269760","OXY_CH9","2.839","min","221.323","μmol/L","Humid","22.152","deg","118613","µV","20.021","°C","1013.000","hPa","36.5","pmil","0","55.690","deg","20.000","°C","100.000","%a.s.","22.400","deg","20.000","°C","962.000","hPa","0.861","-0.02617","0.00035","0","0","13.56","Humid","35.35","0","78.50","297005.11","SABD0002000014","AAV2.0.0.13","3.0.1.1413","PSt7-10","180509-002","6/18/2019 6:15:17 AM","0000-00","0","no battery","V"
"07/13/2019","06:09:49","9","default","116269760","OXY_CH9","2.856","min","221.414","μmol/L","Humid","22.149","deg","118602","µV","20.015","°C","1012.000","hPa","36.5","pmil","0","55.690","deg","20.000","°C","100.000","%a.s.","22.400","deg","20.000","°C","962.000","hPa","0.861","-0.02617","0.00035","0","0","13.56","Humid","35.35","0","78.50","297001.07","SABD0002000014","AAV2.0.0.13","3.0.1.1413","PSt7-10","180509-002","6/18/2019 6:15:17 AM","0000-00","0","no battery","V"
"07/13/2019","06:09:50","9","default","116269760","OXY_CH9","2.872","min","221.457","μmol/L","Humid","22.147","deg","118596","µV","20.015","°C","1013.000","hPa","36.5","pmil","0","55.690","deg","20.000","°C","100.000","%a.s.","22.400","deg","20.000","°C","962.000","hPa","0.861","-0.02617","0.00035","0","0","13.56","Humid","35.35","0","78.50","297003.01","SABD0002000014","AAV2.0.0.13","3.0.1.1413","PSt7-10","180509-002","6/18/2019 6:15:17 AM","0000-00","0","no battery","V"
"07/13/2019","06:09:51","9","default","116269760","OXY_CH9","2.889","min","221.437","μmol/L","Humid","22.146","deg","118587","µV","20.021","°C","1013.000","hPa","36.5","pmil","0","55.690","deg","20.000","°C","100.000","%a.s.","22.400","deg","20.000","°C","962.000","hPa","0.861","-0.02617","0.00035","0","0","13.56","Humid","35.35","0","78.50","296997.48","SABD0002000014","AAV2.0.0.13","3.0.1.1413","PSt7-10","180509-002","6/18/2019 6:15:17 AM","0000-00","0","no battery","V"
"07/13/2019","06:09:52","9","default","116269760","OXY_CH9","2.906","min","221.490","μmol/L","Humid","22.145","deg","118581","µV","20.015","°C","1012.000","hPa","36.5","pmil","0","55.690","deg","20.000","°C","100.000","%a.s.","22.400","deg","20.000","°C","962.000","hPa","0.861","-0.02617","0.00035","0","0","13.56","Humid","35.35","0","78.50","297006.09","SABD0002000014","AAV2.0.0.13","3.0.1.1413","PSt7-10","180509-002","6/18/2019 6:15:17 AM","0000-00","0","no battery","V"
"07/13/2019","06:09:53","9","default","116269760","OXY_CH9","2.922","min","221.418","μmol/L","Humid","22.147","deg","118568","µV","20.021","°C","1013.000","hPa","36.5","pmil","0","55.690","deg","20.000","°C","100.000","%a.s.","22.400","deg","20.000","°C","962.000","hPa","0.861","-0.02617","0.00035","0","0","13.56","Humid","35.35","0","78.50","297002.92","SABD0002000014","AAV2.0.0.13","3.0.1.1413","PSt7-10","180509-002","6/18/2019 6:15:17 AM","0000-00","0","no battery","V"
"07/13/2019","06:09:54","9","default","116269760","OXY_CH9","2.939","min","221.474","μmol/L","Humid","22.142","deg","118562","µV","20.027","°C","1013.000","hPa","36.5","pmil","0","55.690","deg","20.000","°C","100.000","%a.s.","22.400","deg","20.000","°C","962.000","hPa","0.861","-0.02617","0.00035","0","0","13.56","Humid","35.35","0","78.50","297009.36","SABD0002000014","AAV2.0.0.13","3.0.1.1413","PSt7-10","180509-002","6/18/2019 6:15:17 AM","0000-00","0","no battery","V"
"07/13/2019","06:09:55","9","default","116269760","OXY_CH9","2.956","min","221.514","μmol/L","Humid","22.144","deg","118536","µV","20.015","°C","1013.000","hPa","36.5","pmil","0","55.690","deg","20.000","°C","100.000","%a.s.","22.400","deg","20.000","°C","962.000","hPa","0.861","-0.02617","0.00035","0","0","13.56","Humid","35.35","0","78.50","297002.25","SABD0002000014","AAV2.0.0.13","3.0.1.1413","PSt7-10","180509-002","6/18/2019 6:15:17 AM","0000-00","0","no battery","V"
"07/13/2019","06:09:56","9","default","116269760","OXY_CH9","2.972","min","221.532","μmol/L","Humid","22.141","deg","118538","µV","20.021","°C","1013.000","hPa","36.5","pmil","0","55.690","deg","20.000","°C","100.000","%a.s.","22.400","deg","20.000","°C","962.000","hPa","0.861","-0.02617","0.00035","0","0","13.56","Humid","35.35","0","78.50","296990.91","SABD0002000014","AAV2.0.0.13","3.0.1.1413","PSt7-10","180509-002","6/18/2019 6:15:17 AM","0000-00","0","no battery","V"
"07/13/2019","06:09:57","9","default","116269760","OXY_CH9","2.989","min","221.589","μmol/L","Humid","22.138","deg","118524","µV","20.021","°C","1013.000","hPa","36.5","pmil","0","55.690","deg","20.000","°C","100.000","%a.s.","22.400","deg","20.000","°C","962.000","hPa","0.861","-0.02617","0.00035","0","0","13.56","Humid","35.35","0","78.50","296998.05","SABD0002000014","AAV2.0.0.13","3.0.1.1413","PSt7-10","180509-002","6/18/2019 6:15:17 AM","0000-00","0","no battery","V"
"07/13/2019","06:09:58","9","default","116269760","OXY_CH9","3.005","min","221.667","μmol/L","Humid","22.136","deg","118508","µV","20.015","°C","1013.000","hPa","36.5","pmil","0","55.690","deg","20.000","°C","100.000","%a.s.","22.400","deg","20.000","°C","962.000","hPa","0.861","-0.02617","0.00035","0","0","13.56","Humid","35.35","0","78.50","296991.98","SABD0002000014","AAV2.0.0.13","3.0.1.1413","PSt7-10","180509-002","6/18/2019 6:15:17 AM","0000-00","0","no battery","V"
"07/13/2019","06:09:59","9","default","116269760","OXY_CH9","3.022","min","221.680","μmol/L","Humid","22.135","deg","118498","µV","20.015","°C","1012.000","hPa","36.5","pmil","0","55.690","deg","20.000","°C","100.000","%a.s.","22.400","deg","20.000","°C","962.000","hPa","0.861","-0.02617","0.00035","0","0","13.56","Humid","35.35","0","78.50","296985.24","SABD0002000014","AAV2.0.0.13","3.0.1.1413","PSt7-10","180509-002","6/18/2019 6:15:17 AM","0000-00","0","no battery","V"
"07/13/2019","06:10:00","9","default","116269760","OXY_CH9","3.039","min","221.685","μmol/L","Humid","22.133","deg","118497","µV","20.021","°C","1013.000","hPa","36.5","pmil","0","55.690","deg","20.000","°C","100.000","%a.s.","22.400","deg","20.000","°C","962.000","hPa","0.861","-0.02617","0.00035","0","0","13.56","Humid","35.35","0","78.50","297001.60","SABD0002000014","AAV2.0.0.13","3.0.1.1413","PSt7-10","180509-002","6/18/2019 6:15:17 AM","0000-00","0","no battery","V"
"07/13/2019","06:10:01","9","default","116269760","OXY_CH9","3.056","min","221.698","μmol/L","Humid","22.132","deg","118488","µV","20.021","°C","1012.000","hPa","36.5","pmil","0","55.690","deg","20.000","°C","100.000","%a.s.","22.400","deg","20.000","°C","962.000","hPa","0.861","-0.02617","0.00035","0","0","13.56","Humid","35.35","0","78.50","296983.43","SABD0002000014","AAV2.0.0.13","3.0.1.1413","PSt7-10","180509-002","6/18/2019 6:15:17 AM","0000-00","0","no battery","V"
"07/13/2019","06:10:02","9","default","116269760","OXY_CH9","3.073","min","221.665","μmol/L","Humid","22.134","deg","118478","µV","20.021","°C","1013.000","hPa","36.5","pmil","0","55.690","deg","20.000","°C","100.000","%a.s.","22.400","deg","20.000","°C","962.000","hPa","0.861","-0.02617","0.00035","0","0","13.56","Humid","35.35","0","78.50","296984.04","SABD0002000014","AAV2.0.0.13","3.0.1.1413","PSt7-10","180509-002","6/18/2019 6:15:17 AM","0000-00","0","no battery","V"
"07/13/2019","06:10:03","9","default","116269760","OXY_CH9","3.089","min","221.742","μmol/L","Humid","22.130","deg","118467","µV","20.021","°C","1013.000","hPa","36.5","pmil","0","55.690","deg","20.000","°C","100.000","%a.s.","22.400","deg","20.000","°C","962.000","hPa","0.861","-0.02617","0.00035","0","0","13.56","Humid","35.35","0","78.50","296979.02","SABD0002000014","AAV2.0.0.13","3.0.1.1413","PSt7-10","180509-002","6/18/2019 6:15:17 AM","0000-00","0","no battery","V"
"07/13/2019","06:10:04","9","default","116269760","OXY_CH9","3.106","min","221.665","μmol/L","Humid","22.134","deg","118458","µV","20.021","°C","1013.000","hPa","36.5","pmil","0","55.690","deg","20.000","°C","100.000","%a.s.","22.400","deg","20.000","°C","962.000","hPa","0.861","-0.02617","0.00035","0","0","13.56","Humid","35.35","0","78.50","296983.94","SABD0002000014","AAV2.0.0.13","3.0.1.1413","PSt7-10","180509-002","6/18/2019 6:15:17 AM","0000-00","0","no battery","V"
"07/13/2019","06:10:05","9","default","116269760","OXY_CH9","3.122","min","221.723","μmol/L","Humid","22.131","deg","118444","µV","20.021","°C","1013.000","hPa","36.5","pmil","0","55.690","deg","20.000","°C","100.000","%a.s.","22.400","deg","20.000","°C","962.000","hPa","0.861","-0.02617","0.00035","0","0","13.56","Humid","35.35","0","78.50","296973.80","SABD0002000014","AAV2.0.0.13","3.0.1.1413","PSt7-10","180509-002","6/18/2019 6:15:17 AM","0000-00","0","no battery","V"
"07/13/2019","06:10:06","9","default","116269760","OXY_CH9","3.139","min","221.857","μmol/L","Humid","22.126","deg","118438","µV","20.015","°C","1013.000","hPa","36.5","pmil","0","55.690","deg","20.000","°C","100.000","%a.s.","22.400","deg","20.000","°C","962.000","hPa","0.861","-0.02617","0.00035","0","0","13.56","Humid","35.35","0","78.50","296983.80","SABD0002000014","AAV2.0.0.13","3.0.1.1413","PSt7-10","180509-002","6/18/2019 6:15:17 AM","0000-00","0","no battery","V"
"07/13/2019","06:10:07","9","default","116269760","OXY_CH9","3.155","min","221.896","μmol/L","Humid","22.124","deg","118430","µV","20.015","°C","1013.000","hPa","36.5","pmil","0","55.690","deg","20.000","°C","100.000","%a.s.","22.400","deg","20.000","°C","962.000","hPa","0.861","-0.02617","0.00035","0","0","13.56","Humid","35.35","0","78.50","296970.78","SABD0002000014","AAV2.0.0.13","3.0.1.1413","PSt7-10","180509-002","6/18/2019 6:15:17 AM","0000-00","0","no battery","V"
"07/13/2019","06:10:08","9","default","116269760","OXY_CH9","3.172","min","221.741","μmol/L","Humid","22.128","deg","118413","µV","20.027","°C","1013.000","hPa","36.5","pmil","0","55.690","deg","20.000","°C","100.000","%a.s.","22.400","deg","20.000","°C","962.000","hPa","0.861","-0.02617","0.00035","0","0","13.56","Humid","35.35","0","78.50","296964.06","SABD0002000014","AAV2.0.0.13","3.0.1.1413","PSt7-10","180509-002","6/18/2019 6:15:17 AM","0000-00","0","no battery","V"
"07/13/2019","06:10:09","9","default","116269760","OXY_CH9","3.189","min","221.876","μmol/L","Humid","22.125","deg","118415","µV","20.015","°C","1013.000","hPa","36.5","pmil","0","55.690","deg","20.000","°C","100.000","%a.s.","22.400","deg","20.000","°C","962.000","hPa","0.861","-0.02617","0.00035","0","0","13.56","Humid","35.35","0","78.50","296967.69","SABD0002000014","AAV2.0.0.13","3.0.1.1413","PSt7-10","180509-002","6/18/2019 6:15:17 AM","0000-00","0","no battery","V"
"07/13/2019","06:10:10","9","default","116269760","OXY_CH9","3.206","min","221.896","μmol/L","Humid","22.124","deg","118399","µV","20.015","°C","1013.000","hPa","36.5","pmil","0","55.690","deg","20.000","°C","100.000","%a.s.","22.400","deg","20.000","°C","962.000","hPa","0.861","-0.02617","0.00035","0","0","13.56","Humid","35.35","0","78.50","296959.67","SABD0002000014","AAV2.0.0.13","3.0.1.1413","PSt7-10","180509-002","6/18/2019 6:15:17 AM","0000-00","0","no battery","V"
"07/13/2019","06:10:11","9","default","116269760","OXY_CH9","3.223","min","221.933","μmol/L","Humid","22.120","deg","118391","µV","20.021","°C","1013.000","hPa","36.5","pmil","0","55.690","deg","20.000","°C","100.000","%a.s.","22.400","deg","20.000","°C","962.000","hPa","0.861","-0.02617","0.00035","0","0","13.56","Humid","35.35","0","78.50","296959.90","SABD0002000014","AAV2.0.0.13","3.0.1.1413","PSt7-10","180509-002","6/18/2019 6:15:17 AM","0000-00","0","no battery","V"
"07/13/2019","06:10:12","9","default","116269760","OXY_CH9","3.239","min","221.894","μmol/L","Humid","22.122","deg","118383","µV","20.021","°C","1013.000","hPa","36.5","pmil","0","55.690","deg","20.000","°C","100.000","%a.s.","22.400","deg","20.000","°C","962.000","hPa","0.861","-0.02617","0.00035","0","0","13.56","Humid","35.35","0","78.50","296973.02","SABD0002000014","AAV2.0.0.13","3.0.1.1413","PSt7-10","180509-002","6/18/2019 6:15:17 AM","0000-00","0","no battery","V"
"07/13/2019","06:10:13","9","default","116269760","OXY_CH9","3.255","min","221.855","μmol/L","Humid","22.122","deg","118372","µV","20.027","°C","1013.000","hPa","36.5","pmil","0","55.690","deg","20.000","°C","100.000","%a.s.","22.400","deg","20.000","°C","962.000","hPa","0.861","-0.02617","0.00035","0","0","13.56","Humid","35.35","0","78.50","296962.91","SABD0002000014","AAV2.0.0.13","3.0.1.1413","PSt7-10","180509-002","6/18/2019 6:15:17 AM","0000-00","0","no battery","V"
"07/13/2019","06:10:14","9","default","116269760","OXY_CH9","3.272","min","221.990","μmol/L","Humid","22.117","deg","118360","µV","20.021","°C","1013.000","hPa","36.5","pmil","0","55.690","deg","20.000","°C","100.000","%a.s.","22.400","deg","20.000","°C","962.000","hPa","0.861","-0.02617","0.00035","0","0","13.56","Humid","35.35","0","78.50","296958.37","SABD0002000014","AAV2.0.0.13","3.0.1.1413","PSt7-10","180509-002","6/18/2019 6:15:17 AM","0000-00","0","no battery","V"
"07/13/2019","06:10:15","9","default","116269760","OXY_CH9","3.289","min","222.028","μmol/L","Humid","22.115","deg","118345","µV","20.021","°C","1013.000","hPa","36.5","pmil","0","55.690","deg","20.000","°C","100.000","%a.s.","22.400","deg","20.000","°C","962.000","hPa","0.861","-0.02617","0.00035","0","0","13.56","Humid","35.35","0","78.50","296960.75","SABD0002000014","AAV2.0.0.13","3.0.1.1413","PSt7-10","180509-002","6/18/2019 6:15:17 AM","0000-00","0","no battery","V"
"07/13/2019","06:10:16","9","default","116269760","OXY_CH9","3.306","min","222.124","μmol/L","Humid","22.110","deg","118334","µV","20.021","°C","1013.000","hPa","36.5","pmil","0","55.690","deg","20.000","°C","100.000","%a.s.","22.400","deg","20.000","°C","962.000","hPa","0.861","-0.02617","0.00035","0","0","13.56","Humid","35.35","0","78.50","296950.47","SABD0002000014","AAV2.0.0.13","3.0.1.1413","PSt7-10","180509-002","6/18/2019 6:15:17 AM","0000-00","0","no battery","V"
"07/13/2019","06:10:17","9","default","116269760","OXY_CH9","3.323","min","222.047","μmol/L","Humid","22.114","deg","118326","µV","20.021","°C","1013.000","hPa","36.5","pmil","0","55.690","deg","20.000","°C","100.000","%a.s.","22.400","deg","20.000","°C","962.000","hPa","0.861","-0.02617","0.00035","0","0","13.56","Humid","35.35","0","78.50","296973.36","SABD0002000014","AAV2.0.0.13","3.0.1.1413","PSt7-10","180509-002","6/18/2019 6:15:17 AM","0000-00","0","no battery","V"
"07/13/2019","06:10:18","9","default","116269760","OXY_CH9","3.339","min","222.084","μmol/L","Humid","22.110","deg","118314","µV","20.027","°C","1013.000","hPa","36.5","pmil","0","55.690","deg","20.000","°C","100.000","%a.s.","22.400","deg","20.000","°C","962.000","hPa","0.861","-0.02617","0.00035","0","0","13.56","Humid","35.35","0","78.50","296946.40","SABD0002000014","AAV2.0.0.13","3.0.1.1413","PSt7-10","180509-002","6/18/2019 6:15:17 AM","0000-00","0","no battery","V"
"07/13/2019","06:10:19","9","default","116269760","OXY_CH9","3.355","min","222.085","μmol/L","Humid","22.112","deg","118289","µV","20.021","°C","1013.000","hPa","36.5","pmil","0","55.690","deg","20.000","°C","100.000","%a.s.","22.400","deg","20.000","°C","962.000","hPa","0.861","-0.02617","0.00035","0","0","13.56","Humid","35.35","0","78.50","296948.17","SABD0002000014","AAV2.0.0.13","3.0.1.1413","PSt7-10","180509-002","6/18/2019 6:15:17 AM","0000-00","0","no battery","V"
"07/13/2019","06:10:20","9","default","116269760","OXY_CH9","3.372","min","222.143","μmol/L","Humid","22.109","deg","118293","µV","20.021","°C","1013.000","hPa","36.5","pmil","0","55.690","deg","20.000","°C","100.000","%a.s.","22.400","deg","20.000","°C","962.000","hPa","0.861","-0.02617","0.00035","0","0","13.56","Humid","35.35","0","78.50","296966.06","SABD0002000014","AAV2.0.0.13","3.0.1.1413","PSt7-10","180509-002","6/18/2019 6:15:17 AM","0000-00","0","no battery","V"
"07/13/2019","06:10:21","9","default","116269760","OXY_CH9","3.389","min","222.238","μmol/L","Humid","22.104","deg","118274","µV","20.021","°C","1013.000","hPa","36.5","pmil","0","55.690","deg","20.000","°C","100.000","%a.s.","22.400","deg","20.000","°C","962.000","hPa","0.861","-0.02617","0.00035","0","0","13.56","Humid","35.35","0","78.50","296945.47","SABD0002000014","AAV2.0.0.13","3.0.1.1413","PSt7-10","180509-002","6/18/2019 6:15:17 AM","0000-00","0","no battery","V"
"07/13/2019","06:10:22","9","default","116269760","OXY_CH9","3.406","min","222.180","μmol/L","Humid","22.105","deg","118271","µV","20.027","°C","1013.000","hPa","36.5","pmil","0","55.690","deg","20.000","°C","100.000","%a.s.","22.400","deg","20.000","°C","962.000","hPa","0.861","-0.02617","0.00035","0","0","13.56","Humid","35.35","0","78.50","296952.91","SABD0002000014","AAV2.0.0.13","3.0.1.1413","PSt7-10","180509-002","6/18/2019 6:15:17 AM","0000-00","0","no battery","V"
"07/13/2019","06:10:23","9","default","116269760","OXY_CH9","3.422","min","222.200","μmol/L","Humid","22.106","deg","118263","µV","20.021","°C","1013.000","hPa","36.5","pmil","0","55.690","deg","20.000","°C","100.000","%a.s.","22.400","deg","20.000","°C","962.000","hPa","0.861","-0.02617","0.00035","0","0","13.56","Humid","35.35","0","78.50","296951.29","SABD0002000014","AAV2.0.0.13","3.0.1.1413","PSt7-10","180509-002","6/18/2019 6:15:17 AM","0000-00","0","no battery","V"
"07/13/2019","06:10:24","9","default","116269760","OXY_CH9","3.439","min","222.199","μmol/L","Humid","22.104","deg","118253","µV","20.027","°C","1013.000","hPa","36.5","pmil","0","55.690","deg","20.000","°C","100.000","%a.s.","22.400","deg","20.000","°C","962.000","hPa","0.861","-0.02617","0.00035","0","0","13.56","Humid","35.35","0","78.50","296941.65","SABD0002000014","AAV2.0.0.13","3.0.1.1413","PSt7-10","180509-002","6/18/2019 6:15:17 AM","0000-00","0","no battery","V"
"07/13/2019","06:10:25","9","default","116269760","OXY_CH9","3.456","min","222.334","μmol/L","Humid","22.099","deg","118244","µV","20.021","°C","1013.000","hPa","36.5","pmil","0","55.690","deg","20.000","°C","100.000","%a.s.","22.400","deg","20.000","°C","962.000","hPa","0.861","-0.02617","0.00035","0","0","13.56","Humid","35.35","0","78.50","296942.36","SABD0002000014","AAV2.0.0.13","3.0.1.1413","PSt7-10","180509-002","6/18/2019 6:15:17 AM","0000-00","0","no battery","V"
"07/13/2019","06:10:26","9","default","116269760","OXY_CH9","3.472","min","222.236","μmol/L","Humid","22.100","deg","118244","µV","20.034","°C","1013.000","hPa","36.5","pmil","0","55.690","deg","20.000","°C","100.000","%a.s.","22.400","deg","20.000","°C","962.000","hPa","0.861","-0.02617","0.00035","0","0","13.56","Humid","35.35","0","78.50","296971.62","SABD0002000014","AAV2.0.0.13","3.0.1.1413","PSt7-10","180509-002","6/18/2019 6:15:17 AM","0000-00","0","no battery","V"
"07/13/2019","06:10:27","9","default","116269760","OXY_CH9","3.489","min","222.314","μmol/L","Humid","22.098","deg","118223","µV","20.027","°C","1013.000","hPa","36.5","pmil","0","55.690","deg","20.000","°C","100.000","%a.s.","22.400","deg","20.000","°C","962.000","hPa","0.861","-0.02617","0.00035","0","0","13.56","Humid","35.35","0","78.50","296958.84","SABD0002000014","AAV2.0.0.13","3.0.1.1413","PSt7-10","180509-002","6/18/2019 6:15:17 AM","0000-00","0","no battery","V"
"07/13/2019","06:10:28","9","default","116269760","OXY_CH9","3.506","min","222.449","μmol/L","Humid","22.093","deg","118218","µV","20.021","°C","1013.000","hPa","36.5","pmil","0","55.690","deg","20.000","°C","100.000","%a.s.","22.400","deg","20.000","°C","962.000","hPa","0.861","-0.02617","0.00035","0","0","13.56","Humid","35.35","0","78.50","296954.46","SABD0002000014","AAV2.0.0.13","3.0.1.1413","PSt7-10","180509-002","6/18/2019 6:15:17 AM","0000-00","0","no battery","V"
"07/13/2019","06:10:29","9","default","116269760","OXY_CH9","3.522","min","222.390","μmol/L","Humid","22.094","deg","118209","µV","20.027","°C","1013.000","hPa","36.5","pmil","0","55.690","deg","20.000","°C","100.000","%a.s.","22.400","deg","20.000","°C","962.000","hPa","0.861","-0.02617","0.00035","0","0","13.56","Humid","35.35","0","78.50","296942.37","SABD0002000014","AAV2.0.0.13","3.0.1.1413","PSt7-10","180509-002","6/18/2019 6:15:17 AM","0000-00","0","no battery","V"
"07/13/2019","06:10:30","9","default","116269760","OXY_CH9","3.539","min","222.392","μmol/L","Humid","22.096","deg","118192","µV","20.021","°C","1013.000","hPa","36.5","pmil","0","55.690","deg","20.000","°C","100.000","%a.s.","22.400","deg","20.000","°C","962.000","hPa","0.861","-0.02617","0.00035","0","0","13.56","Humid","35.35","0","78.50","296949.98","SABD0002000014","AAV2.0.0.13","3.0.1.1413","PSt7-10","180509-002","6/18/2019 6:15:17 AM","0000-00","0","no battery","V"
"07/13/2019","06:10:31","9","default","116269760","OXY_CH9","3.555","min","222.448","μmol/L","Humid","22.091","deg","118184","µV","20.027","°C","1013.000","hPa","36.5","pmil","0","55.690","deg","20.000","°C","100.000","%a.s.","22.400","deg","20.000","°C","962.000","hPa","0.861","-0.02617","0.00035","0","0","13.56","Humid","35.35","0","78.50","296944.05","SABD0002000014","AAV2.0.0.13","3.0.1.1413","PSt7-10","180509-002","6/18/2019 6:15:17 AM","0000-00","0","no battery","V"
"07/13/2019","06:10:32","9","default","116269760","OXY_CH9","3.572","min","222.505","μmol/L","Humid","22.088","deg","118168","µV","20.027","°C","1013.000","hPa","36.5","pmil","0","55.690","deg","20.000","°C","100.000","%a.s.","22.400","deg","20.000","°C","962.000","hPa","0.861","-0.02617","0.00035","0","0","13.56","Humid","35.35","0","78.50","296940.93","SABD0002000014","AAV2.0.0.13","3.0.1.1413","PSt7-10","180509-002","6/18/2019 6:15:17 AM","0000-00","0","no battery","V"
"07/13/2019","06:10:33","9","default","116269760","OXY_CH9","3.589","min","222.485","μmol/L","Humid","22.087","deg","118148","µV","20.034","°C","1013.000","hPa","36.5","pmil","0","55.690","deg","20.000","°C","100.000","%a.s.","22.400","deg","20.000","°C","962.000","hPa","0.861","-0.02617","0.00035","0","0","13.56","Humid","35.35","0","78.50","296944.67","SABD0002000014","AAV2.0.0.13","3.0.1.1413","PSt7-10","180509-002","6/18/2019 6:15:17 AM","0000-00","0","no battery","V"
"07/13/2019","06:10:34","9","default","116269760","OXY_CH9","3.606","min","222.563","μmol/L","Humid","22.085","deg","118141","µV","20.027","°C","1013.000","hPa","36.5","pmil","0","55.690","deg","20.000","°C","100.000","%a.s.","22.400","deg","20.000","°C","962.000","hPa","0.861","-0.02617","0.00035","0","0","13.56","Humid","35.35","0","78.50","296945.71","SABD0002000014","AAV2.0.0.13","3.0.1.1413","PSt7-10","180509-002","6/18/2019 6:15:17 AM","0000-00","0","no battery","V"
"07/13/2019","06:10:35","9","default","116269760","OXY_CH9","3.622","min","222.641","μmol/L","Humid","22.083","deg","118120","µV","20.021","°C","1013.000","hPa","36.5","pmil","0","55.690","deg","20.000","°C","100.000","%a.s.","22.400","deg","20.000","°C","962.000","hPa","0.861","-0.02617","0.00035","0","0","13.56","Humid","35.35","0","78.50","296943.23","SABD0002000014","AAV2.0.0.13","3.0.1.1413","PSt7-10","180509-002","6/18/2019 6:15:17 AM","0000-00","0","no battery","V"
"07/13/2019","06:10:36","9","default","116269760","OXY_CH9","3.639","min","222.674","μmol/L","Humid","22.081","deg","118099","µV","20.021","°C","1012.000","hPa","36.5","pmil","0","55.690","deg","20.000","°C","100.000","%a.s.","22.400","deg","20.000","°C","962.000","hPa","0.861","-0.02617","0.00035","0","0","13.56","Humid","35.35","0","78.50","296929.72","SABD0002000014","AAV2.0.0.13","3.0.1.1413","PSt7-10","180509-002","6/18/2019 6:15:17 AM","0000-00","0","no battery","V"
"07/13/2019","06:10:37","9","default","116269760","OXY_CH9","3.655","min","222.639","μmol/L","Humid","22.081","deg","118088","µV","20.027","°C","1013.000","hPa","36.5","pmil","0","55.690","deg","20.000","°C","100.000","%a.s.","22.400","deg","20.000","°C","962.000","hPa","0.861","-0.02617","0.00035","0","0","13.56","Humid","35.35","0","78.50","296930.23","SABD0002000014","AAV2.0.0.13","3.0.1.1413","PSt7-10","180509-002","6/18/2019 6:15:17 AM","0000-00","0","no battery","V"
"07/13/2019","06:10:38","9","default","116269760","OXY_CH9","3.672","min","222.736","μmol/L","Humid","22.078","deg","118085","µV","20.021","°C","1013.000","hPa","36.5","pmil","0","55.690","deg","20.000","°C","100.000","%a.s.","22.400","deg","20.000","°C","962.000","hPa","0.861","-0.02617","0.00035","0","0","13.56","Humid","35.35","0","78.50","296943.83","SABD0002000014","AAV2.0.0.13","3.0.1.1413","PSt7-10","180509-002","6/18/2019 6:15:17 AM","0000-00","0","no battery","V"
"07/13/2019","06:10:39","9","default","116269760","OXY_CH9","3.689","min","222.755","μmol/L","Humid","22.075","deg","118066","µV","20.027","°C","1013.000","hPa","36.5","pmil","0","55.690","deg","20.000","°C","100.000","%a.s.","22.400","deg","20.000","°C","962.000","hPa","0.861","-0.02617","0.00035","0","0","13.56","Humid","35.35","0","78.50","296931.87","SABD0002000014","AAV2.0.0.13","3.0.1.1413","PSt7-10","180509-002","6/18/2019 6:15:17 AM","0000-00","0","no battery","V"
"07/13/2019","06:10:40","9","default","116269760","OXY_CH9","3.706","min","222.793","μmol/L","Humid","22.073","deg","118056","µV","20.027","°C","1013.000","hPa","36.5","pmil","0","55.690","deg","20.000","°C","100.000","%a.s.","22.400","deg","20.000","°C","962.000","hPa","0.861","-0.02617","0.00035","0","0","13.56","Humid","35.35","0","78.50","296933.30","SABD0002000014","AAV2.0.0.13","3.0.1.1413","PSt7-10","180509-002","6/18/2019 6:15:17 AM","0000-00","0","no battery","V"
"07/13/2019","06:10:41","9","default","116269760","OXY_CH9","3.723","min","222.832","μmol/L","Humid","22.073","deg","118041","µV","20.021","°C","1013.000","hPa","36.5","pmil","0","55.690","deg","20.000","°C","100.000","%a.s.","22.400","deg","20.000","°C","962.000","hPa","0.861","-0.02617","0.00035","0","0","13.56","Humid","35.35","0","78.50","296935.63","SABD0002000014","AAV2.0.0.13","3.0.1.1413","PSt7-10","180509-002","6/18/2019 6:15:17 AM","0000-00","0","no battery","V"
"07/13/2019","06:10:42","9","default","116269760","OXY_CH9","3.739","min","222.753","μmol/L","Humid","22.073","deg","118037","µV","20.034","°C","1013.000","hPa","36.5","pmil","0","55.690","deg","20.000","°C","100.000","%a.s.","22.400","deg","20.000","°C","962.000","hPa","0.861","-0.02617","0.00035","0","0","13.56","Humid","35.35","0","78.50","296941.74","SABD0002000014","AAV2.0.0.13","3.0.1.1413","PSt7-10","180509-002","6/18/2019 6:15:17 AM","0000-00","0","no battery","V"
"07/13/2019","06:10:43","9","default","116269760","OXY_CH9","3.756","min","222.927","μmol/L","Humid","22.066","deg","118021","µV","20.027","°C","1013.000","hPa","36.5","pmil","0","55.690","deg","20.000","°C","100.000","%a.s.","22.400","deg","20.000","°C","962.000","hPa","0.861","-0.02617","0.00035","0","0","13.56","Humid","35.35","0","78.50","296942.31","SABD0002000014","AAV2.0.0.13","3.0.1.1413","PSt7-10","180509-002","6/18/2019 6:15:17 AM","0000-00","0","no battery","V"
"07/13/2019","06:10:44","9","default","116269760","OXY_CH9","3.772","min","222.908","μmol/L","Humid","22.067","deg","118010","µV","20.027","°C","1013.000","hPa","36.5","pmil","0","55.690","deg","20.000","°C","100.000","%a.s.","22.400","deg","20.000","°C","962.000","hPa","0.861","-0.02617","0.00035","0","0","13.56","Humid","35.35","0","78.50","296935.91","SABD0002000014","AAV2.0.0.13","3.0.1.1413","PSt7-10","180509-002","6/18/2019 6:15:17 AM","0000-00","0","no battery","V"
"07/13/2019","06:10:45","9","default","116269760","OXY_CH9","3.789","min","222.945","μmol/L","Humid","22.063","deg","117995","µV","20.034","°C","1013.000","hPa","36.5","pmil","0","55.690","deg","20.000","°C","100.000","%a.s.","22.400","deg","20.000","°C","962.000","hPa","0.861","-0.02617","0.00035","0","0","13.56","Humid","35.35","0","78.50","296920.30","SABD0002000014","AAV2.0.0.13","3.0.1.1413","PSt7-10","180509-002","6/18/2019 6:15:17 AM","0000-00","0","no battery","V"
"07/13/2019","06:10:46","9","default","116269760","OXY_CH9","3.806","min","222.888","μmol/L","Humid","22.066","deg","117992","µV","20.034","°C","1013.000","hPa","36.5","pmil","0","55.690","deg","20.000","°C","100.000","%a.s.","22.400","deg","20.000","°C","962.000","hPa","0.861","-0.02617","0.00035","0","0","13.56","Humid","35.35","0","78.50","296923.94","SABD0002000014","AAV2.0.0.13","3.0.1.1413","PSt7-10","180509-002","6/18/2019 6:15:17 AM","0000-00","0","no battery","V"
"07/13/2019","06:10:47","9","default","116269760","OXY_CH9","3.822","min","223.004","μmol/L","Humid","22.062","deg","117984","µV","20.027","°C","1013.000","hPa","36.5","pmil","0","55.690","deg","20.000","°C","100.000","%a.s.","22.400","deg","20.000","°C","962.000","hPa","0.861","-0.02617","0.00035","0","0","13.56","Humid","35.35","0","78.50","296932.06","SABD0002000014","AAV2.0.0.13","3.0.1.1413","PSt7-10","180509-002","6/18/2019 6:15:17 AM","0000-00","0","no battery","V"
"07/13/2019","06:10:48","9","default","116269760","OXY_CH9","3.839","min","223.004","μmol/L","Humid","22.062","deg","117973","µV","20.027","°C","1013.000","hPa","36.5","pmil","0","55.690","deg","20.000","°C","100.000","%a.s.","22.400","deg","20.000","°C","962.000","hPa","0.861","-0.02617","0.00035","0","0","13.56","Humid","35.35","0","78.50","296919.93","SABD0002000014","AAV2.0.0.13","3.0.1.1413","PSt7-10","180509-002","6/18/2019 6:15:17 AM","0000-00","0","no battery","V"
"07/13/2019","06:10:49","9","default","116269760","OXY_CH9","3.856","min","223.063","μmol/L","Humid","22.061","deg","117966","µV","20.021","°C","1013.000","hPa","36.5","pmil","0","55.690","deg","20.000","°C","100.000","%a.s.","22.400","deg","20.000","°C","962.000","hPa","0.861","-0.02617","0.00035","0","0","13.56","Humid","35.35","0","78.50","296930.95","SABD0002000014","AAV2.0.0.13","3.0.1.1413","PSt7-10","180509-002","6/18/2019 6:15:17 AM","0000-00","0","no battery","V"
"07/13/2019","06:10:50","9","default","116269760","OXY_CH9","3.872","min","223.023","μmol/L","Humid","22.061","deg","117953","µV","20.027","°C","1013.000","hPa","36.5","pmil","0","55.690","deg","20.000","°C","100.000","%a.s.","22.400","deg","20.000","°C","962.000","hPa","0.861","-0.02617","0.00035","0","0","13.56","Humid","35.35","0","78.50","296919.65","SABD0002000014","AAV2.0.0.13","3.0.1.1413","PSt7-10","180509-002","6/18/2019 6:15:17 AM","0000-00","0","no battery","V"
"07/13/2019","06:10:51","9","default","116269760","OXY_CH9","3.889","min","223.080","μmol/L","Humid","22.056","deg","117946","µV","20.034","°C","1013.000","hPa","36.5","pmil","0","55.690","deg","20.000","°C","100.000","%a.s.","22.400","deg","20.000","°C","962.000","hPa","0.861","-0.02617","0.00035","0","0","13.56","Humid","35.35","0","78.50","296920.88","SABD0002000014","AAV2.0.0.13","3.0.1.1413","PSt7-10","180509-002","6/18/2019 6:15:17 AM","0000-00","0","no battery","V"
"07/13/2019","06:10:52","9","default","116269760","OXY_CH9","3.906","min","223.101","μmol/L","Humid","22.059","deg","117934","µV","20.021","°C","1013.000","hPa","36.5","pmil","0","55.690","deg","20.000","°C","100.000","%a.s.","22.400","deg","20.000","°C","962.000","hPa","0.861","-0.02617","0.00035","0","0","13.56","Humid","35.35","0","78.50","296931.53","SABD0002000014","AAV2.0.0.13","3.0.1.1413","PSt7-10","180509-002","6/18/2019 6:15:17 AM","0000-00","0","no battery","V"
"07/13/2019","06:10:53","9","default","116269760","OXY_CH9","3.922","min","223.100","μmol/L","Humid","22.057","deg","117927","µV","20.027","°C","1013.000","hPa","36.5","pmil","0","55.690","deg","20.000","°C","100.000","%a.s.","22.400","deg","20.000","°C","962.000","hPa","0.861","-0.02617","0.00035","0","0","13.56","Humid","35.35","0","78.50","296926.31","SABD0002000014","AAV2.0.0.13","3.0.1.1413","PSt7-10","180509-002","6/18/2019 6:15:17 AM","0000-00","0","no battery","V"
"07/13/2019","06:10:54","9","default","116269760","OXY_CH9","3.939","min","223.158","μmol/L","Humid","22.054","deg","117910","µV","20.027","°C","1013.000","hPa","36.5","pmil","0","55.690","deg","20.000","°C","100.000","%a.s.","22.400","deg","20.000","°C","962.000","hPa","0.861","-0.02617","0.00035","0","0","13.56","Humid","35.35","0","78.50","296924.62","SABD0002000014","AAV2.0.0.13","3.0.1.1413","PSt7-10","180509-002","6/18/2019 6:15:17 AM","0000-00","0","no battery","V"
"07/13/2019","06:10:55","9","default","116269760","OXY_CH9","3.956","min","223.176","μmol/L","Humid","22.051","deg","117914","µV","20.034","°C","1013.000","hPa","36.5","pmil","0","55.690","deg","20.000","°C","100.000","%a.s.","22.400","deg","20.000","°C","962.000","hPa","0.861","-0.02617","0.00035","0","0","13.56","Humid","35.35","0","78.50","296930.69","SABD0002000014","AAV2.0.0.13","3.0.1.1413","PSt7-10","180509-002","6/18/2019 6:15:17 AM","0000-00","0","no battery","V"
"07/13/2019","06:10:56","9","default","116269760","OXY_CH9","3.972","min","223.190","μmol/L","Humid","22.050","deg","117904","µV","20.034","°C","1012.000","hPa","36.5","pmil","0","55.690","deg","20.000","°C","100.000","%a.s.","22.400","deg","20.000","°C","962.000","hPa","0.861","-0.02617","0.00035","0","0","13.56","Humid","35.35","0","78.50","296926.51","SABD0002000014","AAV2.0.0.13","3.0.1.1413","PSt7-10","180509-002","6/18/2019 6:15:17 AM","0000-00","0","no battery","V"
"07/13/2019","06:10:57","9","default","116269760","OXY_CH9","3.989","min","223.196","μmol/L","Humid","22.052","deg","117890","µV","20.027","°C","1013.000","hPa","36.5","pmil","0","55.690","deg","20.000","°C","100.000","%a.s.","22.400","deg","20.000","°C","962.000","hPa","0.861","-0.02617","0.00035","0","0","13.56","Humid","35.35","0","78.50","296915.50","SABD0002000014","AAV2.0.0.13","3.0.1.1413","PSt7-10","180509-002","6/18/2019 6:15:17 AM","0000-00","0","no battery","V"
"07/13/2019","06:10:58","9","default","116269760","OXY_CH9","4.006","min","223.274","μmol/L","Humid","22.050","deg","117888","µV","20.021","°C","1013.000","hPa","36.5","pmil","0","55.690","deg","20.000","°C","100.000","%a.s.","22.400","deg","20.000","°C","962.000","hPa","0.861","-0.02617","0.00035","0","0","13.56","Humid","35.35","0","78.50","296911.65","SABD0002000014","AAV2.0.0.13","3.0.1.1413","PSt7-10","180509-002","6/18/2019 6:15:17 AM","0000-00","0","no battery","V"
"07/13/2019","06:10:59","9","default","116269760","OXY_CH9","4.022","min","223.235","μmol/L","Humid","22.050","deg","117874","µV","20.027","°C","1013.000","hPa","36.5","pmil","0","55.690","deg","20.000","°C","100.000","%a.s.","22.400","deg","20.000","°C","962.000","hPa","0.861","-0.02617","0.00035","0","0","13.56","Humid","35.35","0","78.50","296903.39","SABD0002000014","AAV2.0.0.13","3.0.1.1413","PSt7-10","180509-002","6/18/2019 6:15:17 AM","0000-00","0","no battery","V"
"07/13/2019","06:11:00","9","default","116269760","OXY_CH9","4.039","min","223.326","μmol/L","Humid","22.045","deg","117857","µV","20.027","°C","1012.000","hPa","36.5","pmil","0","55.690","deg","20.000","°C","100.000","%a.s.","22.400","deg","20.000","°C","962.000","hPa","0.861","-0.02617","0.00035","0","0","13.56","Humid","35.35","0","78.50","296898.34","SABD0002000014","AAV2.0.0.13","3.0.1.1413","PSt7-10","180509-002","6/18/2019 6:15:17 AM","0000-00","0","no battery","V"
"07/13/2019","06:11:01","9","default","116269760","OXY_CH9","4.056","min","223.331","μmol/L","Humid","22.045","deg","117859","µV","20.027","°C","1013.000","hPa","36.5","pmil","0","55.690","deg","20.000","°C","100.000","%a.s.","22.400","deg","20.000","°C","962.000","hPa","0.861","-0.02617","0.00035","0","0","13.56","Humid","35.35","0","78.50","296906.67","SABD0002000014","AAV2.0.0.13","3.0.1.1413","PSt7-10","180509-002","6/18/2019 6:15:17 AM","0000-00","0","no battery","V"
"07/13/2019","06:11:02","9","default","116269760","OXY_CH9","4.072","min","223.350","μmol/L","Humid","22.044","deg","117840","µV","20.027","°C","1013.000","hPa","36.5","pmil","0","55.690","deg","20.000","°C","100.000","%a.s.","22.400","deg","20.000","°C","962.000","hPa","0.861","-0.02617","0.00035","0","0","13.56","Humid","35.35","0","78.50","296905.77","SABD0002000014","AAV2.0.0.13","3.0.1.1413","PSt7-10","180509-002","6/18/2019 6:15:17 AM","0000-00","0","no battery","V"
"07/13/2019","06:11:03","9","default","116269760","OXY_CH9","4.089","min","223.404","μmol/L","Humid","22.043","deg","117838","µV","20.021","°C","1012.000","hPa","36.5","pmil","0","55.690","deg","20.000","°C","100.000","%a.s.","22.400","deg","20.000","°C","962.000","hPa","0.861","-0.02617","0.00035","0","0","13.56","Humid","35.35","0","78.50","296917.26","SABD0002000014","AAV2.0.0.13","3.0.1.1413","PSt7-10","180509-002","6/18/2019 6:15:17 AM","0000-00","0","no battery","V"
"07/13/2019","06:11:04","9","default","116269760","OXY_CH9","4.106","min","223.370","μmol/L","Humid","22.043","deg","117826","µV","20.027","°C","1013.000","hPa","36.5","pmil","0","55.690","deg","20.000","°C","100.000","%a.s.","22.400","deg","20.000","°C","962.000","hPa","0.861","-0.02617","0.00035","0","0","13.56","Humid","35.35","0","78.50","296903.57","SABD0002000014","AAV2.0.0.13","3.0.1.1413","PSt7-10","180509-002","6/18/2019 6:15:17 AM","0000-00","0","no battery","V"
"07/13/2019","06:11:05","9","default","116269760","OXY_CH9","4.122","min","223.466","μmol/L","Humid","22.038","deg","117816","µV","20.027","°C","1013.000","hPa","36.5","pmil","0","55.690","deg","20.000","°C","100.000","%a.s.","22.400","deg","20.000","°C","962.000","hPa","0.861","-0.02617","0.00035","0","0","13.56","Humid","35.35","0","78.50","296904.35","SABD0002000014","AAV2.0.0.13","3.0.1.1413","PSt7-10","180509-002","6/18/2019 6:15:17 AM","0000-00","0","no battery","V"
"07/13/2019","06:11:06","9","default","116269760","OXY_CH9","4.139","min","223.464","μmol/L","Humid","22.034","deg","117802","µV","20.040","°C","1013.000","hPa","36.5","pmil","0","55.690","deg","20.000","°C","100.000","%a.s.","22.400","deg","20.000","°C","962.000","hPa","0.861","-0.02617","0.00035","0","0","13.56","Humid","35.35","0","78.50","296914.97","SABD0002000014","AAV2.0.0.13","3.0.1.1413","PSt7-10","180509-002","6/18/2019 6:15:17 AM","0000-00","0","no battery","V"
"07/13/2019","06:11:07","9","default","116269760","OXY_CH9","4.156","min","223.504","μmol/L","Humid","22.036","deg","117799","µV","20.027","°C","1013.000","hPa","36.5","pmil","0","55.690","deg","20.000","°C","100.000","%a.s.","22.400","deg","20.000","°C","962.000","hPa","0.861","-0.02617","0.00035","0","0","13.56","Humid","35.35","0","78.50","296909.51","SABD0002000014","AAV2.0.0.13","3.0.1.1413","PSt7-10","180509-002","6/18/2019 6:15:17 AM","0000-00","0","no battery","V"
"07/13/2019","06:11:08","9","default","116269760","OXY_CH9","4.173","min","223.446","μmol/L","Humid","22.037","deg","117789","µV","20.034","°C","1013.000","hPa","36.5","pmil","0","55.690","deg","20.000","°C","100.000","%a.s.","22.400","deg","20.000","°C","962.000","hPa","0.861","-0.02617","0.00035","0","0","13.56","Humid","35.35","0","78.50","296912.93","SABD0002000014","AAV2.0.0.13","3.0.1.1413","PSt7-10","180509-002","6/18/2019 6:15:17 AM","0000-00","0","no battery","V"
"07/13/2019","06:11:09","9","default","116269760","OXY_CH9","4.189","min","223.485","μmol/L","Humid","22.037","deg","117774","µV","20.027","°C","1013.000","hPa","36.5","pmil","0","55.690","deg","20.000","°C","100.000","%a.s.","22.400","deg","20.000","°C","962.000","hPa","0.861","-0.02617","0.00035","0","0","13.56","Humid","35.35","0","78.50","296903.83","SABD0002000014","AAV2.0.0.13","3.0.1.1413","PSt7-10","180509-002","6/18/2019 6:15:17 AM","0000-00","0","no battery","V"
"07/13/2019","06:11:10","9","default","116269760","OXY_CH9","4.205","min","223.542","μmol/L","Humid","22.032","deg","117761","µV","20.034","°C","1013.000","hPa","36.5","pmil","0","55.690","deg","20.000","°C","100.000","%a.s.","22.400","deg","20.000","°C","962.000","hPa","0.861","-0.02617","0.00035","0","0","13.56","Humid","35.35","0","78.50","296895.00","SABD0002000014","AAV2.0.0.13","3.0.1.1413","PSt7-10","180509-002","6/18/2019 6:15:17 AM","0000-00","0","no battery","V"
"07/13/2019","06:11:11","9","default","116269760","OXY_CH9","4.223","min","223.639","μmol/L","Humid","22.029","deg","117754","µV","20.027","°C","1013.000","hPa","36.5","pmil","0","55.690","deg","20.000","°C","100.000","%a.s.","22.400","deg","20.000","°C","962.000","hPa","0.861","-0.02617","0.00035","0","0","13.56","Humid","35.35","0","78.50","296907.58","SABD0002000014","AAV2.0.0.13","3.0.1.1413","PSt7-10","180509-002","6/18/2019 6:15:17 AM","0000-00","0","no battery","V"
"07/13/2019","06:11:12","9","default","116269760","OXY_CH9","4.239","min","223.620","μmol/L","Humid","22.030","deg","117740","µV","20.027","°C","1013.000","hPa","36.5","pmil","0","55.690","deg","20.000","°C","100.000","%a.s.","22.400","deg","20.000","°C","962.000","hPa","0.861","-0.02617","0.00035","0","0","13.56","Humid","35.35","0","78.50","296884.21","SABD0002000014","AAV2.0.0.13","3.0.1.1413","PSt7-10","180509-002","6/18/2019 6:15:17 AM","0000-00","0","no battery","V"
"07/13/2019","06:11:13","9","default","116269760","OXY_CH9","4.256","min","223.653","μmol/L","Humid","22.028","deg","117725","µV","20.027","°C","1012.000","hPa","36.5","pmil","0","55.690","deg","20.000","°C","100.000","%a.s.","22.400","deg","20.000","°C","962.000","hPa","0.861","-0.02617","0.00035","0","0","13.56","Humid","35.35","0","78.50","296897.64","SABD0002000014","AAV2.0.0.13","3.0.1.1413","PSt7-10","180509-002","6/18/2019 6:15:17 AM","0000-00","0","no battery","V"
"07/13/2019","06:11:14","9","default","116269760","OXY_CH9","4.272","min","223.677","μmol/L","Humid","22.025","deg","117709","µV","20.034","°C","1013.000","hPa","36.5","pmil","0","55.690","deg","20.000","°C","100.000","%a.s.","22.400","deg","20.000","°C","962.000","hPa","0.861","-0.02617","0.00035","0","0","13.56","Humid","35.35","0","78.50","296884.13","SABD0002000014","AAV2.0.0.13","3.0.1.1413","PSt7-10","180509-002","6/18/2019 6:15:17 AM","0000-00","0","no battery","V"
"07/13/2019","06:11:15","9","default","116269760","OXY_CH9","4.289","min","223.657","μmol/L","Humid","22.024","deg","117710","µV","20.040","°C","1013.000","hPa","36.5","pmil","0","55.690","deg","20.000","°C","100.000","%a.s.","22.400","deg","20.000","°C","962.000","hPa","0.861","-0.02617","0.00035","0","0","13.56","Humid","35.35","0","78.50","296888.60","SABD0002000014","AAV2.0.0.13","3.0.1.1413","PSt7-10","180509-002","6/18/2019 6:15:17 AM","0000-00","0","no battery","V"
"07/13/2019","06:11:16","9","default","116269760","OXY_CH9","4.305","min","223.774","μmol/L","Humid","22.022","deg","117693","µV","20.027","°C","1013.000","hPa","36.5","pmil","0","55.690","deg","20.000","°C","100.000","%a.s.","22.400","deg","20.000","°C","962.000","hPa","0.861","-0.02617","0.00035","0","0","13.56","Humid","35.35","0","78.50","296876.66","SABD0002000014","AAV2.0.0.13","3.0.1.1413","PSt7-10","180509-002","6/18/2019 6:15:17 AM","0000-00","0","no battery","V"
"07/13/2019","06:11:17","9","default","116269760","OXY_CH9","4.323","min","223.813","μmol/L","Humid","22.020","deg","117687","µV","20.027","°C","1013.000","hPa","36.5","pmil","0","55.690","deg","20.000","°C","100.000","%a.s.","22.400","deg","20.000","°C","962.000","hPa","0.861","-0.02617","0.00035","0","0","13.56","Humid","35.35","0","78.50","296899.57","SABD0002000014","AAV2.0.0.13","3.0.1.1413","PSt7-10","180509-002","6/18/2019 6:15:17 AM","0000-00","0","no battery","V"
"07/13/2019","06:11:18","9","default","116269760","OXY_CH9","4.339","min","223.754","μmol/L","Humid","22.021","deg","117675","µV","20.034","°C","1013.000","hPa","36.5","pmil","0","55.690","deg","20.000","°C","100.000","%a.s.","22.400","deg","20.000","°C","962.000","hPa","0.861","-0.02617","0.00035","0","0","13.56","Humid","35.35","0","78.50","296886.69","SABD0002000014","AAV2.0.0.13","3.0.1.1413","PSt7-10","180509-002","6/18/2019 6:15:17 AM","0000-00","0","no battery","V"
"07/13/2019","06:11:19","9","default","116269760","OXY_CH9","4.356","min","223.832","μmol/L","Humid","22.019","deg","117664","µV","20.027","°C","1013.000","hPa","36.5","pmil","0","55.690","deg","20.000","°C","100.000","%a.s.","22.400","deg","20.000","°C","962.000","hPa","0.861","-0.02617","0.00035","0","0","13.56","Humid","35.35","0","78.50","296882.75","SABD0002000014","AAV2.0.0.13","3.0.1.1413","PSt7-10","180509-002","6/18/2019 6:15:17 AM","0000-00","0","no battery","V"
"07/13/2019","06:11:20","9","default","116269760","OXY_CH9","4.372","min","223.812","μmol/L","Humid","22.018","deg","117654","µV","20.034","°C","1013.000","hPa","36.5","pmil","0","55.690","deg","20.000","°C","100.000","%a.s.","22.400","deg","20.000","°C","962.000","hPa","0.861","-0.02617","0.00035","0","0","13.56","Humid","35.35","0","78.50","296891.00","SABD0002000014","AAV2.0.0.13","3.0.1.1413","PSt7-10","180509-002","6/18/2019 6:15:17 AM","0000-00","0","no battery","V"
"07/13/2019","06:11:21","9","default","116269760","OXY_CH9","4.389","min","223.968","μmol/L","Humid","22.012","deg","117644","µV","20.027","°C","1013.000","hPa","36.5","pmil","0","55.690","deg","20.000","°C","100.000","%a.s.","22.400","deg","20.000","°C","962.000","hPa","0.861","-0.02617","0.00035","0","0","13.56","Humid","35.35","0","78.50","296882.85","SABD0002000014","AAV2.0.0.13","3.0.1.1413","PSt7-10","180509-002","6/18/2019 6:15:17 AM","0000-00","0","no battery","V"
"07/13/2019","06:11:22","9","default","116269760","OXY_CH9","4.405","min","223.909","μmol/L","Humid","22.013","deg","117627","µV","20.034","°C","1013.000","hPa","36.5","pmil","0","55.690","deg","20.000","°C","100.000","%a.s.","22.400","deg","20.000","°C","962.000","hPa","0.861","-0.02617","0.00035","0","0","13.56","Humid","35.35","0","78.50","296872.35","SABD0002000014","AAV2.0.0.13","3.0.1.1413","PSt7-10","180509-002","6/18/2019 6:15:17 AM","0000-00","0","no battery","V"
"07/13/2019","06:11:23","9","default","116269760","OXY_CH9","4.422","min","223.947","μmol/L","Humid","22.011","deg","117625","µV","20.034","°C","1013.000","hPa","36.5","pmil","0","55.690","deg","20.000","°C","100.000","%a.s.","22.400","deg","20.000","°C","962.000","hPa","0.861","-0.02617","0.00035","0","0","13.56","Humid","35.35","0","78.50","296892.39","SABD0002000014","AAV2.0.0.13","3.0.1.1413","PSt7-10","180509-002","6/18/2019 6:15:17 AM","0000-00","0","no battery","V"
"07/13/2019","06:11:24","9","default","116269760","OXY_CH9","4.439","min","224.026","μmol/L","Humid","22.009","deg","117608","µV","20.027","°C","1013.000","hPa","36.5","pmil","0","55.690","deg","20.000","°C","100.000","%a.s.","22.400","deg","20.000","°C","962.000","hPa","0.861","-0.02617","0.00035","0","0","13.56","Humid","35.35","0","78.50","296870.04","SABD0002000014","AAV2.0.0.13","3.0.1.1413","PSt7-10","180509-002","6/18/2019 6:15:17 AM","0000-00","0","no battery","V"
"07/13/2019","06:11:25","9","default","116269760","OXY_CH9","4.456","min","223.968","μmol/L","Humid","22.012","deg","117596","µV","20.027","°C","1013.000","hPa","36.5","pmil","0","55.690","deg","20.000","°C","100.000","%a.s.","22.400","deg","20.000","°C","962.000","hPa","0.861","-0.02617","0.00035","0","0","13.56","Humid","35.35","0","78.50","296883.40","SABD0002000014","AAV2.0.0.13","3.0.1.1413","PSt7-10","180509-002","6/18/2019 6:15:17 AM","0000-00","0","no battery","V"
"07/13/2019","06:11:26","9","default","116269760","OXY_CH9","4.472","min","224.045","μmol/L","Humid","22.008","deg","117598","µV","20.027","°C","1013.000","hPa","36.5","pmil","0","55.690","deg","20.000","°C","100.000","%a.s.","22.400","deg","20.000","°C","962.000","hPa","0.861","-0.02617","0.00035","0","0","13.56","Humid","35.35","0","78.50","296889.72","SABD0002000014","AAV2.0.0.13","3.0.1.1413","PSt7-10","180509-002","6/18/2019 6:15:17 AM","0000-00","0","no battery","V"
"07/13/2019","06:11:27","9","default","116269760","OXY_CH9","4.489","min","224.044","μmol/L","Humid","22.006","deg","117577","µV","20.034","°C","1013.000","hPa","36.5","pmil","0","55.690","deg","20.000","°C","100.000","%a.s.","22.400","deg","20.000","°C","962.000","hPa","0.861","-0.02617","0.00035","0","0","13.56","Humid","35.35","0","78.50","296880.60","SABD0002000014","AAV2.0.0.13","3.0.1.1413","PSt7-10","180509-002","6/18/2019 6:15:17 AM","0000-00","0","no battery","V"
"07/13/2019","06:11:28","9","default","116269760","OXY_CH9","4.506","min","224.057","μmol/L","Humid","22.003","deg","117577","µV","20.040","°C","1012.000","hPa","36.5","pmil","0","55.690","deg","20.000","°C","100.000","%a.s.","22.400","deg","20.000","°C","962.000","hPa","0.861","-0.02617","0.00035","0","0","13.56","Humid","35.35","0","78.50","296871.24","SABD0002000014","AAV2.0.0.13","3.0.1.1413","PSt7-10","180509-002","6/18/2019 6:15:17 AM","0000-00","0","no battery","V"
"07/13/2019","06:11:29","9","default","116269760","OXY_CH9","4.522","min","224.102","μmol/L","Humid","22.003","deg","117562","µV","20.034","°C","1013.000","hPa","36.5","pmil","0","55.690","deg","20.000","°C","100.000","%a.s.","22.400","deg","20.000","°C","962.000","hPa","0.861","-0.02617","0.00035","0","0","13.56","Humid","35.35","0","78.50","296874.42","SABD0002000014","AAV2.0.0.13","3.0.1.1413","PSt7-10","180509-002","6/18/2019 6:15:17 AM","0000-00","0","no battery","V"
"07/13/2019","06:11:30","9","default","116269760","OXY_CH9","4.539","min","224.121","μmol/L","Humid","22.002","deg","117547","µV","20.034","°C","1013.000","hPa","36.5","pmil","0","55.690","deg","20.000","°C","100.000","%a.s.","22.400","deg","20.000","°C","962.000","hPa","0.861","-0.02617","0.00035","0","0","13.56","Humid","35.35","0","78.50","296867.68","SABD0002000014","AAV2.0.0.13","3.0.1.1413","PSt7-10","180509-002","6/18/2019 6:15:17 AM","0000-00","0","no battery","V"
"07/13/2019","06:11:31","9","default","116269760","OXY_CH9","4.556","min","224.180","μmol/L","Humid","22.001","deg","117537","µV","20.027","°C","1013.000","hPa","36.5","pmil","0","55.690","deg","20.000","°C","100.000","%a.s.","22.400","deg","20.000","°C","962.000","hPa","0.861","-0.02617","0.00035","0","0","13.56","Humid","35.35","0","78.50","296859.89","SABD0002000014","AAV2.0.0.13","3.0.1.1413","PSt7-10","180509-002","6/18/2019 6:15:17 AM","0000-00","0","no battery","V"
"07/13/2019","06:11:32","9","default","116269760","OXY_CH9","4.572","min","224.180","μmol/L","Humid","22.001","deg","117531","µV","20.027","°C","1013.000","hPa","36.5","pmil","0","55.690","deg","20.000","°C","100.000","%a.s.","22.400","deg","20.000","°C","962.000","hPa","0.861","-0.02617","0.00035","0","0","13.56","Humid","35.35","0","78.50","296867.08","SABD0002000014","AAV2.0.0.13","3.0.1.1413","PSt7-10","180509-002","6/18/2019 6:15:17 AM","0000-00","0","no battery","V"
"07/13/2019","06:11:33","9","default","116269760","OXY_CH9","4.589","min","224.258","μmol/L","Humid","21.997","deg","117523","µV","20.027","°C","1013.000","hPa","36.5","pmil","0","55.690","deg","20.000","°C","100.000","%a.s.","22.400","deg","20.000","°C","962.000","hPa","0.861","-0.02617","0.00035","0","0","13.56","Humid","35.35","0","78.50","296862.28","SABD0002000014","AAV2.0.0.13","3.0.1.1413","PSt7-10","180509-002","6/18/2019 6:15:17 AM","0000-00","0","no battery","V"
"07/13/2019","06:11:34","9","default","116269760","OXY_CH9","4.606","min","224.199","μmol/L","Humid","21.998","deg","117515","µV","20.034","°C","1013.000","hPa","36.5","pmil","0","55.690","deg","20.000","°C","100.000","%a.s.","22.400","deg","20.000","°C","962.000","hPa","0.861","-0.02617","0.00035","0","0","13.56","Humid","35.35","0","78.50","296875.31","SABD0002000014","AAV2.0.0.13","3.0.1.1413","PSt7-10","180509-002","6/18/2019 6:15:17 AM","0000-00","0","no battery","V"
"07/13/2019","06:11:35","9","default","116269760","OXY_CH9","4.622","min","224.218","μmol/L","Humid","21.997","deg","117491","µV","20.034","°C","1013.000","hPa","36.5","pmil","0","55.690","deg","20.000","°C","100.000","%a.s.","22.400","deg","20.000","°C","962.000","hPa","0.861","-0.02617","0.00035","0","0","13.56","Humid","35.35","0","78.50","296857.05","SABD0002000014","AAV2.0.0.13","3.0.1.1413","PSt7-10","180509-002","6/18/2019 6:15:17 AM","0000-00","0","no battery","V"
"07/13/2019","06:11:36","9","default","116269760","OXY_CH9","4.639","min","224.237","μmol/L","Humid","21.996","deg","117492","µV","20.034","°C","1013.000","hPa","36.5","pmil","0","55.690","deg","20.000","°C","100.000","%a.s.","22.400","deg","20.000","°C","962.000","hPa","0.861","-0.02617","0.00035","0","0","13.56","Humid","35.35","0","78.50","296850.73","SABD0002000014","AAV2.0.0.13","3.0.1.1413","PSt7-10","180509-002","6/18/2019 6:15:17 AM","0000-00","0","no battery","V"
"07/13/2019","06:11:37","9","default","116269760","OXY_CH9","4.655","min","224.353","μmol/L","Humid","21.990","deg","117484","µV","20.034","°C","1013.000","hPa","36.5","pmil","0","55.690","deg","20.000","°C","100.000","%a.s.","22.400","deg","20.000","°C","962.000","hPa","0.861","-0.02617","0.00035","0","0","13.56","Humid","35.35","0","78.50","296863.26","SABD0002000014","AAV2.0.0.13","3.0.1.1413","PSt7-10","180509-002","6/18/2019 6:15:17 AM","0000-00","0","no battery","V"
"07/13/2019","06:11:38","9","default","116269760","OXY_CH9","4.672","min","224.354","μmol/L","Humid","21.992","deg","117472","µV","20.027","°C","1013.000","hPa","36.5","pmil","0","55.690","deg","20.000","°C","100.000","%a.s.","22.400","deg","20.000","°C","962.000","hPa","0.861","-0.02617","0.00035","0","0","13.56","Humid","35.35","0","78.50","296861.19","SABD0002000014","AAV2.0.0.13","3.0.1.1413","PSt7-10","180509-002","6/18/2019 6:15:17 AM","0000-00","0","no battery","V"
"07/13/2019","06:11:39","9","default","116269760","OXY_CH9","4.689","min","224.373","μmol/L","Humid","21.989","deg","117457","µV","20.034","°C","1013.000","hPa","36.5","pmil","0","55.690","deg","20.000","°C","100.000","%a.s.","22.400","deg","20.000","°C","962.000","hPa","0.861","-0.02617","0.00035","0","0","13.56","Humid","35.35","0","78.50","296858.30","SABD0002000014","AAV2.0.0.13","3.0.1.1413","PSt7-10","180509-002","6/18/2019 6:15:17 AM","0000-00","0","no battery","V"
"07/13/2019","06:11:40","9","default","116269760","OXY_CH9","4.705","min","224.373","μmol/L","Humid","21.989","deg","117434","µV","20.034","°C","1013.000","hPa","36.5","pmil","0","55.690","deg","20.000","°C","100.000","%a.s.","22.400","deg","20.000","°C","962.000","hPa","0.861","-0.02617","0.00035","0","0","13.56","Humid","35.35","0","78.50","296851.89","SABD0002000014","AAV2.0.0.13","3.0.1.1413","PSt7-10","180509-002","6/18/2019 6:15:17 AM","0000-00","0","no battery","V"
"07/13/2019","06:11:41","9","default","116269760","OXY_CH9","4.722","min","224.431","μmol/L","Humid","21.986","deg","117430","µV","20.034","°C","1013.000","hPa","36.5","pmil","0","55.690","deg","20.000","°C","100.000","%a.s.","22.400","deg","20.000","°C","962.000","hPa","0.861","-0.02617","0.00035","0","0","13.56","Humid","35.35","0","78.50","296857.87","SABD0002000014","AAV2.0.0.13","3.0.1.1413","PSt7-10","180509-002","6/18/2019 6:15:17 AM","0000-00","0","no battery","V"
"07/13/2019","06:11:42","9","default","116269760","OXY_CH9","4.739","min","224.372","μmol/L","Humid","21.987","deg","117419","µV","20.040","°C","1013.000","hPa","36.5","pmil","0","55.690","deg","20.000","°C","100.000","%a.s.","22.400","deg","20.000","°C","962.000","hPa","0.861","-0.02617","0.00035","0","0","13.56","Humid","35.35","0","78.50","296845.08","SABD0002000014","AAV2.0.0.13","3.0.1.1413","PSt7-10","180509-002","6/18/2019 6:15:17 AM","0000-00","0","no battery","V"
"07/13/2019","06:11:43","9","default","116269760","OXY_CH9","4.756","min","224.449","μmol/L","Humid","21.983","deg","117415","µV","20.040","°C","1013.000","hPa","36.5","pmil","0","55.690","deg","20.000","°C","100.000","%a.s.","22.400","deg","20.000","°C","962.000","hPa","0.861","-0.02617","0.00035","0","0","13.56","Humid","35.35","0","78.50","296859.66","SABD0002000014","AAV2.0.0.13","3.0.1.1413","PSt7-10","180509-002","6/18/2019 6:15:17 AM","0000-00","0","no battery","V"
"07/13/2019","06:11:44","9","default","116269760","OXY_CH9","4.772","min","224.464","μmol/L","Humid","21.984","deg","117401","µV","20.034","°C","1012.000","hPa","36.5","pmil","0","55.690","deg","20.000","°C","100.000","%a.s.","22.400","deg","20.000","°C","962.000","hPa","0.861","-0.02617","0.00035","0","0","13.56","Humid","35.35","0","78.50","296848.26","SABD0002000014","AAV2.0.0.13","3.0.1.1413","PSt7-10","180509-002","6/18/2019 6:15:17 AM","0000-00","0","no battery","V"
"07/13/2019","06:11:45","9","default","116269760","OXY_CH9","4.789","min","224.547","μmol/L","Humid","21.980","deg","117389","µV","20.034","°C","1013.000","hPa","36.5","pmil","0","55.690","deg","20.000","°C","100.000","%a.s.","22.400","deg","20.000","°C","962.000","hPa","0.861","-0.02617","0.00035","0","0","13.56","Humid","35.35","0","78.50","296841.62","SABD0002000014","AAV2.0.0.13","3.0.1.1413","PSt7-10","180509-002","6/18/2019 6:15:17 AM","0000-00","0","no battery","V"
"07/13/2019","06:11:46","9","default","116269760","OXY_CH9","4.805","min","224.561","μmol/L","Humid","21.979","deg","117378","µV","20.034","°C","1012.000","hPa","36.5","pmil","0","55.690","deg","20.000","°C","100.000","%a.s.","22.400","deg","20.000","°C","962.000","hPa","0.861","-0.02617","0.00035","0","0","13.56","Humid","35.35","0","78.50","296841.76","SABD0002000014","AAV2.0.0.13","3.0.1.1413","PSt7-10","180509-002","6/18/2019 6:15:17 AM","0000-00","0","no battery","V"
"07/13/2019","06:11:47","9","default","116269760","OXY_CH9","4.822","min","224.625","μmol/L","Humid","21.976","deg","117368","µV","20.034","°C","1013.000","hPa","36.5","pmil","0","55.690","deg","20.000","°C","100.000","%a.s.","22.400","deg","20.000","°C","962.000","hPa","0.861","-0.02617","0.00035","0","0","13.56","Humid","35.35","0","78.50","296846.04","SABD0002000014","AAV2.0.0.13","3.0.1.1413","PSt7-10","180509-002","6/18/2019 6:15:17 AM","0000-00","0","no battery","V"
"07/13/2019","06:11:48","9","default","116269760","OXY_CH9","4.839","min","224.626","μmol/L","Humid","21.978","deg","117356","µV","20.027","°C","1013.000","hPa","36.5","pmil","0","55.690","deg","20.000","°C","100.000","%a.s.","22.400","deg","20.000","°C","962.000","hPa","0.861","-0.02617","0.00035","0","0","13.56","Humid","35.35","0","78.50","296850.21","SABD0002000014","AAV2.0.0.13","3.0.1.1413","PSt7-10","180509-002","6/18/2019 6:15:17 AM","0000-00","0","no battery","V"
"07/13/2019","06:11:49","9","default","116269760","OXY_CH9","4.856","min","224.663","μmol/L","Humid","21.974","deg","117349","µV","20.034","°C","1013.000","hPa","36.5","pmil","0","55.690","deg","20.000","°C","100.000","%a.s.","22.400","deg","20.000","°C","962.000","hPa","0.861","-0.02617","0.00035","0","0","13.56","Humid","35.35","0","78.50","296856.58","SABD0002000014","AAV2.0.0.13","3.0.1.1413","PSt7-10","180509-002","6/18/2019 6:15:17 AM","0000-00","0","no battery","V"
"07/13/2019","06:11:50","9","default","116269760","OXY_CH9","4.872","min","224.644","μmol/L","Humid","21.975","deg","117334","µV","20.034","°C","1013.000","hPa","36.5","pmil","0","55.690","deg","20.000","°C","100.000","%a.s.","22.400","deg","20.000","°C","962.000","hPa","0.861","-0.02617","0.00035","0","0","13.56","Humid","35.35","0","78.50","296849.50","SABD0002000014","AAV2.0.0.13","3.0.1.1413","PSt7-10","180509-002","6/18/2019 6:15:17 AM","0000-00","0","no battery","V"
"07/13/2019","06:11:51","9","default","116269760","OXY_CH9","4.889","min","224.721","μmol/L","Humid","21.969","deg","117326","µV","20.040","°C","1013.000","hPa","36.5","pmil","0","55.690","deg","20.000","°C","100.000","%a.s.","22.400","deg","20.000","°C","962.000","hPa","0.861","-0.02617","0.00035","0","0","13.56","Humid","35.35","0","78.50","296853.84","SABD0002000014","AAV2.0.0.13","3.0.1.1413","PSt7-10","180509-002","6/18/2019 6:15:17 AM","0000-00","0","no battery","V"
"07/13/2019","06:11:52","9","default","116269760","OXY_CH9","4.905","min","224.701","μmol/L","Humid","21.970","deg","117317","µV","20.040","°C","1013.000","hPa","36.5","pmil","0","55.690","deg","20.000","°C","100.000","%a.s.","22.400","deg","20.000","°C","962.000","hPa","0.861","-0.02617","0.00035","0","0","13.56","Humid","35.35","0","78.50","296851.16","SABD0002000014","AAV2.0.0.13","3.0.1.1413","PSt7-10","180509-002","6/18/2019 6:15:17 AM","0000-00","0","no battery","V"
"07/13/2019","06:11:53","9","default","116269760","OXY_CH9","4.922","min","224.798","μmol/L","Humid","21.965","deg","117302","µV","20.040","°C","1013.000","hPa","36.5","pmil","0","55.690","deg","20.000","°C","100.000","%a.s.","22.400","deg","20.000","°C","962.000","hPa","0.861","-0.02617","0.00035","0","0","13.56","Humid","35.35","0","78.50","296850.72","SABD0002000014","AAV2.0.0.13","3.0.1.1413","PSt7-10","180509-002","6/18/2019 6:15:17 AM","0000-00","0","no battery","V"
"07/13/2019","06:11:54","9","default","116269760","OXY_CH9","4.939","min","224.701","μmol/L","Humid","21.970","deg","117295","µV","20.040","°C","1013.000","hPa","36.5","pmil","0","55.690","deg","20.000","°C","100.000","%a.s.","22.400","deg","20.000","°C","962.000","hPa","0.861","-0.02617","0.00035","0","0","13.56","Humid","35.35","0","78.50","296856.83","SABD0002000014","AAV2.0.0.13","3.0.1.1413","PSt7-10","180509-002","6/18/2019 6:15:17 AM","0000-00","0","no battery","V"
"07/13/2019","06:11:55","9","default","116269760","OXY_CH9","4.956","min","224.780","μmol/L","Humid","21.968","deg","117285","µV","20.034","°C","1013.000","hPa","36.5","pmil","0","55.690","deg","20.000","°C","100.000","%a.s.","22.400","deg","20.000","°C","962.000","hPa","0.861","-0.02617","0.00035","0","0","13.56","Humid","35.35","0","78.50","296847.79","SABD0002000014","AAV2.0.0.13","3.0.1.1413","PSt7-10","180509-002","6/18/2019 6:15:17 AM","0000-00","0","no battery","V"
"07/13/2019","06:11:56","9","default","116269760","OXY_CH9","4.972","min","224.779","μmol/L","Humid","21.966","deg","117277","µV","20.040","°C","1013.000","hPa","36.5","pmil","0","55.690","deg","20.000","°C","100.000","%a.s.","22.400","deg","20.000","°C","962.000","hPa","0.861","-0.02617","0.00035","0","0","13.56","Humid","35.35","0","78.50","296836.45","SABD0002000014","AAV2.0.0.13","3.0.1.1413","PSt7-10","180509-002","6/18/2019 6:15:17 AM","0000-00","0","no battery","V"
"07/13/2019","06:11:57","9","default","116269760","OXY_CH9","4.989","min","224.877","μmol/L","Humid","21.963","deg","117266","µV","20.034","°C","1013.000","hPa","36.5","pmil","0","55.690","deg","20.000","°C","100.000","%a.s.","22.400","deg","20.000","°C","962.000","hPa","0.861","-0.02617","0.00035","0","0","13.56","Humid","35.35","0","78.50","296838.95","SABD0002000014","AAV2.0.0.13","3.0.1.1413","PSt7-10","180509-002","6/18/2019 6:15:17 AM","0000-00","0","no battery","V"
"07/13/2019","06:11:58","9","default","116269760","OXY_CH9","5.005","min","224.856","μmol/L","Humid","21.962","deg","117271","µV","20.040","°C","1013.000","hPa","36.5","pmil","0","55.690","deg","20.000","°C","100.000","%a.s.","22.400","deg","20.000","°C","962.000","hPa","0.861","-0.02617","0.00035","0","0","13.56","Humid","35.35","0","78.50","296844.58","SABD0002000014","AAV2.0.0.13","3.0.1.1413","PSt7-10","180509-002","6/18/2019 6:15:17 AM","0000-00","0","no battery","V"
"07/13/2019","06:11:59","9","default","116269760","OXY_CH9","5.022","min","224.915","μmol/L","Humid","21.959","deg","117251","µV","20.040","°C","1013.000","hPa","36.5","pmil","0","55.690","deg","20.000","°C","100.000","%a.s.","22.400","deg","20.000","°C","962.000","hPa","0.861","-0.02617","0.00035","0","0","13.56","Humid","35.35","0","78.50","296836.44","SABD0002000014","AAV2.0.0.13","3.0.1.1413","PSt7-10","180509-002","6/18/2019 6:15:17 AM","0000-00","0","no battery","V"
"07/13/2019","06:12:00","9","default","116269760","OXY_CH9","5.039","min","224.954","μmol/L","Humid","21.957","deg","117244","µV","20.040","°C","1013.000","hPa","36.5","pmil","0","55.690","deg","20.000","°C","100.000","%a.s.","22.400","deg","20.000","°C","962.000","hPa","0.861","-0.02617","0.00035","0","0","13.56","Humid","35.35","0","78.50","296845.46","SABD0002000014","AAV2.0.0.13","3.0.1.1413","PSt7-10","180509-002","6/18/2019 6:15:17 AM","0000-00","0","no battery","V"
"07/13/2019","06:12:01","9","default","116269760","OXY_CH9","5.056","min","224.916","μmol/L","Humid","21.961","deg","117241","µV","20.034","°C","1013.000","hPa","36.5","pmil","0","55.690","deg","20.000","°C","100.000","%a.s.","22.400","deg","20.000","°C","962.000","hPa","0.861","-0.02617","0.00035","0","0","13.56","Humid","35.35","0","78.50","296838.03","SABD0002000014","AAV2.0.0.13","3.0.1.1413","PSt7-10","180509-002","6/18/2019 6:15:17 AM","0000-00","0","no battery","V"
"07/13/2019","06:12:02","9","default","116269760","OXY_CH9","5.072","min","224.973","μmol/L","Humid","21.956","deg","117226","µV","20.040","°C","1013.000","hPa","36.5","pmil","0","55.690","deg","20.000","°C","100.000","%a.s.","22.400","deg","20.000","°C","962.000","hPa","0.861","-0.02617","0.00035","0","0","13.56","Humid","35.35","0","78.50","296833.45","SABD0002000014","AAV2.0.0.13","3.0.1.1413","PSt7-10","180509-002","6/18/2019 6:15:17 AM","0000-00","0","no battery","V"
"07/13/2019","06:12:03","9","default","116269760","OXY_CH9","5.089","min","224.992","μmol/L","Humid","21.955","deg","117206","µV","20.040","°C","1013.000","hPa","36.5","pmil","0","55.690","deg","20.000","°C","100.000","%a.s.","22.400","deg","20.000","°C","962.000","hPa","0.861","-0.02617","0.00035","0","0","13.56","Humid","35.35","0","78.50","296836.34","SABD0002000014","AAV2.0.0.13","3.0.1.1413","PSt7-10","180509-002","6/18/2019 6:15:17 AM","0000-00","0","no battery","V"
"07/13/2019","06:12:04","9","default","116269760","OXY_CH9","5.106","min","225.014","μmol/L","Humid","21.958","deg","117200","µV","20.027","°C","1013.000","hPa","36.5","pmil","0","55.690","deg","20.000","°C","100.000","%a.s.","22.400","deg","20.000","°C","962.000","hPa","0.861","-0.02617","0.00035","0","0","13.56","Humid","35.35","0","78.50","296835.43","SABD0002000014","AAV2.0.0.13","3.0.1.1413","PSt7-10","180509-002","6/18/2019 6:15:17 AM","0000-00","0","no battery","V"
"07/13/2019","06:12:05","9","default","116269760","OXY_CH9","5.122","min","225.032","μmol/L","Humid","21.955","deg","117186","µV","20.034","°C","1013.000","hPa","36.5","pmil","0","55.690","deg","20.000","°C","100.000","%a.s.","22.400","deg","20.000","°C","962.000","hPa","0.861","-0.02617","0.00035","0","0","13.56","Humid","35.35","0","78.50","296826.49","SABD0002000014","AAV2.0.0.13","3.0.1.1413","PSt7-10","180509-002","6/18/2019 6:15:17 AM","0000-00","0","no battery","V"
"07/13/2019","06:12:06","9","default","116269760","OXY_CH9","5.139","min","225.070","μmol/L","Humid","21.951","deg","117178","µV","20.040","°C","1013.000","hPa","36.5","pmil","0","55.690","deg","20.000","°C","100.000","%a.s.","22.400","deg","20.000","°C","962.000","hPa","0.861","-0.02617","0.00035","0","0","13.56","Humid","35.35","0","78.50","296831.47","SABD0002000014","AAV2.0.0.13","3.0.1.1413","PSt7-10","180509-002","6/18/2019 6:15:17 AM","0000-00","0","no battery","V"
"07/13/2019","06:12:07","9","default","116269760","OXY_CH9","5.156","min","225.163","μmol/L","Humid","21.948","deg","117173","µV","20.034","°C","1012.000","hPa","36.5","pmil","0","55.690","deg","20.000","°C","100.000","%a.s.","22.400","deg","20.000","°C","962.000","hPa","0.861","-0.02617","0.00035","0","0","13.56","Humid","35.35","0","78.50","296834.90","SABD0002000014","AAV2.0.0.13","3.0.1.1413","PSt7-10","180509-002","6/18/2019 6:15:17 AM","0000-00","0","no battery","V"
"07/13/2019","06:12:08","9","default","116269760","OXY_CH9","5.172","min","225.168","μmol/L","Humid","21.948","deg","117167","µV","20.034","°C","1013.000","hPa","36.5","pmil","0","55.690","deg","20.000","°C","100.000","%a.s.","22.400","deg","20.000","°C","962.000","hPa","0.861","-0.02617","0.00035","0","0","13.56","Humid","35.35","0","78.50","296819.59","SABD0002000014","AAV2.0.0.13","3.0.1.1413","PSt7-10","180509-002","6/18/2019 6:15:17 AM","0000-00","0","no battery","V"
"07/13/2019","06:12:09","9","default","116269760","OXY_CH9","5.189","min","225.069","μmol/L","Humid","21.949","deg","117150","µV","20.046","°C","1013.000","hPa","36.5","pmil","0","55.690","deg","20.000","°C","100.000","%a.s.","22.400","deg","20.000","°C","962.000","hPa","0.861","-0.02617","0.00035","0","0","13.56","Humid","35.35","0","78.50","296822.87","SABD0002000014","AAV2.0.0.13","3.0.1.1413","PSt7-10","180509-002","6/18/2019 6:15:17 AM","0000-00","0","no battery","V"
"07/13/2019","06:12:10","9","default","116269760","OXY_CH9","5.205","min","225.206","μmol/L","Humid","21.944","deg","117142","µV","20.040","°C","1013.000","hPa","36.5","pmil","0","55.690","deg","20.000","°C","100.000","%a.s.","22.400","deg","20.000","°C","962.000","hPa","0.861","-0.02617","0.00035","0","0","13.56","Humid","35.35","0","78.50","296821.00","SABD0002000014","AAV2.0.0.13","3.0.1.1413","PSt7-10","180509-002","6/18/2019 6:15:17 AM","0000-00","0","no battery","V"
"07/13/2019","06:12:11","9","default","116269760","OXY_CH9","5.222","min","225.266","μmol/L","Humid","21.943","deg","117136","µV","20.034","°C","1013.000","hPa","36.5","pmil","0","55.690","deg","20.000","°C","100.000","%a.s.","22.400","deg","20.000","°C","962.000","hPa","0.861","-0.02617","0.00035","0","0","13.56","Humid","35.35","0","78.50","296826.00","SABD0002000014","AAV2.0.0.13","3.0.1.1413","PSt7-10","180509-002","6/18/2019 6:15:17 AM","0000-00","0","no battery","V"
"07/13/2019","06:12:12","9","default","116269760","OXY_CH9","5.239","min","225.147","μmol/L","Humid","21.945","deg","117129","µV","20.046","°C","1013.000","hPa","36.5","pmil","0","55.690","deg","20.000","°C","100.000","%a.s.","22.400","deg","20.000","°C","962.000","hPa","0.861","-0.02617","0.00035","0","0","13.56","Humid","35.35","0","78.50","296827.25","SABD0002000014","AAV2.0.0.13","3.0.1.1413","PSt7-10","180509-002","6/18/2019 6:15:17 AM","0000-00","0","no battery","V"
"07/13/2019","06:12:13","9","default","116269760","OXY_CH9","5.256","min","225.245","μmol/L","Humid","21.942","deg","117108","µV","20.040","°C","1013.000","hPa","36.5","pmil","0","55.690","deg","20.000","°C","100.000","%a.s.","22.400","deg","20.000","°C","962.000","hPa","0.861","-0.02617","0.00035","0","0","13.56","Humid","35.35","0","78.50","296816.32","SABD0002000014","AAV2.0.0.13","3.0.1.1413","PSt7-10","180509-002","6/18/2019 6:15:17 AM","0000-00","0","no battery","V"
"07/13/2019","06:12:14","9","default","116269760","OXY_CH9","5.272","min","225.260","μmol/L","Humid","21.943","deg","117100","µV","20.034","°C","1012.000","hPa","36.5","pmil","0","55.690","deg","20.000","°C","100.000","%a.s.","22.400","deg","20.000","°C","962.000","hPa","0.861","-0.02617","0.00035","0","0","13.56","Humid","35.35","0","78.50","296820.81","SABD0002000014","AAV2.0.0.13","3.0.1.1413","PSt7-10","180509-002","6/18/2019 6:15:17 AM","0000-00","0","no battery","V"
"07/13/2019","06:12:15","9","default","116269760","OXY_CH9","5.289","min","225.323","μmol/L","Humid","21.938","deg","117095","µV","20.040","°C","1013.000","hPa","36.5","pmil","0","55.690","deg","20.000","°C","100.000","%a.s.","22.400","deg","20.000","°C","962.000","hPa","0.861","-0.02617","0.00035","0","0","13.56","Humid","35.35","0","78.50","296810.78","SABD0002000014","AAV2.0.0.13","3.0.1.1413","PSt7-10","180509-002","6/18/2019 6:15:17 AM","0000-00","0","no battery","V"
"07/13/2019","06:12:16","9","default","116269760","OXY_CH9","5.306","min","225.323","μmol/L","Humid","21.938","deg","117088","µV","20.040","°C","1013.000","hPa","36.5","pmil","0","55.690","deg","20.000","°C","100.000","%a.s.","22.400","deg","20.000","°C","962.000","hPa","0.861","-0.02617","0.00035","0","0","13.56","Humid","35.35","0","78.50","296826.06","SABD0002000014","AAV2.0.0.13","3.0.1.1413","PSt7-10","180509-002","6/18/2019 6:15:17 AM","0000-00","0","no battery","V"
"07/13/2019","06:12:17","9","default","116269760","OXY_CH9","5.322","min","225.421","μmol/L","Humid","21.933","deg","117087","µV","20.040","°C","1013.000","hPa","36.5","pmil","0","55.690","deg","20.000","°C","100.000","%a.s.","22.400","deg","20.000","°C","962.000","hPa","0.861","-0.02617","0.00035","0","0","13.56","Humid","35.35","0","78.50","296828.29","SABD0002000014","AAV2.0.0.13","3.0.1.1413","PSt7-10","180509-002","6/18/2019 6:15:17 AM","0000-00","0","no battery","V"
"07/13/2019","06:12:18","9","default","116269760","OXY_CH9","5.339","min","225.421","μmol/L","Humid","21.933","deg","117079","µV","20.040","°C","1013.000","hPa","36.5","pmil","0","55.690","deg","20.000","°C","100.000","%a.s.","22.400","deg","20.000","°C","962.000","hPa","0.861","-0.02617","0.00035","0","0","13.56","Humid","35.35","0","78.50","296822.10","SABD0002000014","AAV2.0.0.13","3.0.1.1413","PSt7-10","180509-002","6/18/2019 6:15:17 AM","0000-00","0","no battery","V"
"07/13/2019","06:12:19","9","default","116269760","OXY_CH9","5.355","min","225.401","μmol/L","Humid","21.934","deg","117065","µV","20.040","°C","1013.000","hPa","36.5","pmil","0","55.690","deg","20.000","°C","100.000","%a.s.","22.400","deg","20.000","°C","962.000","hPa","0.861","-0.02617","0.00035","0","0","13.56","Humid","35.35","0","78.50","296822.23","SABD0002000014","AAV2.0.0.13","3.0.1.1413","PSt7-10","180509-002","6/18/2019 6:15:17 AM","0000-00","0","no battery","V"
"07/13/2019","06:12:20","9","default","116269760","OXY_CH9","5.372","min","225.499","μmol/L","Humid","21.931","deg","117051","µV","20.034","°C","1013.000","hPa","36.5","pmil","0","55.690","deg","20.000","°C","100.000","%a.s.","22.400","deg","20.000","°C","962.000","hPa","0.861","-0.02617","0.00035","0","0","13.56","Humid","35.35","0","78.50","296829.29","SABD0002000014","AAV2.0.0.13","3.0.1.1413","PSt7-10","180509-002","6/18/2019 6:15:17 AM","0000-00","0","no battery","V"
"07/13/2019","06:12:21","9","default","116269760","OXY_CH9","5.389","min","225.400","μmol/L","Humid","21.932","deg","117036","µV","20.046","°C","1013.000","hPa","36.5","pmil","0","55.690","deg","20.000","°C","100.000","%a.s.","22.400","deg","20.000","°C","962.000","hPa","0.861","-0.02617","0.00035","0","0","13.56","Humid","35.35","0","78.50","296819.29","SABD0002000014","AAV2.0.0.13","3.0.1.1413","PSt7-10","180509-002","6/18/2019 6:15:17 AM","0000-00","0","no battery","V"
"07/13/2019","06:12:22","9","default","116269760","OXY_CH9","5.406","min","225.479","μmol/L","Humid","21.930","deg","117038","µV","20.040","°C","1013.000","hPa","36.5","pmil","0","55.690","deg","20.000","°C","100.000","%a.s.","22.400","deg","20.000","°C","962.000","hPa","0.861","-0.02617","0.00035","0","0","13.56","Humid","35.35","0","78.50","296819.41","SABD0002000014","AAV2.0.0.13","3.0.1.1413","PSt7-10","180509-002","6/18/2019 6:15:17 AM","0000-00","0","no battery","V"
"07/13/2019","06:12:23","9","default","116269760","OXY_CH9","5.422","min","225.518","μmol/L","Humid","21.928","deg","117030","µV","20.040","°C","1013.000","hPa","36.5","pmil","0","55.690","deg","20.000","°C","100.000","%a.s.","22.400","deg","20.000","°C","962.000","hPa","0.861","-0.02617","0.00035","0","0","13.56","Humid","35.35","0","78.50","296821.21","SABD0002000014","AAV2.0.0.13","3.0.1.1413","PSt7-10","180509-002","6/18/2019 6:15:17 AM","0000-00","0","no battery","V"
"07/13/2019","06:12:24","9","default","116269760","OXY_CH9","5.439","min","225.557","μmol/L","Humid","21.926","deg","117027","µV","20.040","°C","1013.000","hPa","36.5","pmil","0","55.690","deg","20.000","°C","100.000","%a.s.","22.400","deg","20.000","°C","962.000","hPa","0.861","-0.02617","0.00035","0","0","13.56","Humid","35.35","0","78.50","296833.30","SABD0002000014","AAV2.0.0.13","3.0.1.1413","PSt7-10","180509-002","6/18/2019 6:15:17 AM","0000-00","0","no battery","V"
"07/13/2019","06:12:25","9","default","116269760","OXY_CH9","5.456","min","225.537","μmol/L","Humid","21.927","deg","117007","µV","20.040","°C","1013.000","hPa","36.5","pmil","0","55.690","deg","20.000","°C","100.000","%a.s.","22.400","deg","20.000","°C","962.000","hPa","0.861","-0.02617","0.00035","0","0","13.56","Humid","35.35","0","78.50","296825.34","SABD0002000014","AAV2.0.0.13","3.0.1.1413","PSt7-10","180509-002","6/18/2019 6:15:17 AM","0000-00","0","no battery","V"
"07/13/2019","06:12:26","9","default","116269760","OXY_CH9","5.472","min","225.635","μmol/L","Humid","21.922","deg","116994","µV","20.040","°C","1013.000","hPa","36.5","pmil","0","55.690","deg","20.000","°C","100.000","%a.s.","22.400","deg","20.000","°C","962.000","hPa","0.861","-0.02617","0.00035","0","0","13.56","Humid","35.35","0","78.50","296799.90","SABD0002000014","AAV2.0.0.13","3.0.1.1413","PSt7-10","180509-002","6/18/2019 6:15:17 AM","0000-00","0","no battery","V"
"07/13/2019","06:12:27","9","default","116269760","OXY_CH9","5.489","min","225.689","μmol/L","Humid","21.921","deg","116979","µV","20.034","°C","1012.000","hPa","36.5","pmil","0","55.690","deg","20.000","°C","100.000","%a.s.","22.400","deg","20.000","°C","962.000","hPa","0.861","-0.02617","0.00035","0","0","13.56","Humid","35.35","0","78.50","296832.09","SABD0002000014","AAV2.0.0.13","3.0.1.1413","PSt7-10","180509-002","6/18/2019 6:15:17 AM","0000-00","0","no battery","V"
"07/13/2019","06:12:28","9","default","116269760","OXY_CH9","5.506","min","225.693","μmol/L","Humid","21.917","deg","116971","µV","20.046","°C","1013.000","hPa","36.5","pmil","0","55.690","deg","20.000","°C","100.000","%a.s.","22.400","deg","20.000","°C","962.000","hPa","0.861","-0.02617","0.00035","0","0","13.56","Humid","35.35","0","78.50","296826.47","SABD0002000014","AAV2.0.0.13","3.0.1.1413","PSt7-10","180509-002","6/18/2019 6:15:17 AM","0000-00","0","no battery","V"
"07/13/2019","06:12:29","9","default","116269760","OXY_CH9","5.523","min","225.712","μmol/L","Humid","21.916","deg","116956","µV","20.046","°C","1013.000","hPa","36.5","pmil","0","55.690","deg","20.000","°C","100.000","%a.s.","22.400","deg","20.000","°C","962.000","hPa","0.861","-0.02617","0.00035","0","0","13.56","Humid","35.35","0","78.50","296819.73","SABD0002000014","AAV2.0.0.13","3.0.1.1413","PSt7-10","180509-002","6/18/2019 6:15:17 AM","0000-00","0","no battery","V"
"07/13/2019","06:12:30","9","default","116269760","OXY_CH9","5.539","min","225.732","μmol/L","Humid","21.915","deg","116936","µV","20.046","°C","1013.000","hPa","36.5","pmil","0","55.690","deg","20.000","°C","100.000","%a.s.","22.400","deg","20.000","°C","962.000","hPa","0.861","-0.02617","0.00035","0","0","13.56","Humid","35.35","0","78.50","296818.86","SABD0002000014","AAV2.0.0.13","3.0.1.1413","PSt7-10","180509-002","6/18/2019 6:15:17 AM","0000-00","0","no battery","V"
"07/13/2019","06:12:31","9","default","116269760","OXY_CH9","5.556","min","225.772","μmol/L","Humid","21.915","deg","116938","µV","20.040","°C","1013.000","hPa","36.5","pmil","0","55.690","deg","20.000","°C","100.000","%a.s.","22.400","deg","20.000","°C","962.000","hPa","0.861","-0.02617","0.00035","0","0","13.56","Humid","35.35","0","78.50","296816.46","SABD0002000014","AAV2.0.0.13","3.0.1.1413","PSt7-10","180509-002","6/18/2019 6:15:17 AM","0000-00","0","no battery","V"
"07/13/2019","06:12:32","9","default","116269760","OXY_CH9","5.572","min","225.751","μmol/L","Humid","21.914","deg","116917","µV","20.046","°C","1013.000","hPa","36.5","pmil","0","55.690","deg","20.000","°C","100.000","%a.s.","22.400","deg","20.000","°C","962.000","hPa","0.861","-0.02617","0.00035","0","0","13.56","Humid","35.35","0","78.50","296809.65","SABD0002000014","AAV2.0.0.13","3.0.1.1413","PSt7-10","180509-002","6/18/2019 6:15:17 AM","0000-00","0","no battery","V"
"07/13/2019","06:12:33","9","default","116269760","OXY_CH9","5.589","min","225.770","μmol/L","Humid","21.911","deg","116913","µV","20.052","°C","1013.000","hPa","36.5","pmil","0","55.690","deg","20.000","°C","100.000","%a.s.","22.400","deg","20.000","°C","962.000","hPa","0.861","-0.02617","0.00035","0","0","13.56","Humid","35.35","0","78.50","296813.35","SABD0002000014","AAV2.0.0.13","3.0.1.1413","PSt7-10","180509-002","6/18/2019 6:15:17 AM","0000-00","0","no battery","V"
"07/13/2019","06:12:34","9","default","116269760","OXY_CH9","5.606","min","225.908","μmol/L","Humid","21.908","deg","116894","µV","20.040","°C","1013.000","hPa","36.5","pmil","0","55.690","deg","20.000","°C","100.000","%a.s.","22.400","deg","20.000","°C","962.000","hPa","0.861","-0.02617","0.00035","0","0","13.56","Humid","35.35","0","78.50","296810.41","SABD0002000014","AAV2.0.0.13","3.0.1.1413","PSt7-10","180509-002","6/18/2019 6:15:17 AM","0000-00","0","no battery","V"
"07/13/2019","06:12:35","9","default","116269760","OXY_CH9","5.623","min","225.889","μmol/L","Humid","21.909","deg","116890","µV","20.040","°C","1013.000","hPa","36.5","pmil","0","55.690","deg","20.000","°C","100.000","%a.s.","22.400","deg","20.000","°C","962.000","hPa","0.861","-0.02617","0.00035","0","0","13.56","Humid","35.35","0","78.50","296819.06","SABD0002000014","AAV2.0.0.13","3.0.1.1413","PSt7-10","180509-002","6/18/2019 6:15:17 AM","0000-00","0","no battery","V"
"07/13/2019","06:12:36","9","default","116269760","OXY_CH9","5.639","min","225.850","μmol/L","Humid","21.911","deg","116869","µV","20.040","°C","1013.000","hPa","36.5","pmil","0","55.690","deg","20.000","°C","100.000","%a.s.","22.400","deg","20.000","°C","962.000","hPa","0.861","-0.02617","0.00035","0","0","13.56","Humid","35.35","0","78.50","296804.61","SABD0002000014","AAV2.0.0.13","3.0.1.1413","PSt7-10","180509-002","6/18/2019 6:15:17 AM","0000-00","0","no battery","V"
"07/13/2019","06:12:37","9","default","116269760","OXY_CH9","5.656","min","225.907","μmol/L","Humid","21.906","deg","116862","µV","20.046","°C","1013.000","hPa","36.5","pmil","0","55.690","deg","20.000","°C","100.000","%a.s.","22.400","deg","20.000","°C","962.000","hPa","0.861","-0.02617","0.00035","0","0","13.56","Humid","35.35","0","78.50","296810.69","SABD0002000014","AAV2.0.0.13","3.0.1.1413","PSt7-10","180509-002","6/18/2019 6:15:17 AM","0000-00","0","no battery","V"
"07/13/2019","06:12:38","9","default","116269760","OXY_CH9","5.672","min","225.907","μmol/L","Humid","21.906","deg","116862","µV","20.046","°C","1013.000","hPa","36.5","pmil","0","55.690","deg","20.000","°C","100.000","%a.s.","22.400","deg","20.000","°C","962.000","hPa","0.861","-0.02617","0.00035","0","0","13.56","Humid","35.35","0","78.50","296796.08","SABD0002000014","AAV2.0.0.13","3.0.1.1413","PSt7-10","180509-002","6/18/2019 6:15:17 AM","0000-00","0","no battery","V"
"07/13/2019","06:12:39","9","default","116269760","OXY_CH9","5.689","min","225.946","μmol/L","Humid","21.904","deg","116855","µV","20.046","°C","1013.000","hPa","36.5","pmil","0","55.690","deg","20.000","°C","100.000","%a.s.","22.400","deg","20.000","°C","962.000","hPa","0.861","-0.02617","0.00035","0","0","13.56","Humid","35.35","0","78.50","296817.01","SABD0002000014","AAV2.0.0.13","3.0.1.1413","PSt7-10","180509-002","6/18/2019 6:15:17 AM","0000-00","0","no battery","V"
"07/13/2019","06:12:40","9","default","116269760","OXY_CH9","5.705","min","226.006","μmol/L","Humid","21.903","deg","116841","µV","20.040","°C","1013.000","hPa","36.5","pmil","0","55.690","deg","20.000","°C","100.000","%a.s.","22.400","deg","20.000","°C","962.000","hPa","0.861","-0.02617","0.00035","0","0","13.56","Humid","35.35","0","78.50","296801.57","SABD0002000014","AAV2.0.0.13","3.0.1.1413","PSt7-10","180509-002","6/18/2019 6:15:17 AM","0000-00","0","no battery","V"
"07/13/2019","06:12:41","9","default","116269760","OXY_CH9","5.723","min","226.044","μmol/L","Humid","21.899","deg","116826","µV","20.046","°C","1013.000","hPa","36.5","pmil","0","55.690","deg","20.000","°C","100.000","%a.s.","22.400","deg","20.000","°C","962.000","hPa","0.861","-0.02617","0.00035","0","0","13.56","Humid","35.35","0","78.50","296798.17","SABD0002000014","AAV2.0.0.13","3.0.1.1413","PSt7-10","180509-002","6/18/2019 6:15:17 AM","0000-00","0","no battery","V"
"07/13/2019","06:12:42","9","default","116269760","OXY_CH9","5.739","min","226.103","μmol/L","Humid","21.896","deg","116819","µV","20.046","°C","1013.000","hPa","36.5","pmil","0","55.690","deg","20.000","°C","100.000","%a.s.","22.400","deg","20.000","°C","962.000","hPa","0.861","-0.02617","0.00035","0","0","13.56","Humid","35.35","0","78.50","296789.92","SABD0002000014","AAV2.0.0.13","3.0.1.1413","PSt7-10","180509-002","6/18/2019 6:15:17 AM","0000-00","0","no battery","V"
"07/13/2019","06:12:43","9","default","116269760","OXY_CH9","5.756","min","226.123","μmol/L","Humid","21.897","deg","116802","µV","20.040","°C","1013.000","hPa","36.5","pmil","0","55.690","deg","20.000","°C","100.000","%a.s.","22.400","deg","20.000","°C","962.000","hPa","0.861","-0.02617","0.00035","0","0","13.56","Humid","35.35","0","78.50","296791.14","SABD0002000014","AAV2.0.0.13","3.0.1.1413","PSt7-10","180509-002","6/18/2019 6:15:17 AM","0000-00","0","no battery","V"
"07/13/2019","06:12:44","9","default","116269760","OXY_CH9","5.773","min","226.058","μmol/L","Humid","21.898","deg","116797","µV","20.046","°C","1012.000","hPa","36.5","pmil","0","55.690","deg","20.000","°C","100.000","%a.s.","22.400","deg","20.000","°C","962.000","hPa","0.861","-0.02617","0.00035","0","0","13.56","Humid","35.35","0","78.50","296792.56","SABD0002000014","AAV2.0.0.13","3.0.1.1413","PSt7-10","180509-002","6/18/2019 6:15:17 AM","0000-00","0","no battery","V"
"07/13/2019","06:12:45","9","default","116269760","OXY_CH9","5.789","min","226.122","μmol/L","Humid","21.895","deg","116803","µV","20.046","°C","1013.000","hPa","36.5","pmil","0","55.690","deg","20.000","°C","100.000","%a.s.","22.400","deg","20.000","°C","962.000","hPa","0.861","-0.02617","0.00035","0","0","13.56","Humid","35.35","0","78.50","296792.34","SABD0002000014","AAV2.0.0.13","3.0.1.1413","PSt7-10","180509-002","6/18/2019 6:15:17 AM","0000-00","0","no battery","V"
"07/13/2019","06:12:46","9","default","116269760","OXY_CH9","5.805","min","226.142","μmol/L","Humid","21.894","deg","116793","µV","20.046","°C","1013.000","hPa","36.5","pmil","0","55.690","deg","20.000","°C","100.000","%a.s.","22.400","deg","20.000","°C","962.000","hPa","0.861","-0.02617","0.00035","0","0","13.56","Humid","35.35","0","78.50","296782.88","SABD0002000014","AAV2.0.0.13","3.0.1.1413","PSt7-10","180509-002","6/18/2019 6:15:17 AM","0000-00","0","no battery","V"
"07/13/2019","06:12:47","9","default","116269760","OXY_CH9","5.822","min","226.181","μmol/L","Humid","21.892","deg","116774","µV","20.046","°C","1013.000","hPa","36.5","pmil","0","55.690","deg","20.000","°C","100.000","%a.s.","22.400","deg","20.000","°C","962.000","hPa","0.861","-0.02617","0.00035","0","0","13.56","Humid","35.35","0","78.50","296794.74","SABD0002000014","AAV2.0.0.13","3.0.1.1413","PSt7-10","180509-002","6/18/2019 6:15:17 AM","0000-00","0","no battery","V"
"07/13/2019","06:12:48","9","default","116269760","OXY_CH9","5.839","min","226.201","μmol/L","Humid","21.891","deg","116773","µV","20.046","°C","1013.000","hPa","36.5","pmil","0","55.690","deg","20.000","°C","100.000","%a.s.","22.400","deg","20.000","°C","962.000","hPa","0.861","-0.02617","0.00035","0","0","13.56","Humid","35.35","0","78.50","296794.34","SABD0002000014","AAV2.0.0.13","3.0.1.1413","PSt7-10","180509-002","6/18/2019 6:15:17 AM","0000-00","0","no battery","V"
"07/13/2019","06:12:49","9","default","116269760","OXY_CH9","5.856","min","226.220","μmol/L","Humid","21.890","deg","116766","µV","20.046","°C","1013.000","hPa","36.5","pmil","0","55.690","deg","20.000","°C","100.000","%a.s.","22.400","deg","20.000","°C","962.000","hPa","0.861","-0.02617","0.00035","0","0","13.56","Humid","35.35","0","78.50","296802.41","SABD0002000014","AAV2.0.0.13","3.0.1.1413","PSt7-10","180509-002","6/18/2019 6:15:17 AM","0000-00","0","no battery","V"
"07/13/2019","06:12:50","9","default","116269760","OXY_CH9","5.872","min","226.279","μmol/L","Humid","21.887","deg","116758","µV","20.046","°C","1013.000","hPa","36.5","pmil","0","55.690","deg","20.000","°C","100.000","%a.s.","22.400","deg","20.000","°C","962.000","hPa","0.861","-0.02617","0.00035","0","0","13.56","Humid","35.35","0","78.50","296790.59","SABD0002000014","AAV2.0.0.13","3.0.1.1413","PSt7-10","180509-002","6/18/2019 6:15:17 AM","0000-00","0","no battery","V"
"07/13/2019","06:12:51","9","default","116269760","OXY_CH9","5.889","min","226.279","μmol/L","Humid","21.887","deg","116741","µV","20.046","°C","1013.000","hPa","36.5","pmil","0","55.690","deg","20.000","°C","100.000","%a.s.","22.400","deg","20.000","°C","962.000","hPa","0.861","-0.02617","0.00035","0","0","13.56","Humid","35.35","0","78.50","296786.49","SABD0002000014","AAV2.0.0.13","3.0.1.1413","PSt7-10","180509-002","6/18/2019 6:15:17 AM","0000-00","0","no battery","V"
"07/13/2019","06:12:52","9","default","116269760","OXY_CH9","5.905","min","226.278","μmol/L","Humid","21.885","deg","116734","µV","20.052","°C","1013.000","hPa","36.5","pmil","0","55.690","deg","20.000","°C","100.000","%a.s.","22.400","deg","20.000","°C","962.000","hPa","0.861","-0.02617","0.00035","0","0","13.56","Humid","35.35","0","78.50","296779.30","SABD0002000014","AAV2.0.0.13","3.0.1.1413","PSt7-10","180509-002","6/18/2019 6:15:17 AM","0000-00","0","no battery","V"
"07/13/2019","06:12:53","9","default","116269760","OXY_CH9","5.922","min","226.279","μmol/L","Humid","21.887","deg","116726","µV","20.046","°C","1013.000","hPa","36.5","pmil","0","55.690","deg","20.000","°C","100.000","%a.s.","22.400","deg","20.000","°C","962.000","hPa","0.861","-0.02617","0.00035","0","0","13.56","Humid","35.35","0","78.50","296782.18","SABD0002000014","AAV2.0.0.13","3.0.1.1413","PSt7-10","180509-002","6/18/2019 6:15:17 AM","0000-00","0","no battery","V"
"07/13/2019","06:12:54","9","default","116269760","OXY_CH9","5.939","min","226.297","μmol/L","Humid","21.884","deg","116715","µV","20.052","°C","1013.000","hPa","36.5","pmil","0","55.690","deg","20.000","°C","100.000","%a.s.","22.400","deg","20.000","°C","962.000","hPa","0.861","-0.02617","0.00035","0","0","13.56","Humid","35.35","0","78.50","296792.14","SABD0002000014","AAV2.0.0.13","3.0.1.1413","PSt7-10","180509-002","6/18/2019 6:15:17 AM","0000-00","0","no battery","V"
"07/13/2019","06:12:55","9","default","116269760","OXY_CH9","5.956","min","226.436","μmol/L","Humid","21.881","deg","116715","µV","20.040","°C","1013.000","hPa","36.5","pmil","0","55.690","deg","20.000","°C","100.000","%a.s.","22.400","deg","20.000","°C","962.000","hPa","0.861","-0.02617","0.00035","0","0","13.56","Humid","35.35","0","78.50","296781.39","SABD0002000014","AAV2.0.0.13","3.0.1.1413","PSt7-10","180509-002","6/18/2019 6:15:17 AM","0000-00","0","no battery","V"
"07/13/2019","06:12:56","9","default","116269760","OXY_CH9","5.972","min","226.378","μmol/L","Humid","21.884","deg","116707","µV","20.040","°C","1013.000","hPa","36.5","pmil","0","55.690","deg","20.000","°C","100.000","%a.s.","22.400","deg","20.000","°C","962.000","hPa","0.861","-0.02617","0.00035","0","0","13.56","Humid","35.35","0","78.50","296788.80","SABD0002000014","AAV2.0.0.13","3.0.1.1413","PSt7-10","180509-002","6/18/2019 6:15:17 AM","0000-00","0","no battery","V"
"07/13/2019","06:12:57","9","default","116269760","OXY_CH9","5.989","min","226.317","μmol/L","Humid","21.883","deg","116706","µV","20.052","°C","1013.000","hPa","36.5","pmil","0","55.690","deg","20.000","°C","100.000","%a.s.","22.400","deg","20.000","°C","962.000","hPa","0.861","-0.02617","0.00035","0","0","13.56","Humid","35.35","0","78.50","296797.21","SABD0002000014","AAV2.0.0.13","3.0.1.1413","PSt7-10","180509-002","6/18/2019 6:15:17 AM","0000-00","0","no battery","V"
"07/13/2019","06:12:58","9","default","116269760","OXY_CH9","6.005","min","226.371","μmol/L","Humid","21.882","deg","116687","µV","20.046","°C","1012.000","hPa","36.5","pmil","0","55.690","deg","20.000","°C","100.000","%a.s.","22.400","deg","20.000","°C","962.000","hPa","0.861","-0.02617","0.00035","0","0","13.56","Humid","35.35","0","78.50","296800.12","SABD0002000014","AAV2.0.0.13","3.0.1.1413","PSt7-10","180509-002","6/18/2019 6:15:17 AM","0000-00","0","no battery","V"
"07/13/2019","06:12:59","9","default","116269760","OXY_CH9","6.022","min","226.414","μmol/L","Humid","21.876","deg","116680","µV","20.058","°C","1013.000","hPa","36.5","pmil","0","55.690","deg","20.000","°C","100.000","%a.s.","22.400","deg","20.000","°C","962.000","hPa","0.861","-0.02617","0.00035","0","0","13.56","Humid","35.35","0","78.50","296783.64","SABD0002000014","AAV2.0.0.13","3.0.1.1413","PSt7-10","180509-002","6/18/2019 6:15:17 AM","0000-00","0","no battery","V"
"07/13/2019","06:13:00","9","default","116269760","OXY_CH9","6.039","min","226.455","μmol/L","Humid","21.878","deg","116675","µV","20.046","°C","1013.000","hPa","36.5","pmil","0","55.690","deg","20.000","°C","100.000","%a.s.","22.400","deg","20.000","°C","962.000","hPa","0.861","-0.02617","0.00035","0","0","13.56","Humid","35.35","0","78.50","296798.16","SABD0002000014","AAV2.0.0.13","3.0.1.1413","PSt7-10","180509-002","6/18/2019 6:15:17 AM","0000-00","0","no battery","V"
"07/13/2019","06:13:01","9","default","116269760","OXY_CH9","6.056","min","226.436","μmol/L","Humid","21.879","deg","116662","µV","20.046","°C","1013.000","hPa","36.5","pmil","0","55.690","deg","20.000","°C","100.000","%a.s.","22.400","deg","20.000","°C","962.000","hPa","0.861","-0.02617","0.00035","0","0","13.56","Humid","35.35","0","78.50","296795.93","SABD0002000014","AAV2.0.0.13","3.0.1.1413","PSt7-10","180509-002","6/18/2019 6:15:17 AM","0000-00","0","no battery","V"
"07/13/2019","06:13:02","9","default","116269760","OXY_CH9","6.072","min","226.435","μmol/L","Humid","21.877","deg","116652","µV","20.052","°C","1013.000","hPa","36.5","pmil","0","55.690","deg","20.000","°C","100.000","%a.s.","22.400","deg","20.000","°C","962.000","hPa","0.861","-0.02617","0.00035","0","0","13.56","Humid","35.35","0","78.50","296793.91","SABD0002000014","AAV2.0.0.13","3.0.1.1413","PSt7-10","180509-002","6/18/2019 6:15:17 AM","0000-00","0","no battery","V"
"07/13/2019","06:13:03","9","default","116269760","OXY_CH9","6.089","min","226.612","μmol/L","Humid","21.870","deg","116642","µV","20.046","°C","1013.000","hPa","36.5","pmil","0","55.690","deg","20.000","°C","100.000","%a.s.","22.400","deg","20.000","°C","962.000","hPa","0.861","-0.02617","0.00035","0","0","13.56","Humid","35.35","0","78.50","296787.83","SABD0002000014","AAV2.0.0.13","3.0.1.1413","PSt7-10","180509-002","6/18/2019 6:15:17 AM","0000-00","0","no battery","V"
"07/13/2019","06:13:04","9","default","116269760","OXY_CH9","6.106","min","226.552","μmol/L","Humid","21.871","deg","116633","µV","20.052","°C","1013.000","hPa","36.5","pmil","0","55.690","deg","20.000","°C","100.000","%a.s.","22.400","deg","20.000","°C","962.000","hPa","0.861","-0.02617","0.00035","0","0","13.56","Humid","35.35","0","78.50","296793.22","SABD0002000014","AAV2.0.0.13","3.0.1.1413","PSt7-10","180509-002","6/18/2019 6:15:17 AM","0000-00","0","no battery","V"
"07/13/2019","06:13:05","9","default","116269760","OXY_CH9","6.122","min","226.592","μmol/L","Humid","21.871","deg","116623","µV","20.046","°C","1013.000","hPa","36.5","pmil","0","55.690","deg","20.000","°C","100.000","%a.s.","22.400","deg","20.000","°C","962.000","hPa","0.861","-0.02617","0.00035","0","0","13.56","Humid","35.35","0","78.50","296777.04","SABD0002000014","AAV2.0.0.13","3.0.1.1413","PSt7-10","180509-002","6/18/2019 6:15:17 AM","0000-00","0","no battery","V"
"07/13/2019","06:13:06","9","default","116269760","OXY_CH9","6.139","min","226.572","μmol/L","Humid","21.870","deg","116609","µV","20.052","°C","1013.000","hPa","36.5","pmil","0","55.690","deg","20.000","°C","100.000","%a.s.","22.400","deg","20.000","°C","962.000","hPa","0.861","-0.02617","0.00035","0","0","13.56","Humid","35.35","0","78.50","296782.35","SABD0002000014","AAV2.0.0.13","3.0.1.1413","PSt7-10","180509-002","6/18/2019 6:15:17 AM","0000-00","0","no battery","V"
"07/13/2019","06:13:07","9","default","116269760","OXY_CH9","6.157","min","226.651","μmol/L","Humid","21.868","deg","116602","µV","20.046","°C","1013.000","hPa","36.5","pmil","0","55.690","deg","20.000","°C","100.000","%a.s.","22.400","deg","20.000","°C","962.000","hPa","0.861","-0.02617","0.00035","0","0","13.56","Humid","35.35","0","78.50","296786.90","SABD0002000014","AAV2.0.0.13","3.0.1.1413","PSt7-10","180509-002","6/18/2019 6:15:17 AM","0000-00","0","no battery","V"
"07/13/2019","06:13:08","9","default","116269760","OXY_CH9","6.172","min","226.750","μmol/L","Humid","21.865","deg","116595","µV","20.040","°C","1013.000","hPa","36.5","pmil","0","55.690","deg","20.000","°C","100.000","%a.s.","22.400","deg","20.000","°C","962.000","hPa","0.861","-0.02617","0.00035","0","0","13.56","Humid","35.35","0","78.50","296781.83","SABD0002000014","AAV2.0.0.13","3.0.1.1413","PSt7-10","180509-002","6/18/2019 6:15:17 AM","0000-00","0","no battery","V"
"07/13/2019","06:13:09","9","default","116269760","OXY_CH9","6.189","min","226.689","μmol/L","Humid","21.864","deg","116575","µV","20.052","°C","1013.000","hPa","36.5","pmil","0","55.690","deg","20.000","°C","100.000","%a.s.","22.400","deg","20.000","°C","962.000","hPa","0.861","-0.02617","0.00035","0","0","13.56","Humid","35.35","0","78.50","296771.61","SABD0002000014","AAV2.0.0.13","3.0.1.1413","PSt7-10","180509-002","6/18/2019 6:15:17 AM","0000-00","0","no battery","V"
"07/13/2019","06:13:10","9","default","116269760","OXY_CH9","6.206","min","226.650","μmol/L","Humid","21.866","deg","116565","µV","20.052","°C","1013.000","hPa","36.5","pmil","0","55.690","deg","20.000","°C","100.000","%a.s.","22.400","deg","20.000","°C","962.000","hPa","0.861","-0.02617","0.00035","0","0","13.56","Humid","35.35","0","78.50","296760.45","SABD0002000014","AAV2.0.0.13","3.0.1.1413","PSt7-10","180509-002","6/18/2019 6:15:17 AM","0000-00","0","no battery","V"
"07/13/2019","06:13:11","9","default","116269760","OXY_CH9","6.222","min","226.729","μmol/L","Humid","21.862","deg","116567","µV","20.052","°C","1013.000","hPa","36.5","pmil","0","55.690","deg","20.000","°C","100.000","%a.s.","22.400","deg","20.000","°C","962.000","hPa","0.861","-0.02617","0.00035","0","0","13.56","Humid","35.35","0","78.50","296775.90","SABD0002000014","AAV2.0.0.13","3.0.1.1413","PSt7-10","180509-002","6/18/2019 6:15:17 AM","0000-00","0","no battery","V"
"07/13/2019","06:13:12","9","default","116269760","OXY_CH9","6.239","min","226.808","μmol/L","Humid","21.860","deg","116550","µV","20.046","°C","1013.000","hPa","36.5","pmil","0","55.690","deg","20.000","°C","100.000","%a.s.","22.400","deg","20.000","°C","962.000","hPa","0.861","-0.02617","0.00035","0","0","13.56","Humid","35.35","0","78.50","296778.02","SABD0002000014","AAV2.0.0.13","3.0.1.1413","PSt7-10","180509-002","6/18/2019 6:15:17 AM","0000-00","0","no battery","V"
"07/13/2019","06:13:13","9","default","116269760","OXY_CH9","6.255","min","226.808","μmol/L","Humid","21.860","deg","116540","µV","20.046","°C","1013.000","hPa","36.5","pmil","0","55.690","deg","20.000","°C","100.000","%a.s.","22.400","deg","20.000","°C","962.000","hPa","0.861","-0.02617","0.00035","0","0","13.56","Humid","35.35","0","78.50","296749.27","SABD0002000014","AAV2.0.0.13","3.0.1.1413","PSt7-10","180509-002","6/18/2019 6:15:17 AM","0000-00","0","no battery","V"
"07/13/2019","06:13:14","9","default","116269760","OXY_CH9","6.273","min","226.842","μmol/L","Humid","21.858","deg","116532","µV","20.046","°C","1012.000","hPa","36.5","pmil","0","55.690","deg","20.000","°C","100.000","%a.s.","22.400","deg","20.000","°C","962.000","hPa","0.861","-0.02617","0.00035","0","0","13.56","Humid","35.35","0","78.50","296770.18","SABD0002000014","AAV2.0.0.13","3.0.1.1413","PSt7-10","180509-002","6/18/2019 6:15:17 AM","0000-00","0","no battery","V"
"07/13/2019","06:13:15","9","default","116269760","OXY_CH9","6.289","min","226.887","μmol/L","Humid","21.856","deg","116520","µV","20.046","°C","1013.000","hPa","36.5","pmil","0","55.690","deg","20.000","°C","100.000","%a.s.","22.400","deg","20.000","°C","962.000","hPa","0.861","-0.02617","0.00035","0","0","13.56","Humid","35.35","0","78.50","296766.69","SABD0002000014","AAV2.0.0.13","3.0.1.1413","PSt7-10","180509-002","6/18/2019 6:15:17 AM","0000-00","0","no battery","V"
"07/13/2019","06:13:16","9","default","116269760","OXY_CH9","6.305","min","226.920","μmol/L","Humid","21.852","deg","116510","µV","20.052","°C","1012.000","hPa","36.5","pmil","0","55.690","deg","20.000","°C","100.000","%a.s.","22.400","deg","20.000","°C","962.000","hPa","0.861","-0.02617","0.00035","0","0","13.56","Humid","35.35","0","78.50","296760.76","SABD0002000014","AAV2.0.0.13","3.0.1.1413","PSt7-10","180509-002","6/18/2019 6:15:17 AM","0000-00","0","no battery","V"
"07/13/2019","06:13:17","9","default","116269760","OXY_CH9","6.322","min","226.887","μmol/L","Humid","21.856","deg","116505","µV","20.046","°C","1013.000","hPa","36.5","pmil","0","55.690","deg","20.000","°C","100.000","%a.s.","22.400","deg","20.000","°C","962.000","hPa","0.861","-0.02617","0.00035","0","0","13.56","Humid","35.35","0","78.50","296766.70","SABD0002000014","AAV2.0.0.13","3.0.1.1413","PSt7-10","180509-002","6/18/2019 6:15:17 AM","0000-00","0","no battery","V"
"07/13/2019","06:13:18","9","default","116269760","OXY_CH9","6.339","min","226.906","μmol/L","Humid","21.855","deg","116493","µV","20.046","°C","1013.000","hPa","36.5","pmil","0","55.690","deg","20.000","°C","100.000","%a.s.","22.400","deg","20.000","°C","962.000","hPa","0.861","-0.02617","0.00035","0","0","13.56","Humid","35.35","0","78.50","296767.41","SABD0002000014","AAV2.0.0.13","3.0.1.1413","PSt7-10","180509-002","6/18/2019 6:15:17 AM","0000-00","0","no battery","V"
"07/13/2019","06:13:19","9","default","116269760","OXY_CH9","6.355","min","227.005","μmol/L","Humid","21.850","deg","116478","µV","20.046","°C","1013.000","hPa","36.5","pmil","0","55.690","deg","20.000","°C","100.000","%a.s.","22.400","deg","20.000","°C","962.000","hPa","0.861","-0.02617","0.00035","0","0","13.56","Humid","35.35","0","78.50","296765.41","SABD0002000014","AAV2.0.0.13","3.0.1.1413","PSt7-10","180509-002","6/18/2019 6:15:17 AM","0000-00","0","no battery","V"
"07/13/2019","06:13:20","9","default","116269760","OXY_CH9","6.372","min","226.998","μmol/L","Humid","21.848","deg","116478","µV","20.052","°C","1012.000","hPa","36.5","pmil","0","55.690","deg","20.000","°C","100.000","%a.s.","22.400","deg","20.000","°C","962.000","hPa","0.861","-0.02617","0.00035","0","0","13.56","Humid","35.35","0","78.50","296757.14","SABD0002000014","AAV2.0.0.13","3.0.1.1413","PSt7-10","180509-002","6/18/2019 6:15:17 AM","0000-00","0","no battery","V"
"07/13/2019","06:13:21","9","default","116269760","OXY_CH9","6.389","min","227.004","μmol/L","Humid","21.848","deg","116461","µV","20.052","°C","1013.000","hPa","36.5","pmil","0","55.690","deg","20.000","°C","100.000","%a.s.","22.400","deg","20.000","°C","962.000","hPa","0.861","-0.02617","0.00035","0","0","13.56","Humid","35.35","0","78.50","296770.45","SABD0002000014","AAV2.0.0.13","3.0.1.1413","PSt7-10","180509-002","6/18/2019 6:15:17 AM","0000-00","0","no battery","V"
"07/13/2019","06:13:22","9","default","116269760","OXY_CH9","6.405","min","226.984","μmol/L","Humid","21.849","deg","116453","µV","20.052","°C","1013.000","hPa","36.5","pmil","0","55.690","deg","20.000","°C","100.000","%a.s.","22.400","deg","20.000","°C","962.000","hPa","0.861","-0.02617","0.00035","0","0","13.56","Humid","35.35","0","78.50","296757.19","SABD0002000014","AAV2.0.0.13","3.0.1.1413","PSt7-10","180509-002","6/18/2019 6:15:17 AM","0000-00","0","no battery","V"
"07/13/2019","06:13:23","9","default","116269760","OXY_CH9","6.422","min","226.983","μmol/L","Humid","21.847","deg","116440","µV","20.058","°C","1013.000","hPa","36.5","pmil","0","55.690","deg","20.000","°C","100.000","%a.s.","22.400","deg","20.000","°C","962.000","hPa","0.861","-0.02617","0.00035","0","0","13.56","Humid","35.35","0","78.50","296754.64","SABD0002000014","AAV2.0.0.13","3.0.1.1413","PSt7-10","180509-002","6/18/2019 6:15:17 AM","0000-00","0","no battery","V"
"07/13/2019","06:13:24","9","default","116269760","OXY_CH9","6.439","min","227.162","μmol/L","Humid","21.842","deg","116433","µV","20.046","°C","1013.000","hPa","36.5","pmil","0","55.690","deg","20.000","°C","100.000","%a.s.","22.400","deg","20.000","°C","962.000","hPa","0.861","-0.02617","0.00035","0","0","13.56","Humid","35.35","0","78.50","296757.00","SABD0002000014","AAV2.0.0.13","3.0.1.1413","PSt7-10","180509-002","6/18/2019 6:15:17 AM","0000-00","0","no battery","V"
"07/13/2019","06:13:25","9","default","116269760","OXY_CH9","6.456","min","227.122","μmol/L","Humid","21.842","deg","116430","µV","20.052","°C","1013.000","hPa","36.5","pmil","0","55.690","deg","20.000","°C","100.000","%a.s.","22.400","deg","20.000","°C","962.000","hPa","0.861","-0.02617","0.00035","0","0","13.56","Humid","35.35","0","78.50","296761.60","SABD0002000014","AAV2.0.0.13","3.0.1.1413","PSt7-10","180509-002","6/18/2019 6:15:17 AM","0000-00","0","no battery","V"
"07/13/2019","06:13:26","9","default","116269760","OXY_CH9","6.472","min","227.081","μmol/L","Humid","21.842","deg","116413","µV","20.058","°C","1013.000","hPa","36.5","pmil","0","55.690","deg","20.000","°C","100.000","%a.s.","22.400","deg","20.000","°C","962.000","hPa","0.861","-0.02617","0.00035","0","0","13.56","Humid","35.35","0","78.50","296749.93","SABD0002000014","AAV2.0.0.13","3.0.1.1413","PSt7-10","180509-002","6/18/2019 6:15:17 AM","0000-00","0","no battery","V"
"07/13/2019","06:13:27","9","default","116269760","OXY_CH9","6.489","min","227.221","μmol/L","Humid","21.839","deg","116404","µV","20.046","°C","1013.000","hPa","36.5","pmil","0","55.690","deg","20.000","°C","100.000","%a.s.","22.400","deg","20.000","°C","962.000","hPa","0.861","-0.02617","0.00035","0","0","13.56","Humid","35.35","0","78.50","296757.35","SABD0002000014","AAV2.0.0.13","3.0.1.1413","PSt7-10","180509-002","6/18/2019 6:15:17 AM","0000-00","0","no battery","V"
"07/13/2019","06:13:28","9","default","116269760","OXY_CH9","6.505","min","227.279","μmol/L","Humid","21.834","deg","116390","µV","20.052","°C","1013.000","hPa","36.5","pmil","0","55.690","deg","20.000","°C","100.000","%a.s.","22.400","deg","20.000","°C","962.000","hPa","0.861","-0.02617","0.00035","0","0","13.56","Humid","35.35","0","78.50","296746.62","SABD0002000014","AAV2.0.0.13","3.0.1.1413","PSt7-10","180509-002","6/18/2019 6:15:17 AM","0000-00","0","no battery","V"
"07/13/2019","06:13:29","9","default","116269760","OXY_CH9","6.522","min","227.240","μmol/L","Humid","21.836","deg","116383","µV","20.052","°C","1013.000","hPa","36.5","pmil","0","55.690","deg","20.000","°C","100.000","%a.s.","22.400","deg","20.000","°C","962.000","hPa","0.861","-0.02617","0.00035","0","0","13.56","Humid","35.35","0","78.50","296749.72","SABD0002000014","AAV2.0.0.13","3.0.1.1413","PSt7-10","180509-002","6/18/2019 6:15:17 AM","0000-00","0","no battery","V"
"07/13/2019","06:13:30","9","default","116269760","OXY_CH9","6.539","min","227.140","μmol/L","Humid","21.839","deg","116376","µV","20.058","°C","1013.000","hPa","36.5","pmil","0","55.690","deg","20.000","°C","100.000","%a.s.","22.400","deg","20.000","°C","962.000","hPa","0.861","-0.02617","0.00035","0","0","13.56","Humid","35.35","0","78.50","296755.13","SABD0002000014","AAV2.0.0.13","3.0.1.1413","PSt7-10","180509-002","6/18/2019 6:15:17 AM","0000-00","0","no battery","V"
"07/13/2019","06:13:31","9","default","116269760","OXY_CH9","6.556","min","227.293","μmol/L","Humid","21.833","deg","116363","µV","20.052","°C","1012.000","hPa","36.5","pmil","0","55.690","deg","20.000","°C","100.000","%a.s.","22.400","deg","20.000","°C","962.000","hPa","0.861","-0.02617","0.00035","0","0","13.56","Humid","35.35","0","78.50","296762.28","SABD0002000014","AAV2.0.0.13","3.0.1.1413","PSt7-10","180509-002","6/18/2019 6:15:17 AM","0000-00","0","no battery","V"
"07/13/2019","06:13:32","9","default","116269760","OXY_CH9","6.572","min","227.314","μmol/L","Humid","21.834","deg","116363","µV","20.046","°C","1012.000","hPa","36.5","pmil","0","55.690","deg","20.000","°C","100.000","%a.s.","22.400","deg","20.000","°C","962.000","hPa","0.861","-0.02617","0.00035","0","0","13.56","Humid","35.35","0","78.50","296742.21","SABD0002000014","AAV2.0.0.13","3.0.1.1413","PSt7-10","180509-002","6/18/2019 6:15:17 AM","0000-00","0","no battery","V"
"07/13/2019","06:13:33","9","default","116269760","OXY_CH9","6.589","min","227.398","μmol/L","Humid","21.830","deg","116343","µV","20.046","°C","1013.000","hPa","36.5","pmil","0","55.690","deg","20.000","°C","100.000","%a.s.","22.400","deg","20.000","°C","962.000","hPa","0.861","-0.02617","0.00035","0","0","13.56","Humid","35.35","0","78.50","296746.28","SABD0002000014","AAV2.0.0.13","3.0.1.1413","PSt7-10","180509-002","6/18/2019 6:15:17 AM","0000-00","0","no battery","V"
"07/13/2019","06:13:34","9","default","116269760","OXY_CH9","6.605","min","227.358","μmol/L","Humid","21.830","deg","116337","µV","20.052","°C","1013.000","hPa","36.5","pmil","0","55.690","deg","20.000","°C","100.000","%a.s.","22.400","deg","20.000","°C","962.000","hPa","0.861","-0.02617","0.00035","0","0","13.56","Humid","35.35","0","78.50","296747.04","SABD0002000014","AAV2.0.0.13","3.0.1.1413","PSt7-10","180509-002","6/18/2019 6:15:17 AM","0000-00","0","no battery","V"
"07/13/2019","06:13:35","9","default","116269760","OXY_CH9","6.622","min","227.337","μmol/L","Humid","21.829","deg","116327","µV","20.058","°C","1013.000","hPa","36.5","pmil","0","55.690","deg","20.000","°C","100.000","%a.s.","22.400","deg","20.000","°C","962.000","hPa","0.861","-0.02617","0.00035","0","0","13.56","Humid","35.35","0","78.50","296738.91","SABD0002000014","AAV2.0.0.13","3.0.1.1413","PSt7-10","180509-002","6/18/2019 6:15:17 AM","0000-00","0","no battery","V"
"07/13/2019","06:13:36","9","default","116269760","OXY_CH9","6.639","min","227.377","μmol/L","Humid","21.827","deg","116323","µV","20.058","°C","1013.000","hPa","36.5","pmil","0","55.690","deg","20.000","°C","100.000","%a.s.","22.400","deg","20.000","°C","962.000","hPa","0.861","-0.02617","0.00035","0","0","13.56","Humid","35.35","0","78.50","296746.46","SABD0002000014","AAV2.0.0.13","3.0.1.1413","PSt7-10","180509-002","6/18/2019 6:15:17 AM","0000-00","0","no battery","V"
"07/13/2019","06:13:37","9","default","116269760","OXY_CH9","6.655","min","227.337","μmol/L","Humid","21.829","deg","116315","µV","20.058","°C","1013.000","hPa","36.5","pmil","0","55.690","deg","20.000","°C","100.000","%a.s.","22.400","deg","20.000","°C","962.000","hPa","0.861","-0.02617","0.00035","0","0","13.56","Humid","35.35","0","78.50","296738.19","SABD0002000014","AAV2.0.0.13","3.0.1.1413","PSt7-10","180509-002","6/18/2019 6:15:17 AM","0000-00","0","no battery","V"
"07/13/2019","06:13:38","9","default","116269760","OXY_CH9","6.672","min","227.556","μmol/L","Humid","21.822","deg","116302","µV","20.046","°C","1013.000","hPa","36.5","pmil","0","55.690","deg","20.000","°C","100.000","%a.s.","22.400","deg","20.000","°C","962.000","hPa","0.861","-0.02617","0.00035","0","0","13.56","Humid","35.35","0","78.50","296740.86","SABD0002000014","AAV2.0.0.13","3.0.1.1413","PSt7-10","180509-002","6/18/2019 6:15:17 AM","0000-00","0","no battery","V"
"07/13/2019","06:13:39","9","default","116269760","OXY_CH9","6.689","min","227.556","μmol/L","Humid","21.822","deg","116284","µV","20.046","°C","1013.000","hPa","36.5","pmil","0","55.690","deg","20.000","°C","100.000","%a.s.","22.400","deg","20.000","°C","962.000","hPa","0.861","-0.02617","0.00035","0","0","13.56","Humid","35.35","0","78.50","296741.16","SABD0002000014","AAV2.0.0.13","3.0.1.1413","PSt7-10","180509-002","6/18/2019 6:15:17 AM","0000-00","0","no battery","V"
"07/13/2019","06:13:40","9","default","116269760","OXY_CH9","6.706","min","227.535","μmol/L","Humid","21.821","deg","116274","µV","20.052","°C","1013.000","hPa","36.5","pmil","0","55.690","deg","20.000","°C","100.000","%a.s.","22.400","deg","20.000","°C","962.000","hPa","0.861","-0.02617","0.00035","0","0","13.56","Humid","35.35","0","78.50","296726.70","SABD0002000014","AAV2.0.0.13","3.0.1.1413","PSt7-10","180509-002","6/18/2019 6:15:17 AM","0000-00","0","no battery","V"
"07/13/2019","06:13:41","9","default","116269760","OXY_CH9","6.722","min","227.594","μmol/L","Humid","21.818","deg","116267","µV","20.052","°C","1013.000","hPa","36.5","pmil","0","55.690","deg","20.000","°C","100.000","%a.s.","22.400","deg","20.000","°C","962.000","hPa","0.861","-0.02617","0.00035","0","0","13.56","Humid","35.35","0","78.50","296731.62","SABD0002000014","AAV2.0.0.13","3.0.1.1413","PSt7-10","180509-002","6/18/2019 6:15:17 AM","0000-00","0","no battery","V"
"07/13/2019","06:13:42","9","default","116269760","OXY_CH9","6.739","min","227.555","μmol/L","Humid","21.820","deg","116262","µV","20.052","°C","1013.000","hPa","36.5","pmil","0","55.690","deg","20.000","°C","100.000","%a.s.","22.400","deg","20.000","°C","962.000","hPa","0.861","-0.02617","0.00035","0","0","13.56","Humid","35.35","0","78.50","296739.44","SABD0002000014","AAV2.0.0.13","3.0.1.1413","PSt7-10","180509-002","6/18/2019 6:15:17 AM","0000-00","0","no battery","V"
"07/13/2019","06:13:43","9","default","116269760","OXY_CH9","6.755","min","227.672","μmol/L","Humid","21.812","deg","116237","µV","20.058","°C","1013.000","hPa","36.5","pmil","0","55.690","deg","20.000","°C","100.000","%a.s.","22.400","deg","20.000","°C","962.000","hPa","0.861","-0.02617","0.00035","0","0","13.56","Humid","35.35","0","78.50","296731.42","SABD0002000014","AAV2.0.0.13","3.0.1.1413","PSt7-10","180509-002","6/18/2019 6:15:17 AM","0000-00","0","no battery","V"
"07/13/2019","06:13:44","9","default","116269760","OXY_CH9","6.773","min","227.693","μmol/L","Humid","21.813","deg","116238","µV","20.052","°C","1013.000","hPa","36.5","pmil","0","55.690","deg","20.000","°C","100.000","%a.s.","22.400","deg","20.000","°C","962.000","hPa","0.861","-0.02617","0.00035","0","0","13.56","Humid","35.35","0","78.50","296732.32","SABD0002000014","AAV2.0.0.13","3.0.1.1413","PSt7-10","180509-002","6/18/2019 6:15:17 AM","0000-00","0","no battery","V"
"07/13/2019","06:13:45","9","default","116269760","OXY_CH9","6.789","min","227.653","μmol/L","Humid","21.813","deg","116227","µV","20.058","°C","1013.000","hPa","36.5","pmil","0","55.690","deg","20.000","°C","100.000","%a.s.","22.400","deg","20.000","°C","962.000","hPa","0.861","-0.02617","0.00035","0","0","13.56","Humid","35.35","0","78.50","296734.44","SABD0002000014","AAV2.0.0.13","3.0.1.1413","PSt7-10","180509-002","6/18/2019 6:15:17 AM","0000-00","0","no battery","V"
"07/13/2019","06:13:46","9","default","116269760","OXY_CH9","6.806","min","227.772","μmol/L","Humid","21.809","deg","116212","µV","20.052","°C","1013.000","hPa","36.5","pmil","0","55.690","deg","20.000","°C","100.000","%a.s.","22.400","deg","20.000","°C","962.000","hPa","0.861","-0.02617","0.00035","0","0","13.56","Humid","35.35","0","78.50","296724.03","SABD0002000014","AAV2.0.0.13","3.0.1.1413","PSt7-10","180509-002","6/18/2019 6:15:17 AM","0000-00","0","no battery","V"
"07/13/2019","06:13:47","9","default","116269760","OXY_CH9","6.822","min","227.713","μmol/L","Humid","21.812","deg","116204","µV","20.052","°C","1013.000","hPa","36.5","pmil","0","55.690","deg","20.000","°C","100.000","%a.s.","22.400","deg","20.000","°C","962.000","hPa","0.861","-0.02617","0.00035","0","0","13.56","Humid","35.35","0","78.50","296721.60","SABD0002000014","AAV2.0.0.13","3.0.1.1413","PSt7-10","180509-002","6/18/2019 6:15:17 AM","0000-00","0","no battery","V"
"07/13/2019","06:13:48","9","default","116269760","OXY_CH9","6.839","min","227.747","μmol/L","Humid","21.810","deg","116188","µV","20.052","°C","1012.000","hPa","36.5","pmil","0","55.690","deg","20.000","°C","100.000","%a.s.","22.400","deg","20.000","°C","962.000","hPa","0.861","-0.02617","0.00035","0","0","13.56","Humid","35.35","0","78.50","296719.38","SABD0002000014","AAV2.0.0.13","3.0.1.1413","PSt7-10","180509-002","6/18/2019 6:15:17 AM","0000-00","0","no battery","V"
"07/13/2019","06:13:49","9","default","116269760","OXY_CH9","6.856","min","227.751","μmol/L","Humid","21.806","deg","116176","µV","20.064","°C","1013.000","hPa","36.5","pmil","0","55.690","deg","20.000","°C","100.000","%a.s.","22.400","deg","20.000","°C","962.000","hPa","0.861","-0.02617","0.00035","0","0","13.56","Humid","35.35","0","78.50","296742.24","SABD0002000014","AAV2.0.0.13","3.0.1.1413","PSt7-10","180509-002","6/18/2019 6:15:17 AM","0000-00","0","no battery","V"
"07/13/2019","06:13:50","9","default","116269760","OXY_CH9","6.872","min","227.791","μmol/L","Humid","21.806","deg","116170","µV","20.058","°C","1013.000","hPa","36.5","pmil","0","55.690","deg","20.000","°C","100.000","%a.s.","22.400","deg","20.000","°C","962.000","hPa","0.861","-0.02617","0.00035","0","0","13.56","Humid","35.35","0","78.50","296725.05","SABD0002000014","AAV2.0.0.13","3.0.1.1413","PSt7-10","180509-002","6/18/2019 6:15:17 AM","0000-00","0","no battery","V"
"07/13/2019","06:13:51","9","default","116269760","OXY_CH9","6.889","min","227.910","μmol/L","Humid","21.802","deg","116164","µV","20.052","°C","1013.000","hPa","36.5","pmil","0","55.690","deg","20.000","°C","100.000","%a.s.","22.400","deg","20.000","°C","962.000","hPa","0.861","-0.02617","0.00035","0","0","13.56","Humid","35.35","0","78.50","296733.87","SABD0002000014","AAV2.0.0.13","3.0.1.1413","PSt7-10","180509-002","6/18/2019 6:15:17 AM","0000-00","0","no battery","V"
"07/13/2019","06:13:52","9","default","116269760","OXY_CH9","6.905","min","227.850","μmol/L","Humid","21.803","deg","116149","µV","20.058","°C","1013.000","hPa","36.5","pmil","0","55.690","deg","20.000","°C","100.000","%a.s.","22.400","deg","20.000","°C","962.000","hPa","0.861","-0.02617","0.00035","0","0","13.56","Humid","35.35","0","78.50","296721.56","SABD0002000014","AAV2.0.0.13","3.0.1.1413","PSt7-10","180509-002","6/18/2019 6:15:17 AM","0000-00","0","no battery","V"
"07/13/2019","06:13:53","9","default","116269760","OXY_CH9","6.922","min","227.930","μmol/L","Humid","21.801","deg","116149","µV","20.052","°C","1013.000","hPa","36.5","pmil","0","55.690","deg","20.000","°C","100.000","%a.s.","22.400","deg","20.000","°C","962.000","hPa","0.861","-0.02617","0.00035","0","0","13.56","Humid","35.35","0","78.50","296741.49","SABD0002000014","AAV2.0.0.13","3.0.1.1413","PSt7-10","180509-002","6/18/2019 6:15:17 AM","0000-00","0","no battery","V"
"07/13/2019","06:13:54","9","default","116269760","OXY_CH9","6.939","min","227.890","μmol/L","Humid","21.801","deg","116125","µV","20.058","°C","1013.000","hPa","36.5","pmil","0","55.690","deg","20.000","°C","100.000","%a.s.","22.400","deg","20.000","°C","962.000","hPa","0.861","-0.02617","0.00035","0","0","13.56","Humid","35.35","0","78.50","296733.18","SABD0002000014","AAV2.0.0.13","3.0.1.1413","PSt7-10","180509-002","6/18/2019 6:15:17 AM","0000-00","0","no battery","V"
"07/13/2019","06:13:55","9","default","116269760","OXY_CH9","6.956","min","227.889","μmol/L","Humid","21.799","deg","116118","µV","20.064","°C","1013.000","hPa","36.5","pmil","0","55.690","deg","20.000","°C","100.000","%a.s.","22.400","deg","20.000","°C","962.000","hPa","0.861","-0.02617","0.00035","0","0","13.56","Humid","35.35","0","78.50","296722.88","SABD0002000014","AAV2.0.0.13","3.0.1.1413","PSt7-10","180509-002","6/18/2019 6:15:17 AM","0000-00","0","no battery","V"
"07/13/2019","06:13:56","9","default","116269760","OXY_CH9","6.973","min","228.009","μmol/L","Humid","21.797","deg","116114","µV","20.052","°C","1013.000","hPa","36.5","pmil","0","55.690","deg","20.000","°C","100.000","%a.s.","22.400","deg","20.000","°C","962.000","hPa","0.861","-0.02617","0.00035","0","0","13.56","Humid","35.35","0","78.50","296734.46","SABD0002000014","AAV2.0.0.13","3.0.1.1413","PSt7-10","180509-002","6/18/2019 6:15:17 AM","0000-00","0","no battery","V"
"07/13/2019","06:13:57","9","default","116269760","OXY_CH9","6.989","min","228.008","μmol/L","Humid","21.795","deg","116109","µV","20.058","°C","1013.000","hPa","36.5","pmil","0","55.690","deg","20.000","°C","100.000","%a.s.","22.400","deg","20.000","°C","962.000","hPa","0.861","-0.02617","0.00035","0","0","13.56","Humid","35.35","0","78.50","296728.27","SABD0002000014","AAV2.0.0.13","3.0.1.1413","PSt7-10","180509-002","6/18/2019 6:15:17 AM","0000-00","0","no battery","V"
"07/13/2019","06:13:58","9","default","116269760","OXY_CH9","7.006","min","228.001","μmol/L","Humid","21.791","deg","116089","µV","20.070","°C","1012.000","hPa","36.5","pmil","0","55.690","deg","20.000","°C","100.000","%a.s.","22.400","deg","20.000","°C","962.000","hPa","0.861","-0.02617","0.00035","0","0","13.56","Humid","35.35","0","78.50","296724.13","SABD0002000014","AAV2.0.0.13","3.0.1.1413","PSt7-10","180509-002","6/18/2019 6:15:17 AM","0000-00","0","no battery","V"
"07/13/2019","06:13:59","9","default","116269760","OXY_CH9","7.022","min","228.027","μmol/L","Humid","21.792","deg","116088","µV","20.064","°C","1013.000","hPa","36.5","pmil","0","55.690","deg","20.000","°C","100.000","%a.s.","22.400","deg","20.000","°C","962.000","hPa","0.861","-0.02617","0.00035","0","0","13.56","Humid","35.35","0","78.50","296712.34","SABD0002000014","AAV2.0.0.13","3.0.1.1413","PSt7-10","180509-002","6/18/2019 6:15:17 AM","0000-00","0","no battery","V"
"07/13/2019","06:14:00","9","default","116269760","OXY_CH9","7.039","min","228.147","μmol/L","Humid","21.788","deg","116073","µV","20.058","°C","1013.000","hPa","36.5","pmil","0","55.690","deg","20.000","°C","100.000","%a.s.","22.400","deg","20.000","°C","962.000","hPa","0.861","-0.02617","0.00035","0","0","13.56","Humid","35.35","0","78.50","296714.38","SABD0002000014","AAV2.0.0.13","3.0.1.1413","PSt7-10","180509-002","6/18/2019 6:15:17 AM","0000-00","0","no battery","V"
"07/13/2019","06:14:01","9","default","116269760","OXY_CH9","7.056","min","228.047","μmol/L","Humid","21.791","deg","116058","µV","20.064","°C","1013.000","hPa","36.5","pmil","0","55.690","deg","20.000","°C","100.000","%a.s.","22.400","deg","20.000","°C","962.000","hPa","0.861","-0.02617","0.00035","0","0","13.56","Humid","35.35","0","78.50","296719.27","SABD0002000014","AAV2.0.0.13","3.0.1.1413","PSt7-10","180509-002","6/18/2019 6:15:17 AM","0000-00","0","no battery","V"
"07/13/2019","06:14:02","9","default","116269760","OXY_CH9","7.072","min","228.207","μmol/L","Humid","21.787","deg","116053","µV","20.052","°C","1013.000","hPa","36.5","pmil","0","55.690","deg","20.000","°C","100.000","%a.s.","22.400","deg","20.000","°C","962.000","hPa","0.861","-0.02617","0.00035","0","0","13.56","Humid","35.35","0","78.50","296707.79","SABD0002000014","AAV2.0.0.13","3.0.1.1413","PSt7-10","180509-002","6/18/2019 6:15:17 AM","0000-00","0","no battery","V"
"07/13/2019","06:14:03","9","default","116269760","OXY_CH9","7.089","min","228.227","μmol/L","Humid","21.786","deg","116043","µV","20.052","°C","1013.000","hPa","36.5","pmil","0","55.690","deg","20.000","°C","100.000","%a.s.","22.400","deg","20.000","°C","962.000","hPa","0.861","-0.02617","0.00035","0","0","13.56","Humid","35.35","0","78.50","296705.91","SABD0002000014","AAV2.0.0.13","3.0.1.1413","PSt7-10","180509-002","6/18/2019 6:15:17 AM","0000-00","0","no battery","V"
"07/13/2019","06:14:04","9","default","116269760","OXY_CH9","7.106","min","228.206","μmol/L","Humid","21.785","deg","116034","µV","20.058","°C","1013.000","hPa","36.5","pmil","0","55.690","deg","20.000","°C","100.000","%a.s.","22.400","deg","20.000","°C","962.000","hPa","0.861","-0.02617","0.00035","0","0","13.56","Humid","35.35","0","78.50","296724.26","SABD0002000014","AAV2.0.0.13","3.0.1.1413","PSt7-10","180509-002","6/18/2019 6:15:17 AM","0000-00","0","no battery","V"
"07/13/2019","06:14:05","9","default","116269760","OXY_CH9","7.122","min","228.225","μmol/L","Humid","21.782","deg","116028","µV","20.064","°C","1013.000","hPa","36.5","pmil","0","55.690","deg","20.000","°C","100.000","%a.s.","22.400","deg","20.000","°C","962.000","hPa","0.861","-0.02617","0.00035","0","0","13.56","Humid","35.35","0","78.50","296707.73","SABD0002000014","AAV2.0.0.13","3.0.1.1413","PSt7-10","180509-002","6/18/2019 6:15:17 AM","0000-00","0","no battery","V"
"07/13/2019","06:14:06","9","default","116269760","OXY_CH9","7.139","min","228.279","μmol/L","Humid","21.779","deg","116020","µV","20.064","°C","1012.000","hPa","36.5","pmil","0","55.690","deg","20.000","°C","100.000","%a.s.","22.400","deg","20.000","°C","962.000","hPa","0.861","-0.02617","0.00035","0","0","13.56","Humid","35.35","0","78.50","296710.35","SABD0002000014","AAV2.0.0.13","3.0.1.1413","PSt7-10","180509-002","6/18/2019 6:15:17 AM","0000-00","0","no battery","V"
"07/13/2019","06:14:07","9","default","116269760","OXY_CH9","7.155","min","228.365","μmol/L","Humid","21.779","deg","116006","µV","20.052","°C","1013.000","hPa","36.5","pmil","0","55.690","deg","20.000","°C","100.000","%a.s.","22.400","deg","20.000","°C","962.000","hPa","0.861","-0.02617","0.00035","0","0","13.56","Humid","35.35","0","78.50","296713.42","SABD0002000014","AAV2.0.0.13","3.0.1.1413","PSt7-10","180509-002","6/18/2019 6:15:17 AM","0000-00","0","no battery","V"
"07/13/2019","06:14:08","9","default","116269760","OXY_CH9","7.172","min","228.265","μmol/L","Humid","21.782","deg","115999","µV","20.058","°C","1013.000","hPa","36.5","pmil","0","55.690","deg","20.000","°C","100.000","%a.s.","22.400","deg","20.000","°C","962.000","hPa","0.861","-0.02617","0.00035","0","0","13.56","Humid","35.35","0","78.50","296715.52","SABD0002000014","AAV2.0.0.13","3.0.1.1413","PSt7-10","180509-002","6/18/2019 6:15:17 AM","0000-00","0","no battery","V"
"07/13/2019","06:14:09","9","default","116269760","OXY_CH9","7.189","min","228.345","μmol/L","Humid","21.778","deg","115991","µV","20.058","°C","1013.000","hPa","36.5","pmil","0","55.690","deg","20.000","°C","100.000","%a.s.","22.400","deg","20.000","°C","962.000","hPa","0.861","-0.02617","0.00035","0","0","13.56","Humid","35.35","0","78.50","296708.24","SABD0002000014","AAV2.0.0.13","3.0.1.1413","PSt7-10","180509-002","6/18/2019 6:15:17 AM","0000-00","0","no battery","V"
"07/13/2019","06:14:10","9","default","116269760","OXY_CH9","7.205","min","228.359","μmol/L","Humid","21.777","deg","115972","µV","20.058","°C","1012.000","hPa","36.5","pmil","0","55.690","deg","20.000","°C","100.000","%a.s.","22.400","deg","20.000","°C","962.000","hPa","0.861","-0.02617","0.00035","0","0","13.56","Humid","35.35","0","78.50","296709.38","SABD0002000014","AAV2.0.0.13","3.0.1.1413","PSt7-10","180509-002","6/18/2019 6:15:17 AM","0000-00","0","no battery","V"
"07/13/2019","06:14:11","9","default","116269760","OXY_CH9","7.222","min","228.384","μmol/L","Humid","21.776","deg","115966","µV","20.058","°C","1013.000","hPa","36.5","pmil","0","55.690","deg","20.000","°C","100.000","%a.s.","22.400","deg","20.000","°C","962.000","hPa","0.861","-0.02617","0.00035","0","0","13.56","Humid","35.35","0","78.50","296706.28","SABD0002000014","AAV2.0.0.13","3.0.1.1413","PSt7-10","180509-002","6/18/2019 6:15:17 AM","0000-00","0","no battery","V"
"07/13/2019","06:14:12","9","default","116269760","OXY_CH9","7.239","min","228.403","μmol/L","Humid","21.773","deg","115957","µV","20.064","°C","1013.000","hPa","36.5","pmil","0","55.690","deg","20.000","°C","100.000","%a.s.","22.400","deg","20.000","°C","962.000","hPa","0.861","-0.02617","0.00035","0","0","13.56","Humid","35.35","0","78.50","296700.44","SABD0002000014","AAV2.0.0.13","3.0.1.1413","PSt7-10","180509-002","6/18/2019 6:15:17 AM","0000-00","0","no battery","V"
"07/13/2019","06:14:13","9","default","116269760","OXY_CH9","7.255","min","228.444","μmol/L","Humid","21.773","deg","115946","µV","20.058","°C","1013.000","hPa","36.5","pmil","0","55.690","deg","20.000","°C","100.000","%a.s.","22.400","deg","20.000","°C","962.000","hPa","0.861","-0.02617","0.00035","0","0","13.56","Humid","35.35","0","78.50","296695.22","SABD0002000014","AAV2.0.0.13","3.0.1.1413","PSt7-10","180509-002","6/18/2019 6:15:17 AM","0000-00","0","no battery","V"
"07/13/2019","06:14:14","9","default","116269760","OXY_CH9","7.273","min","228.463","μmol/L","Humid","21.772","deg","115936","µV","20.058","°C","1013.000","hPa","36.5","pmil","0","55.690","deg","20.000","°C","100.000","%a.s.","22.400","deg","20.000","°C","962.000","hPa","0.861","-0.02617","0.00035","0","0","13.56","Humid","35.35","0","78.50","296704.69","SABD0002000014","AAV2.0.0.13","3.0.1.1413","PSt7-10","180509-002","6/18/2019 6:15:17 AM","0000-00","0","no battery","V"
"07/13/2019","06:14:15","9","default","116269760","OXY_CH9","7.289","min","228.544","μmol/L","Humid","21.770","deg","115928","µV","20.052","°C","1013.000","hPa","36.5","pmil","0","55.690","deg","20.000","°C","100.000","%a.s.","22.400","deg","20.000","°C","962.000","hPa","0.861","-0.02617","0.00035","0","0","13.56","Humid","35.35","0","78.50","296696.64","SABD0002000014","AAV2.0.0.13","3.0.1.1413","PSt7-10","180509-002","6/18/2019 6:15:17 AM","0000-00","0","no battery","V"
"07/13/2019","06:14:16","9","default","116269760","OXY_CH9","7.306","min","228.457","μmol/L","Humid","21.770","deg","115929","µV","20.064","°C","1012.000","hPa","36.5","pmil","0","55.690","deg","20.000","°C","100.000","%a.s.","22.400","deg","20.000","°C","962.000","hPa","0.861","-0.02617","0.00035","0","0","13.56","Humid","35.35","0","78.50","296708.67","SABD0002000014","AAV2.0.0.13","3.0.1.1413","PSt7-10","180509-002","6/18/2019 6:15:17 AM","0000-00","0","no battery","V"
"07/13/2019","06:14:17","9","default","116269760","OXY_CH9","7.322","min","228.602","μmol/L","Humid","21.765","deg","115907","µV","20.058","°C","1013.000","hPa","36.5","pmil","0","55.690","deg","20.000","°C","100.000","%a.s.","22.400","deg","20.000","°C","962.000","hPa","0.861","-0.02617","0.00035","0","0","13.56","Humid","35.35","0","78.50","296698.19","SABD0002000014","AAV2.0.0.13","3.0.1.1413","PSt7-10","180509-002","6/18/2019 6:15:17 AM","0000-00","0","no battery","V"
"07/13/2019","06:14:18","9","default","116269760","OXY_CH9","7.339","min","228.482","μmol/L","Humid","21.769","deg","115900","µV","20.064","°C","1013.000","hPa","36.5","pmil","0","55.690","deg","20.000","°C","100.000","%a.s.","22.400","deg","20.000","°C","962.000","hPa","0.861","-0.02617","0.00035","0","0","13.56","Humid","35.35","0","78.50","296697.95","SABD0002000014","AAV2.0.0.13","3.0.1.1413","PSt7-10","180509-002","6/18/2019 6:15:17 AM","0000-00","0","no battery","V"
"07/13/2019","06:14:19","9","default","116269760","OXY_CH9","7.356","min","228.597","μmol/L","Humid","21.765","deg","115898","µV","20.058","°C","1012.000","hPa","36.5","pmil","0","55.690","deg","20.000","°C","100.000","%a.s.","22.400","deg","20.000","°C","962.000","hPa","0.861","-0.02617","0.00035","0","0","13.56","Humid","35.35","0","78.50","296699.62","SABD0002000014","AAV2.0.0.13","3.0.1.1413","PSt7-10","180509-002","6/18/2019 6:15:17 AM","0000-00","0","no battery","V"
"07/13/2019","06:14:20","9","default","116269760","OXY_CH9","7.372","min","228.662","μmol/L","Humid","21.762","deg","115880","µV","20.058","°C","1013.000","hPa","36.5","pmil","0","55.690","deg","20.000","°C","100.000","%a.s.","22.400","deg","20.000","°C","962.000","hPa","0.861","-0.02617","0.00035","0","0","13.56","Humid","35.35","0","78.50","296703.61","SABD0002000014","AAV2.0.0.13","3.0.1.1413","PSt7-10","180509-002","6/18/2019 6:15:17 AM","0000-00","0","no battery","V"
"07/13/2019","06:14:21","9","default","116269760","OXY_CH9","7.389","min","228.682","μmol/L","Humid","21.761","deg","115875","µV","20.058","°C","1013.000","hPa","36.5","pmil","0","55.690","deg","20.000","°C","100.000","%a.s.","22.400","deg","20.000","°C","962.000","hPa","0.861","-0.02617","0.00035","0","0","13.56","Humid","35.35","0","78.50","296704.66","SABD0002000014","AAV2.0.0.13","3.0.1.1413","PSt7-10","180509-002","6/18/2019 6:15:17 AM","0000-00","0","no battery","V"
"07/13/2019","06:14:22","9","default","116269760","OXY_CH9","7.406","min","228.721","μmol/L","Humid","21.759","deg","115860","µV","20.058","°C","1013.000","hPa","36.5","pmil","0","55.690","deg","20.000","°C","100.000","%a.s.","22.400","deg","20.000","°C","962.000","hPa","0.861","-0.02617","0.00035","0","0","13.56","Humid","35.35","0","78.50","296705.21","SABD0002000014","AAV2.0.0.13","3.0.1.1413","PSt7-10","180509-002","6/18/2019 6:15:17 AM","0000-00","0","no battery","V"
"07/13/2019","06:14:23","9","default","116269760","OXY_CH9","7.422","min","228.720","μmol/L","Humid","21.757","deg","115858","µV","20.064","°C","1013.000","hPa","36.5","pmil","0","55.690","deg","20.000","°C","100.000","%a.s.","22.400","deg","20.000","°C","962.000","hPa","0.861","-0.02617","0.00035","0","0","13.56","Humid","35.35","0","78.50","296701.07","SABD0002000014","AAV2.0.0.13","3.0.1.1413","PSt7-10","180509-002","6/18/2019 6:15:17 AM","0000-00","0","no battery","V"
"07/13/2019","06:14:24","9","default","116269760","OXY_CH9","7.439","min","228.620","μmol/L","Humid","21.760","deg","115847","µV","20.070","°C","1013.000","hPa","36.5","pmil","0","55.690","deg","20.000","°C","100.000","%a.s.","22.400","deg","20.000","°C","962.000","hPa","0.861","-0.02617","0.00035","0","0","13.56","Humid","35.35","0","78.50","296694.09","SABD0002000014","AAV2.0.0.13","3.0.1.1413","PSt7-10","180509-002","6/18/2019 6:15:17 AM","0000-00","0","no battery","V"
"07/13/2019","06:14:25","9","default","116269760","OXY_CH9","7.455","min","228.760","μmol/L","Humid","21.755","deg","115832","µV","20.064","°C","1013.000","hPa","36.5","pmil","0","55.690","deg","20.000","°C","100.000","%a.s.","22.400","deg","20.000","°C","962.000","hPa","0.861","-0.02617","0.00035","0","0","13.56","Humid","35.35","0","78.50","296701.82","SABD0002000014","AAV2.0.0.13","3.0.1.1413","PSt7-10","180509-002","6/18/2019 6:15:17 AM","0000-00","0","no battery","V"
"07/13/2019","06:14:26","9","default","116269760","OXY_CH9","7.472","min","228.720","μmol/L","Humid","21.755","deg","115818","µV","20.070","°C","1013.000","hPa","36.5","pmil","0","55.690","deg","20.000","°C","100.000","%a.s.","22.400","deg","20.000","°C","962.000","hPa","0.861","-0.02617","0.00035","0","0","13.56","Humid","35.35","0","78.50","296702.47","SABD0002000014","AAV2.0.0.13","3.0.1.1413","PSt7-10","180509-002","6/18/2019 6:15:17 AM","0000-00","0","no battery","V"
"07/13/2019","06:14:27","9","default","116269760","OXY_CH9","7.489","min","228.840","μmol/L","Humid","21.753","deg","115812","µV","20.058","°C","1013.000","hPa","36.5","pmil","0","55.690","deg","20.000","°C","100.000","%a.s.","22.400","deg","20.000","°C","962.000","hPa","0.861","-0.02617","0.00035","0","0","13.56","Humid","35.35","0","78.50","296708.41","SABD0002000014","AAV2.0.0.13","3.0.1.1413","PSt7-10","180509-002","6/18/2019 6:15:17 AM","0000-00","0","no battery","V"
"07/13/2019","06:14:28","9","default","116269760","OXY_CH9","7.506","min","228.874","μmol/L","Humid","21.749","deg","115802","µV","20.064","°C","1012.000","hPa","36.5","pmil","0","55.690","deg","20.000","°C","100.000","%a.s.","22.400","deg","20.000","°C","962.000","hPa","0.861","-0.02617","0.00035","0","0","13.56","Humid","35.35","0","78.50","296696.74","SABD0002000014","AAV2.0.0.13","3.0.1.1413","PSt7-10","180509-002","6/18/2019 6:15:17 AM","0000-00","0","no battery","V"
"07/13/2019","06:14:29","9","default","116269760","OXY_CH9","7.522","min","228.874","μmol/L","Humid","21.749","deg","115799","µV","20.064","°C","1012.000","hPa","36.5","pmil","0","55.690","deg","20.000","°C","100.000","%a.s.","22.400","deg","20.000","°C","962.000","hPa","0.861","-0.02617","0.00035","0","0","13.56","Humid","35.35","0","78.50","296699.04","SABD0002000014","AAV2.0.0.13","3.0.1.1413","PSt7-10","180509-002","6/18/2019 6:15:17 AM","0000-00","0","no battery","V"
"07/13/2019","06:14:30","9","default","116269760","OXY_CH9","7.539","min","228.955","μmol/L","Humid","21.749","deg","115785","µV","20.052","°C","1012.000","hPa","36.5","pmil","0","55.690","deg","20.000","°C","100.000","%a.s.","22.400","deg","20.000","°C","962.000","hPa","0.861","-0.02617","0.00035","0","0","13.56","Humid","35.35","0","78.50","296694.99","SABD0002000014","AAV2.0.0.13","3.0.1.1413","PSt7-10","180509-002","6/18/2019 6:15:17 AM","0000-00","0","no battery","V"
"07/13/2019","06:14:31","9","default","116269760","OXY_CH9","7.556","min","228.939","μmol/L","Humid","21.746","deg","115771","µV","20.064","°C","1013.000","hPa","36.5","pmil","0","55.690","deg","20.000","°C","100.000","%a.s.","22.400","deg","20.000","°C","962.000","hPa","0.861","-0.02617","0.00035","0","0","13.56","Humid","35.35","0","78.50","296691.72","SABD0002000014","AAV2.0.0.13","3.0.1.1413","PSt7-10","180509-002","6/18/2019 6:15:17 AM","0000-00","0","no battery","V"
"07/13/2019","06:14:32","9","default","116269760","OXY_CH9","7.572","min","228.958","μmol/L","Humid","21.743","deg","115769","µV","20.070","°C","1013.000","hPa","36.5","pmil","0","55.690","deg","20.000","°C","100.000","%a.s.","22.400","deg","20.000","°C","962.000","hPa","0.861","-0.02617","0.00035","0","0","13.56","Humid","35.35","0","78.50","296700.70","SABD0002000014","AAV2.0.0.13","3.0.1.1413","PSt7-10","180509-002","6/18/2019 6:15:17 AM","0000-00","0","no battery","V"
"07/13/2019","06:14:33","9","default","116269760","OXY_CH9","7.589","min","228.999","μmol/L","Humid","21.743","deg","115755","µV","20.064","°C","1013.000","hPa","36.5","pmil","0","55.690","deg","20.000","°C","100.000","%a.s.","22.400","deg","20.000","°C","962.000","hPa","0.861","-0.02617","0.00035","0","0","13.56","Humid","35.35","0","78.50","296687.12","SABD0002000014","AAV2.0.0.13","3.0.1.1413","PSt7-10","180509-002","6/18/2019 6:15:17 AM","0000-00","0","no battery","V"
"07/13/2019","06:14:34","9","default","116269760","OXY_CH9","7.606","min","228.973","μmol/L","Humid","21.744","deg","115743","µV","20.064","°C","1012.000","hPa","36.5","pmil","0","55.690","deg","20.000","°C","100.000","%a.s.","22.400","deg","20.000","°C","962.000","hPa","0.861","-0.02617","0.00035","0","0","13.56","Humid","35.35","0","78.50","296684.20","SABD0002000014","AAV2.0.0.13","3.0.1.1413","PSt7-10","180509-002","6/18/2019 6:15:17 AM","0000-00","0","no battery","V"
"07/13/2019","06:14:35","9","default","116269760","OXY_CH9","7.624","min","229.018","μmol/L","Humid","21.742","deg","115738","µV","20.064","°C","1013.000","hPa","36.5","pmil","0","55.690","deg","20.000","°C","100.000","%a.s.","22.400","deg","20.000","°C","962.000","hPa","0.861","-0.02617","0.00035","0","0","13.56","Humid","35.35","0","78.50","296684.52","SABD0002000014","AAV2.0.0.13","3.0.1.1413","PSt7-10","180509-002","6/18/2019 6:15:17 AM","0000-00","0","no battery","V"
"07/13/2019","06:14:36","9","default","116269760","OXY_CH9","7.639","min","228.998","μmol/L","Humid","21.741","deg","115720","µV","20.070","°C","1013.000","hPa","36.5","pmil","0","55.690","deg","20.000","°C","100.000","%a.s.","22.400","deg","20.000","°C","962.000","hPa","0.861","-0.02617","0.00035","0","0","13.56","Humid","35.35","0","78.50","296678.94","SABD0002000014","AAV2.0.0.13","3.0.1.1413","PSt7-10","180509-002","6/18/2019 6:15:17 AM","0000-00","0","no battery","V"
"07/13/2019","06:14:37","9","default","116269760","OXY_CH9","7.656","min","229.012","μmol/L","Humid","21.740","deg","115714","µV","20.070","°C","1012.000","hPa","36.5","pmil","0","55.690","deg","20.000","°C","100.000","%a.s.","22.400","deg","20.000","°C","962.000","hPa","0.861","-0.02617","0.00035","0","0","13.56","Humid","35.35","0","78.50","296673.20","SABD0002000014","AAV2.0.0.13","3.0.1.1413","PSt7-10","180509-002","6/18/2019 6:15:17 AM","0000-00","0","no battery","V"
"07/13/2019","06:14:38","9","default","116269760","OXY_CH9","7.672","min","229.153","μmol/L","Humid","21.737","deg","115704","µV","20.058","°C","1012.000","hPa","36.5","pmil","0","55.690","deg","20.000","°C","100.000","%a.s.","22.400","deg","20.000","°C","962.000","hPa","0.861","-0.02617","0.00035","0","0","13.56","Humid","35.35","0","78.50","296682.33","SABD0002000014","AAV2.0.0.13","3.0.1.1413","PSt7-10","180509-002","6/18/2019 6:15:17 AM","0000-00","0","no battery","V"
"07/13/2019","06:14:39","9","default","116269760","OXY_CH9","7.689","min","229.138","μmol/L","Humid","21.736","deg","115694","µV","20.064","°C","1013.000","hPa","36.5","pmil","0","55.690","deg","20.000","°C","100.000","%a.s.","22.400","deg","20.000","°C","962.000","hPa","0.861","-0.02617","0.00035","0","0","13.56","Humid","35.35","0","78.50","296679.37","SABD0002000014","AAV2.0.0.13","3.0.1.1413","PSt7-10","180509-002","6/18/2019 6:15:17 AM","0000-00","0","no battery","V"
"07/13/2019","06:14:40","9","default","116269760","OXY_CH9","7.706","min","229.298","μmol/L","Humid","21.730","deg","115683","µV","20.058","°C","1013.000","hPa","36.5","pmil","0","55.690","deg","20.000","°C","100.000","%a.s.","22.400","deg","20.000","°C","962.000","hPa","0.861","-0.02617","0.00035","0","0","13.56","Humid","35.35","0","78.50","296670.37","SABD0002000014","AAV2.0.0.13","3.0.1.1413","PSt7-10","180509-002","6/18/2019 6:15:17 AM","0000-00","0","no battery","V"
"07/13/2019","06:14:41","9","default","116269760","OXY_CH9","7.722","min","229.197","μmol/L","Humid","21.731","deg","115679","µV","20.070","°C","1013.000","hPa","36.5","pmil","0","55.690","deg","20.000","°C","100.000","%a.s.","22.400","deg","20.000","°C","962.000","hPa","0.861","-0.02617","0.00035","0","0","13.56","Humid","35.35","0","78.50","296684.51","SABD0002000014","AAV2.0.0.13","3.0.1.1413","PSt7-10","180509-002","6/18/2019 6:15:17 AM","0000-00","0","no battery","V"
"07/13/2019","06:14:42","9","default","116269760","OXY_CH9","7.739","min","229.216","μmol/L","Humid","21.728","deg","115662","µV","20.076","°C","1013.000","hPa","36.5","pmil","0","55.690","deg","20.000","°C","100.000","%a.s.","22.400","deg","20.000","°C","962.000","hPa","0.861","-0.02617","0.00035","0","0","13.56","Humid","35.35","0","78.50","296684.87","SABD0002000014","AAV2.0.0.13","3.0.1.1413","PSt7-10","180509-002","6/18/2019 6:15:17 AM","0000-00","0","no battery","V"
"07/13/2019","06:14:43","9","default","116269760","OXY_CH9","7.756","min","229.232","μmol/L","Humid","21.731","deg","115655","µV","20.064","°C","1012.000","hPa","36.5","pmil","0","55.690","deg","20.000","°C","100.000","%a.s.","22.400","deg","20.000","°C","962.000","hPa","0.861","-0.02617","0.00035","0","0","13.56","Humid","35.35","0","78.50","296686.30","SABD0002000014","AAV2.0.0.13","3.0.1.1413","PSt7-10","180509-002","6/18/2019 6:15:17 AM","0000-00","0","no battery","V"
"07/13/2019","06:14:44","9","default","116269760","OXY_CH9","7.772","min","229.237","μmol/L","Humid","21.731","deg","115642","µV","20.064","°C","1013.000","hPa","36.5","pmil","0","55.690","deg","20.000","°C","100.000","%a.s.","22.400","deg","20.000","°C","962.000","hPa","0.861","-0.02617","0.00035","0","0","13.56","Humid","35.35","0","78.50","296676.64","SABD0002000014","AAV2.0.0.13","3.0.1.1413","PSt7-10","180509-002","6/18/2019 6:15:17 AM","0000-00","0","no battery","V"
"07/13/2019","06:14:45","9","default","116269760","OXY_CH9","7.789","min","229.337","μmol/L","Humid","21.726","deg","115636","µV","20.064","°C","1013.000","hPa","36.5","pmil","0","55.690","deg","20.000","°C","100.000","%a.s.","22.400","deg","20.000","°C","962.000","hPa","0.861","-0.02617","0.00035","0","0","13.56","Humid","35.35","0","78.50","296685.16","SABD0002000014","AAV2.0.0.13","3.0.1.1413","PSt7-10","180509-002","6/18/2019 6:15:17 AM","0000-00","0","no battery","V"
"07/13/2019","06:14:46","9","default","116269760","OXY_CH9","7.806","min","229.331","μmol/L","Humid","21.724","deg","115614","µV","20.070","°C","1012.000","hPa","36.5","pmil","0","55.690","deg","20.000","°C","100.000","%a.s.","22.400","deg","20.000","°C","962.000","hPa","0.861","-0.02617","0.00035","0","0","13.56","Humid","35.35","0","78.50","296674.92","SABD0002000014","AAV2.0.0.13","3.0.1.1413","PSt7-10","180509-002","6/18/2019 6:15:17 AM","0000-00","0","no battery","V"
"07/13/2019","06:14:47","9","default","116269760","OXY_CH9","7.822","min","229.291","μmol/L","Humid","21.726","deg","115605","µV","20.070","°C","1012.000","hPa","36.5","pmil","0","55.690","deg","20.000","°C","100.000","%a.s.","22.400","deg","20.000","°C","962.000","hPa","0.861","-0.02617","0.00035","0","0","13.56","Humid","35.35","0","78.50","296669.14","SABD0002000014","AAV2.0.0.13","3.0.1.1413","PSt7-10","180509-002","6/18/2019 6:15:17 AM","0000-00","0","no battery","V"
"07/13/2019","06:14:48","9","default","116269760","OXY_CH9","7.839","min","229.457","μmol/L","Humid","21.722","deg","115591","µV","20.058","°C","1013.000","hPa","36.5","pmil","0","55.690","deg","20.000","°C","100.000","%a.s.","22.400","deg","20.000","°C","962.000","hPa","0.861","-0.02617","0.00035","0","0","13.56","Humid","35.35","0","78.50","296672.14","SABD0002000014","AAV2.0.0.13","3.0.1.1413","PSt7-10","180509-002","6/18/2019 6:15:17 AM","0000-00","0","no battery","V"
"07/13/2019","06:14:49","9","default","116269760","OXY_CH9","7.855","min","229.451","μmol/L","Humid","21.720","deg","115586","µV","20.064","°C","1012.000","hPa","36.5","pmil","0","55.690","deg","20.000","°C","100.000","%a.s.","22.400","deg","20.000","°C","962.000","hPa","0.861","-0.02617","0.00035","0","0","13.56","Humid","35.35","0","78.50","296670.94","SABD0002000014","AAV2.0.0.13","3.0.1.1413","PSt7-10","180509-002","6/18/2019 6:15:17 AM","0000-00","0","no battery","V"
"07/13/2019","06:14:50","9","default","116269760","OXY_CH9","7.872","min","229.495","μmol/L","Humid","21.716","deg","115575","µV","20.070","°C","1013.000","hPa","36.5","pmil","0","55.690","deg","20.000","°C","100.000","%a.s.","22.400","deg","20.000","°C","962.000","hPa","0.861","-0.02617","0.00035","0","0","13.56","Humid","35.35","0","78.50","296673.17","SABD0002000014","AAV2.0.0.13","3.0.1.1413","PSt7-10","180509-002","6/18/2019 6:15:17 AM","0000-00","0","no battery","V"
"07/13/2019","06:14:51","9","default","116269760","OXY_CH9","7.889","min","229.495","μmol/L","Humid","21.716","deg","115573","µV","20.070","°C","1013.000","hPa","36.5","pmil","0","55.690","deg","20.000","°C","100.000","%a.s.","22.400","deg","20.000","°C","962.000","hPa","0.861","-0.02617","0.00035","0","0","13.56","Humid","35.35","0","78.50","296670.93","SABD0002000014","AAV2.0.0.13","3.0.1.1413","PSt7-10","180509-002","6/18/2019 6:15:17 AM","0000-00","0","no battery","V"
"07/13/2019","06:14:52","9","default","116269760","OXY_CH9","7.906","min","229.496","μmol/L","Humid","21.718","deg","115565","µV","20.064","°C","1013.000","hPa","36.5","pmil","0","55.690","deg","20.000","°C","100.000","%a.s.","22.400","deg","20.000","°C","962.000","hPa","0.861","-0.02617","0.00035","0","0","13.56","Humid","35.35","0","78.50","296670.16","SABD0002000014","AAV2.0.0.13","3.0.1.1413","PSt7-10","180509-002","6/18/2019 6:15:17 AM","0000-00","0","no battery","V"
"07/13/2019","06:14:53","9","default","116269760","OXY_CH9","7.922","min","229.495","μmol/L","Humid","21.716","deg","115550","µV","20.070","°C","1013.000","hPa","36.5","pmil","0","55.690","deg","20.000","°C","100.000","%a.s.","22.400","deg","20.000","°C","962.000","hPa","0.861","-0.02617","0.00035","0","0","13.56","Humid","35.35","0","78.50","296667.30","SABD0002000014","AAV2.0.0.13","3.0.1.1413","PSt7-10","180509-002","6/18/2019 6:15:17 AM","0000-00","0","no battery","V"
"07/13/2019","06:14:54","9","default","116269760","OXY_CH9","7.939","min","229.577","μmol/L","Humid","21.716","deg","115544","µV","20.058","°C","1013.000","hPa","36.5","pmil","0","55.690","deg","20.000","°C","100.000","%a.s.","22.400","deg","20.000","°C","962.000","hPa","0.861","-0.02617","0.00035","0","0","13.56","Humid","35.35","0","78.50","296670.92","SABD0002000014","AAV2.0.0.13","3.0.1.1413","PSt7-10","180509-002","6/18/2019 6:15:17 AM","0000-00","0","no battery","V"
"07/13/2019","06:14:55","9","default","116269760","OXY_CH9","7.955","min","229.535","μmol/L","Humid","21.714","deg","115523","µV","20.070","°C","1013.000","hPa","36.5","pmil","0","55.690","deg","20.000","°C","100.000","%a.s.","22.400","deg","20.000","°C","962.000","hPa","0.861","-0.02617","0.00035","0","0","13.56","Humid","35.35","0","78.50","296671.85","SABD0002000014","AAV2.0.0.13","3.0.1.1413","PSt7-10","180509-002","6/18/2019 6:15:17 AM","0000-00","0","no battery","V"
"07/13/2019","06:14:56","9","default","116269760","OXY_CH9","7.972","min","229.555","μmol/L","Humid","21.713","deg","115527","µV","20.070","°C","1013.000","hPa","36.5","pmil","0","55.690","deg","20.000","°C","100.000","%a.s.","22.400","deg","20.000","°C","962.000","hPa","0.861","-0.02617","0.00035","0","0","13.56","Humid","35.35","0","78.50","296659.92","SABD0002000014","AAV2.0.0.13","3.0.1.1413","PSt7-10","180509-002","6/18/2019 6:15:17 AM","0000-00","0","no battery","V"
"07/13/2019","06:14:57","9","default","116269760","OXY_CH9","7.989","min","229.635","μmol/L","Humid","21.709","deg","115511","µV","20.070","°C","1013.000","hPa","36.5","pmil","0","55.690","deg","20.000","°C","100.000","%a.s.","22.400","deg","20.000","°C","962.000","hPa","0.861","-0.02617","0.00035","0","0","13.56","Humid","35.35","0","78.50","296648.55","SABD0002000014","AAV2.0.0.13","3.0.1.1413","PSt7-10","180509-002","6/18/2019 6:15:17 AM","0000-00","0","no battery","V"
"07/13/2019","06:14:58","9","default","116269760","OXY_CH9","8.006","min","229.508","μmol/L","Humid","21.711","deg","115506","µV","20.083","°C","1012.000","hPa","36.5","pmil","0","55.690","deg","20.000","°C","100.000","%a.s.","22.400","deg","20.000","°C","962.000","hPa","0.861","-0.02617","0.00035","0","0","13.56","Humid","35.35","0","78.50","296654.67","SABD0002000014","AAV2.0.0.13","3.0.1.1413","PSt7-10","180509-002","6/18/2019 6:15:17 AM","0000-00","0","no battery","V"
"07/13/2019","06:14:59","9","default","116269760","OXY_CH9","8.022","min","229.715","μmol/L","Humid","21.705","deg","115498","µV","20.070","°C","1013.000","hPa","36.5","pmil","0","55.690","deg","20.000","°C","100.000","%a.s.","22.400","deg","20.000","°C","962.000","hPa","0.861","-0.02617","0.00035","0","0","13.56","Humid","35.35","0","78.50","296651.31","SABD0002000014","AAV2.0.0.13","3.0.1.1413","PSt7-10","180509-002","6/18/2019 6:15:17 AM","0000-00","0","no battery","V"
"07/13/2019","06:15:00","9","default","116269760","OXY_CH9","8.039","min","229.715","μmol/L","Humid","21.705","deg","115494","µV","20.070","°C","1013.000","hPa","36.5","pmil","0","55.690","deg","20.000","°C","100.000","%a.s.","22.400","deg","20.000","°C","962.000","hPa","0.861","-0.02617","0.00035","0","0","13.56","Humid","35.35","0","78.50","296663.82","SABD0002000014","AAV2.0.0.13","3.0.1.1413","PSt7-10","180509-002","6/18/2019 6:15:17 AM","0000-00","0","no battery","V"
"07/13/2019","06:15:01","9","default","116269760","OXY_CH9","8.055","min","229.716","μmol/L","Humid","21.707","deg","115478","µV","20.064","°C","1013.000","hPa","36.5","pmil","0","55.690","deg","20.000","°C","100.000","%a.s.","22.400","deg","20.000","°C","962.000","hPa","0.861","-0.02617","0.00035","0","0","13.56","Humid","35.35","0","78.50","296656.31","SABD0002000014","AAV2.0.0.13","3.0.1.1413","PSt7-10","180509-002","6/18/2019 6:15:17 AM","0000-00","0","no battery","V"
"07/13/2019","06:15:02","9","default","116269760","OXY_CH9","8.072","min","229.755","μmol/L","Humid","21.703","deg","115475","µV","20.070","°C","1013.000","hPa","36.5","pmil","0","55.690","deg","20.000","°C","100.000","%a.s.","22.400","deg","20.000","°C","962.000","hPa","0.861","-0.02617","0.00035","0","0","13.56","Humid","35.35","0","78.50","296649.04","SABD0002000014","AAV2.0.0.13","3.0.1.1413","PSt7-10","180509-002","6/18/2019 6:15:17 AM","0000-00","0","no battery","V"
"07/13/2019","06:15:03","9","default","116269760","OXY_CH9","8.089","min","229.849","μmol/L","Humid","21.698","deg","115461","µV","20.070","°C","1012.000","hPa","36.5","pmil","0","55.690","deg","20.000","°C","100.000","%a.s.","22.400","deg","20.000","°C","962.000","hPa","0.861","-0.02617","0.00035","0","0","13.56","Humid","35.35","0","78.50","296663.01","SABD0002000014","AAV2.0.0.13","3.0.1.1413","PSt7-10","180509-002","6/18/2019 6:15:17 AM","0000-00","0","no battery","V"
"07/13/2019","06:15:04","9","default","116269760","OXY_CH9","8.106","min","229.789","μmol/L","Humid","21.699","deg","115452","µV","20.076","°C","1012.000","hPa","36.5","pmil","0","55.690","deg","20.000","°C","100.000","%a.s.","22.400","deg","20.000","°C","962.000","hPa","0.861","-0.02617","0.00035","0","0","13.56","Humid","35.35","0","78.50","296653.44","SABD0002000014","AAV2.0.0.13","3.0.1.1413","PSt7-10","180509-002","6/18/2019 6:15:17 AM","0000-00","0","no battery","V"
"07/13/2019","06:15:05","9","default","116269760","OXY_CH9","8.122","min","229.795","μmol/L","Humid","21.701","deg","115433","µV","20.070","°C","1013.000","hPa","36.5","pmil","0","55.690","deg","20.000","°C","100.000","%a.s.","22.400","deg","20.000","°C","962.000","hPa","0.861","-0.02617","0.00035","0","0","13.56","Humid","35.35","0","78.50","296655.57","SABD0002000014","AAV2.0.0.13","3.0.1.1413","PSt7-10","180509-002","6/18/2019 6:15:17 AM","0000-00","0","no battery","V"
"07/13/2019","06:15:06","9","default","116269760","OXY_CH9","8.139","min","229.895","μmol/L","Humid","21.698","deg","115440","µV","20.064","°C","1013.000","hPa","36.5","pmil","0","55.690","deg","20.000","°C","100.000","%a.s.","22.400","deg","20.000","°C","962.000","hPa","0.861","-0.02617","0.00035","0","0","13.56","Humid","35.35","0","78.50","296665.36","SABD0002000014","AAV2.0.0.13","3.0.1.1413","PSt7-10","180509-002","6/18/2019 6:15:17 AM","0000-00","0","no battery","V"
"07/13/2019","06:15:07","9","default","116269760","OXY_CH9","8.156","min","229.834","μmol/L","Humid","21.697","deg","115423","µV","20.076","°C","1013.000","hPa","36.5","pmil","0","55.690","deg","20.000","°C","100.000","%a.s.","22.400","deg","20.000","°C","962.000","hPa","0.861","-0.02617","0.00035","0","0","13.56","Humid","35.35","0","78.50","296653.24","SABD0002000014","AAV2.0.0.13","3.0.1.1413","PSt7-10","180509-002","6/18/2019 6:15:17 AM","0000-00","0","no battery","V"
"07/13/2019","06:15:08","9","default","116269760","OXY_CH9","8.172","min","229.848","μmol/L","Humid","21.696","deg","115420","µV","20.076","°C","1012.000","hPa","36.5","pmil","0","55.690","deg","20.000","°C","100.000","%a.s.","22.400","deg","20.000","°C","962.000","hPa","0.861","-0.02617","0.00035","0","0","13.56","Humid","35.35","0","78.50","296648.69","SABD0002000014","AAV2.0.0.13","3.0.1.1413","PSt7-10","180509-002","6/18/2019 6:15:17 AM","0000-00","0","no battery","V"
"07/13/2019","06:15:09","9","default","116269760","OXY_CH9","8.189","min","229.935","μmol/L","Humid","21.694","deg","115406","µV","20.070","°C","1013.000","hPa","36.5","pmil","0","55.690","deg","20.000","°C","100.000","%a.s.","22.400","deg","20.000","°C","962.000","hPa","0.861","-0.02617","0.00035","0","0","13.56","Humid","35.35","0","78.50","296654.64","SABD0002000014","AAV2.0.0.13","3.0.1.1413","PSt7-10","180509-002","6/18/2019 6:15:17 AM","0000-00","0","no battery","V"
"07/13/2019","06:15:10","9","default","116269760","OXY_CH9","8.206","min","229.954","μmol/L","Humid","21.693","deg","115392","µV","20.070","°C","1013.000","hPa","36.5","pmil","0","55.690","deg","20.000","°C","100.000","%a.s.","22.400","deg","20.000","°C","962.000","hPa","0.861","-0.02617","0.00035","0","0","13.56","Humid","35.35","0","78.50","296649.70","SABD0002000014","AAV2.0.0.13","3.0.1.1413","PSt7-10","180509-002","6/18/2019 6:15:17 AM","0000-00","0","no battery","V"
"07/13/2019","06:15:11","9","default","116269760","OXY_CH9","8.222","min","229.934","μmol/L","Humid","21.692","deg","115383","µV","20.076","°C","1013.000","hPa","36.5","pmil","0","55.690","deg","20.000","°C","100.000","%a.s.","22.400","deg","20.000","°C","962.000","hPa","0.861","-0.02617","0.00035","0","0","13.56","Humid","35.35","0","78.50","296657.03","SABD0002000014","AAV2.0.0.13","3.0.1.1413","PSt7-10","180509-002","6/18/2019 6:15:17 AM","0000-00","0","no battery","V"
"07/13/2019","06:15:12","9","default","116269760","OXY_CH9","8.239","min","230.014","μmol/L","Humid","21.690","deg","115380","µV","20.070","°C","1013.000","hPa","36.5","pmil","0","55.690","deg","20.000","°C","100.000","%a.s.","22.400","deg","20.000","°C","962.000","hPa","0.861","-0.02617","0.00035","0","0","13.56","Humid","35.35","0","78.50","296659.27","SABD0002000014","AAV2.0.0.13","3.0.1.1413","PSt7-10","180509-002","6/18/2019 6:15:17 AM","0000-00","0","no battery","V"
"07/13/2019","06:15:13","9","default","116269760","OXY_CH9","8.256","min","230.013","μmol/L","Humid","21.686","deg","115374","µV","20.083","°C","1013.000","hPa","36.5","pmil","0","55.690","deg","20.000","°C","100.000","%a.s.","22.400","deg","20.000","°C","962.000","hPa","0.861","-0.02617","0.00035","0","0","13.56","Humid","35.35","0","78.50","296660.47","SABD0002000014","AAV2.0.0.13","3.0.1.1413","PSt7-10","180509-002","6/18/2019 6:15:17 AM","0000-00","0","no battery","V"
"07/13/2019","06:15:14","9","default","116269760","OXY_CH9","8.272","min","230.034","μmol/L","Humid","21.687","deg","115359","µV","20.076","°C","1013.000","hPa","36.5","pmil","0","55.690","deg","20.000","°C","100.000","%a.s.","22.400","deg","20.000","°C","962.000","hPa","0.861","-0.02617","0.00035","0","0","13.56","Humid","35.35","0","78.50","296660.55","SABD0002000014","AAV2.0.0.13","3.0.1.1413","PSt7-10","180509-002","6/18/2019 6:15:17 AM","0000-00","0","no battery","V"
"07/13/2019","06:15:15","9","default","116269760","OXY_CH9","8.289","min","230.094","μmol/L","Humid","21.684","deg","115355","µV","20.076","°C","1013.000","hPa","36.5","pmil","0","55.690","deg","20.000","°C","100.000","%a.s.","22.400","deg","20.000","°C","962.000","hPa","0.861","-0.02617","0.00035","0","0","13.56","Humid","35.35","0","78.50","296667.28","SABD0002000014","AAV2.0.0.13","3.0.1.1413","PSt7-10","180509-002","6/18/2019 6:15:17 AM","0000-00","0","no battery","V"
"07/13/2019","06:15:16","9","default","116269760","OXY_CH9","8.306","min","230.134","μmol/L","Humid","21.684","deg","115340","µV","20.070","°C","1013.000","hPa","36.5","pmil","0","55.690","deg","20.000","°C","100.000","%a.s.","22.400","deg","20.000","°C","962.000","hPa","0.861","-0.02617","0.00035","0","0","13.56","Humid","35.35","0","78.50","296660.78","SABD0002000014","AAV2.0.0.13","3.0.1.1413","PSt7-10","180509-002","6/18/2019 6:15:17 AM","0000-00","0","no battery","V"
"07/13/2019","06:15:17","9","default","116269760","OXY_CH9","8.323","min","230.190","μmol/L","Humid","21.683","deg","115328","µV","20.064","°C","1012.000","hPa","36.5","pmil","0","55.690","deg","20.000","°C","100.000","%a.s.","22.400","deg","20.000","°C","962.000","hPa","0.861","-0.02617","0.00035","0","0","13.56","Humid","35.35","0","78.50","296642.05","SABD0002000014","AAV2.0.0.13","3.0.1.1413","PSt7-10","180509-002","6/18/2019 6:15:17 AM","0000-00","0","no battery","V"
"07/13/2019","06:15:18","9","default","116269760","OXY_CH9","8.339","min","230.214","μmol/L","Humid","21.678","deg","115319","µV","20.076","°C","1013.000","hPa","36.5","pmil","0","55.690","deg","20.000","°C","100.000","%a.s.","22.400","deg","20.000","°C","962.000","hPa","0.861","-0.02617","0.00035","0","0","13.56","Humid","35.35","0","78.50","296645.72","SABD0002000014","AAV2.0.0.13","3.0.1.1413","PSt7-10","180509-002","6/18/2019 6:15:17 AM","0000-00","0","no battery","V"
"07/13/2019","06:15:19","9","default","116269760","OXY_CH9","8.355","min","230.350","μmol/L","Humid","21.675","deg","115314","µV","20.064","°C","1012.000","hPa","36.5","pmil","0","55.690","deg","20.000","°C","100.000","%a.s.","22.400","deg","20.000","°C","962.000","hPa","0.861","-0.02617","0.00035","0","0","13.56","Humid","35.35","0","78.50","296663.57","SABD0002000014","AAV2.0.0.13","3.0.1.1413","PSt7-10","180509-002","6/18/2019 6:15:17 AM","0000-00","0","no battery","V"
"07/13/2019","06:15:20","9","default","116269760","OXY_CH9","8.373","min","230.153","μmol/L","Humid","21.679","deg","115300","µV","20.083","°C","1013.000","hPa","36.5","pmil","0","55.690","deg","20.000","°C","100.000","%a.s.","22.400","deg","20.000","°C","962.000","hPa","0.861","-0.02617","0.00035","0","0","13.56","Humid","35.35","0","78.50","296651.31","SABD0002000014","AAV2.0.0.13","3.0.1.1413","PSt7-10","180509-002","6/18/2019 6:15:17 AM","0000-00","0","no battery","V"
"07/13/2019","06:15:21","9","default","116269760","OXY_CH9","8.389","min","230.288","μmol/L","Humid","21.674","deg","115287","µV","20.076","°C","1012.000","hPa","36.5","pmil","0","55.690","deg","20.000","°C","100.000","%a.s.","22.400","deg","20.000","°C","962.000","hPa","0.861","-0.02617","0.00035","0","0","13.56","Humid","35.35","0","78.50","296645.06","SABD0002000014","AAV2.0.0.13","3.0.1.1413","PSt7-10","180509-002","6/18/2019 6:15:17 AM","0000-00","0","no battery","V"
"07/13/2019","06:15:22","9","default","116269760","OXY_CH9","8.406","min","230.253","μmol/L","Humid","21.674","deg","115273","µV","20.083","°C","1013.000","hPa","36.5","pmil","0","55.690","deg","20.000","°C","100.000","%a.s.","22.400","deg","20.000","°C","962.000","hPa","0.861","-0.02617","0.00035","0","0","13.56","Humid","35.35","0","78.50","296633.10","SABD0002000014","AAV2.0.0.13","3.0.1.1413","PSt7-10","180509-002","6/18/2019 6:15:17 AM","0000-00","0","no battery","V"
"07/13/2019","06:15:23","9","default","116269760","OXY_CH9","8.422","min","230.374","μmol/L","Humid","21.670","deg","115265","µV","20.076","°C","1013.000","hPa","36.5","pmil","0","55.690","deg","20.000","°C","100.000","%a.s.","22.400","deg","20.000","°C","962.000","hPa","0.861","-0.02617","0.00035","0","0","13.56","Humid","35.35","0","78.50","296641.14","SABD0002000014","AAV2.0.0.13","3.0.1.1413","PSt7-10","180509-002","6/18/2019 6:15:17 AM","0000-00","0","no battery","V"
"07/13/2019","06:15:24","9","default","116269760","OXY_CH9","8.439","min","230.435","μmol/L","Humid","21.669","deg","115267","µV","20.070","°C","1013.000","hPa","36.5","pmil","0","55.690","deg","20.000","°C","100.000","%a.s.","22.400","deg","20.000","°C","962.000","hPa","0.861","-0.02617","0.00035","0","0","13.56","Humid","35.35","0","78.50","296651.13","SABD0002000014","AAV2.0.0.13","3.0.1.1413","PSt7-10","180509-002","6/18/2019 6:15:17 AM","0000-00","0","no battery","V"
"07/13/2019","06:15:25","9","default","116269760","OXY_CH9","8.456","min","230.449","μmol/L","Humid","21.668","deg","115244","µV","20.070","°C","1012.000","hPa","36.5","pmil","0","55.690","deg","20.000","°C","100.000","%a.s.","22.400","deg","20.000","°C","962.000","hPa","0.861","-0.02617","0.00035","0","0","13.56","Humid","35.35","0","78.50","296632.49","SABD0002000014","AAV2.0.0.13","3.0.1.1413","PSt7-10","180509-002","6/18/2019 6:15:17 AM","0000-00","0","no battery","V"
"07/13/2019","06:15:26","9","default","116269760","OXY_CH9","8.472","min","230.414","μmol/L","Humid","21.668","deg","115236","µV","20.076","°C","1013.000","hPa","36.5","pmil","0","55.690","deg","20.000","°C","100.000","%a.s.","22.400","deg","20.000","°C","962.000","hPa","0.861","-0.02617","0.00035","0","0","13.56","Humid","35.35","0","78.50","296647.96","SABD0002000014","AAV2.0.0.13","3.0.1.1413","PSt7-10","180509-002","6/18/2019 6:15:17 AM","0000-00","0","no battery","V"
"07/13/2019","06:15:27","9","default","116269760","OXY_CH9","8.489","min","230.495","μmol/L","Humid","21.666","deg","115234","µV","20.070","°C","1013.000","hPa","36.5","pmil","0","55.690","deg","20.000","°C","100.000","%a.s.","22.400","deg","20.000","°C","962.000","hPa","0.861","-0.02617","0.00035","0","0","13.56","Humid","35.35","0","78.50","296653.70","SABD0002000014","AAV2.0.0.13","3.0.1.1413","PSt7-10","180509-002","6/18/2019 6:15:17 AM","0000-00","0","no battery","V"
"07/13/2019","06:15:28","9","default","116269760","OXY_CH9","8.505","min","230.453","μmol/L","Humid","21.664","deg","115213","µV","20.083","°C","1013.000","hPa","36.5","pmil","0","55.690","deg","20.000","°C","100.000","%a.s.","22.400","deg","20.000","°C","962.000","hPa","0.861","-0.02617","0.00035","0","0","13.56","Humid","35.35","0","78.50","296651.19","SABD0002000014","AAV2.0.0.13","3.0.1.1413","PSt7-10","180509-002","6/18/2019 6:15:17 AM","0000-00","0","no battery","V"
"07/13/2019","06:15:29","9","default","116269760","OXY_CH9","8.522","min","230.514","μmol/L","Humid","21.663","deg","115206","µV","20.076","°C","1013.000","hPa","36.5","pmil","0","55.690","deg","20.000","°C","100.000","%a.s.","22.400","deg","20.000","°C","962.000","hPa","0.861","-0.02617","0.00035","0","0","13.56","Humid","35.35","0","78.50","296634.17","SABD0002000014","AAV2.0.0.13","3.0.1.1413","PSt7-10","180509-002","6/18/2019 6:15:17 AM","0000-00","0","no battery","V"
"07/13/2019","06:15:30","9","default","116269760","OXY_CH9","8.539","min","230.508","μmol/L","Humid","21.661","deg","115194","µV","20.083","°C","1012.000","hPa","36.5","pmil","0","55.690","deg","20.000","°C","100.000","%a.s.","22.400","deg","20.000","°C","962.000","hPa","0.861","-0.02617","0.00035","0","0","13.56","Humid","35.35","0","78.50","296635.56","SABD0002000014","AAV2.0.0.13","3.0.1.1413","PSt7-10","180509-002","6/18/2019 6:15:17 AM","0000-00","0","no battery","V"
"07/13/2019","06:15:31","9","default","116269760","OXY_CH9","8.556","min","230.529","μmol/L","Humid","21.662","deg","115190","µV","20.076","°C","1012.000","hPa","36.5","pmil","0","55.690","deg","20.000","°C","100.000","%a.s.","22.400","deg","20.000","°C","962.000","hPa","0.861","-0.02617","0.00035","0","0","13.56","Humid","35.35","0","78.50","296639.22","SABD0002000014","AAV2.0.0.13","3.0.1.1413","PSt7-10","180509-002","6/18/2019 6:15:17 AM","0000-00","0","no battery","V"
"07/13/2019","06:15:32","9","default","116269760","OXY_CH9","8.572","min","230.514","μmol/L","Humid","21.661","deg","115178","µV","20.083","°C","1013.000","hPa","36.5","pmil","0","55.690","deg","20.000","°C","100.000","%a.s.","22.400","deg","20.000","°C","962.000","hPa","0.861","-0.02617","0.00035","0","0","13.56","Humid","35.35","0","78.50","296632.09","SABD0002000014","AAV2.0.0.13","3.0.1.1413","PSt7-10","180509-002","6/18/2019 6:15:17 AM","0000-00","0","no battery","V"
"07/13/2019","06:15:33","9","default","116269760","OXY_CH9","8.589","min","230.589","μmol/L","Humid","21.659","deg","115165","µV","20.076","°C","1012.000","hPa","36.5","pmil","0","55.690","deg","20.000","°C","100.000","%a.s.","22.400","deg","20.000","°C","962.000","hPa","0.861","-0.02617","0.00035","0","0","13.56","Humid","35.35","0","78.50","296638.48","SABD0002000014","AAV2.0.0.13","3.0.1.1413","PSt7-10","180509-002","6/18/2019 6:15:17 AM","0000-00","0","no battery","V"
"07/13/2019","06:15:34","9","default","116269760","OXY_CH9","8.605","min","230.675","μmol/L","Humid","21.655","deg","115161","µV","20.076","°C","1013.000","hPa","36.5","pmil","0","55.690","deg","20.000","°C","100.000","%a.s.","22.400","deg","20.000","°C","962.000","hPa","0.861","-0.02617","0.00035","0","0","13.56","Humid","35.35","0","78.50","296635.57","SABD0002000014","AAV2.0.0.13","3.0.1.1413","PSt7-10","180509-002","6/18/2019 6:15:17 AM","0000-00","0","no battery","V"
"07/13/2019","06:15:35","9","default","116269760","OXY_CH9","8.622","min","230.634","μmol/L","Humid","21.655","deg","115160","µV","20.083","°C","1013.000","hPa","36.5","pmil","0","55.690","deg","20.000","°C","100.000","%a.s.","22.400","deg","20.000","°C","962.000","hPa","0.861","-0.02617","0.00035","0","0","13.56","Humid","35.35","0","78.50","296631.93","SABD0002000014","AAV2.0.0.13","3.0.1.1413","PSt7-10","180509-002","6/18/2019 6:15:17 AM","0000-00","0","no battery","V"
"07/13/2019","06:15:36","9","default","116269760","OXY_CH9","8.639","min","230.715","μmol/L","Humid","21.653","deg","115143","µV","20.076","°C","1013.000","hPa","36.5","pmil","0","55.690","deg","20.000","°C","100.000","%a.s.","22.400","deg","20.000","°C","962.000","hPa","0.861","-0.02617","0.00035","0","0","13.56","Humid","35.35","0","78.50","296633.52","SABD0002000014","AAV2.0.0.13","3.0.1.1413","PSt7-10","180509-002","6/18/2019 6:15:17 AM","0000-00","0","no battery","V"
"07/13/2019","06:15:37","9","default","116269760","OXY_CH9","8.656","min","230.755","μmol/L","Humid","21.651","deg","115123","µV","20.076","°C","1013.000","hPa","36.5","pmil","0","55.690","deg","20.000","°C","100.000","%a.s.","22.400","deg","20.000","°C","962.000","hPa","0.861","-0.02617","0.00035","0","0","13.56","Humid","35.35","0","78.50","296634.26","SABD0002000014","AAV2.0.0.13","3.0.1.1413","PSt7-10","180509-002","6/18/2019 6:15:17 AM","0000-00","0","no battery","V"
"07/13/2019","06:15:38","9","default","116269760","OXY_CH9","8.672","min","230.836","μmol/L","Humid","21.649","deg","115123","µV","20.070","°C","1013.000","hPa","36.5","pmil","0","55.690","deg","20.000","°C","100.000","%a.s.","22.400","deg","20.000","°C","962.000","hPa","0.861","-0.02617","0.00035","0","0","13.56","Humid","35.35","0","78.50","296637.56","SABD0002000014","AAV2.0.0.13","3.0.1.1413","PSt7-10","180509-002","6/18/2019 6:15:17 AM","0000-00","0","no battery","V"
"07/13/2019","06:15:39","9","default","116269760","OXY_CH9","8.688","min","230.714","μmol/L","Humid","21.651","deg","115116","µV","20.083","°C","1013.000","hPa","36.5","pmil","0","55.690","deg","20.000","°C","100.000","%a.s.","22.400","deg","20.000","°C","962.000","hPa","0.861","-0.02617","0.00035","0","0","13.56","Humid","35.35","0","78.50","296630.97","SABD0002000014","AAV2.0.0.13","3.0.1.1413","PSt7-10","180509-002","6/18/2019 6:15:17 AM","0000-00","0","no battery","V"
"07/13/2019","06:15:40","9","default","116269760","OXY_CH9","8.706","min","230.876","μmol/L","Humid","21.647","deg","115106","µV","20.070","°C","1013.000","hPa","36.5","pmil","0","55.690","deg","20.000","°C","100.000","%a.s.","22.400","deg","20.000","°C","962.000","hPa","0.861","-0.02617","0.00035","0","0","13.56","Humid","35.35","0","78.50","296642.28","SABD0002000014","AAV2.0.0.13","3.0.1.1413","PSt7-10","180509-002","6/18/2019 6:15:17 AM","0000-00","0","no battery","V"
"07/13/2019","06:15:41","9","default","116269760","OXY_CH9","8.722","min","230.856","μmol/L","Humid","21.648","deg","115100","µV","20.070","°C","1013.000","hPa","36.5","pmil","0","55.690","deg","20.000","°C","100.000","%a.s.","22.400","deg","20.000","°C","962.000","hPa","0.861","-0.02617","0.00035","0","0","13.56","Humid","35.35","0","78.50","296629.72","SABD0002000014","AAV2.0.0.13","3.0.1.1413","PSt7-10","180509-002","6/18/2019 6:15:17 AM","0000-00","0","no battery","V"
"07/13/2019","06:15:42","9","default","116269760","OXY_CH9","8.739","min","230.855","μmol/L","Humid","21.646","deg","115085","µV","20.076","°C","1013.000","hPa","36.5","pmil","0","55.690","deg","20.000","°C","100.000","%a.s.","22.400","deg","20.000","°C","962.000","hPa","0.861","-0.02617","0.00035","0","0","13.56","Humid","35.35","0","78.50","296643.34","SABD0002000014","AAV2.0.0.13","3.0.1.1413","PSt7-10","180509-002","6/18/2019 6:15:17 AM","0000-00","0","no battery","V"
"07/13/2019","06:15:43","9","default","116269760","OXY_CH9","8.755","min","230.875","μmol/L","Humid","21.645","deg","115068","µV","20.076","°C","1013.000","hPa","36.5","pmil","0","55.690","deg","20.000","°C","100.000","%a.s.","22.400","deg","20.000","°C","962.000","hPa","0.861","-0.02617","0.00035","0","0","13.56","Humid","35.35","0","78.50","296639.00","SABD0002000014","AAV2.0.0.13","3.0.1.1413","PSt7-10","180509-002","6/18/2019 6:15:17 AM","0000-00","0","no battery","V"
"07/13/2019","06:15:44","9","default","116269760","OXY_CH9","8.772","min","230.997","μmol/L","Humid","21.641","deg","115058","µV","20.070","°C","1013.000","hPa","36.5","pmil","0","55.690","deg","20.000","°C","100.000","%a.s.","22.400","deg","20.000","°C","962.000","hPa","0.861","-0.02617","0.00035","0","0","13.56","Humid","35.35","0","78.50","296640.88","SABD0002000014","AAV2.0.0.13","3.0.1.1413","PSt7-10","180509-002","6/18/2019 6:15:17 AM","0000-00","0","no battery","V"
"07/13/2019","06:15:45","9","default","116269760","OXY_CH9","8.789","min","230.956","μmol/L","Humid","21.641","deg","115047","µV","20.076","°C","1013.000","hPa","36.5","pmil","0","55.690","deg","20.000","°C","100.000","%a.s.","22.400","deg","20.000","°C","962.000","hPa","0.861","-0.02617","0.00035","0","0","13.56","Humid","35.35","0","78.50","296628.96","SABD0002000014","AAV2.0.0.13","3.0.1.1413","PSt7-10","180509-002","6/18/2019 6:15:17 AM","0000-00","0","no battery","V"
"07/13/2019","06:15:46","9","default","116269760","OXY_CH9","8.806","min","230.971","μmol/L","Humid","21.640","deg","115050","µV","20.076","°C","1012.000","hPa","36.5","pmil","0","55.690","deg","20.000","°C","100.000","%a.s.","22.400","deg","20.000","°C","962.000","hPa","0.861","-0.02617","0.00035","0","0","13.56","Humid","35.35","0","78.50","296632.72","SABD0002000014","AAV2.0.0.13","3.0.1.1413","PSt7-10","180509-002","6/18/2019 6:15:17 AM","0000-00","0","no battery","V"
"07/13/2019","06:15:47","9","default","116269760","OXY_CH9","8.822","min","231.015","μmol/L","Humid","21.636","deg","115034","µV","20.083","°C","1013.000","hPa","36.5","pmil","0","55.690","deg","20.000","°C","100.000","%a.s.","22.400","deg","20.000","°C","962.000","hPa","0.861","-0.02617","0.00035","0","0","13.56","Humid","35.35","0","78.50","296615.07","SABD0002000014","AAV2.0.0.13","3.0.1.1413","PSt7-10","180509-002","6/18/2019 6:15:17 AM","0000-00","0","no battery","V"
"07/13/2019","06:15:48","9","default","116269760","OXY_CH9","8.839","min","231.056","μmol/L","Humid","21.634","deg","115025","µV","20.083","°C","1013.000","hPa","36.5","pmil","0","55.690","deg","20.000","°C","100.000","%a.s.","22.400","deg","20.000","°C","962.000","hPa","0.861","-0.02617","0.00035","0","0","13.56","Humid","35.35","0","78.50","296635.69","SABD0002000014","AAV2.0.0.13","3.0.1.1413","PSt7-10","180509-002","6/18/2019 6:15:17 AM","0000-00","0","no battery","V"
"07/13/2019","06:15:49","9","default","116269760","OXY_CH9","8.856","min","231.036","μmol/L","Humid","21.635","deg","115005","µV","20.083","°C","1013.000","hPa","36.5","pmil","0","55.690","deg","20.000","°C","100.000","%a.s.","22.400","deg","20.000","°C","962.000","hPa","0.861","-0.02617","0.00035","0","0","13.56","Humid","35.35","0","78.50","296625.54","SABD0002000014","AAV2.0.0.13","3.0.1.1413","PSt7-10","180509-002","6/18/2019 6:15:17 AM","0000-00","0","no battery","V"
"07/13/2019","06:15:50","9","default","116269760","OXY_CH9","8.872","min","231.117","μmol/L","Humid","21.633","deg","114994","µV","20.076","°C","1013.000","hPa","36.5","pmil","0","55.690","deg","20.000","°C","100.000","%a.s.","22.400","deg","20.000","°C","962.000","hPa","0.861","-0.02617","0.00035","0","0","13.56","Humid","35.35","0","78.50","296629.04","SABD0002000014","AAV2.0.0.13","3.0.1.1413","PSt7-10","180509-002","6/18/2019 6:15:17 AM","0000-00","0","no battery","V"
"07/13/2019","06:15:51","9","default","116269760","OXY_CH9","8.889","min","231.157","μmol/L","Humid","21.631","deg","114986","µV","20.076","°C","1013.000","hPa","36.5","pmil","0","55.690","deg","20.000","°C","100.000","%a.s.","22.400","deg","20.000","°C","962.000","hPa","0.861","-0.02617","0.00035","0","0","13.56","Humid","35.35","0","78.50","296620.87","SABD0002000014","AAV2.0.0.13","3.0.1.1413","PSt7-10","180509-002","6/18/2019 6:15:17 AM","0000-00","0","no battery","V"
"07/13/2019","06:15:52","9","default","116269760","OXY_CH9","8.905","min","231.076","μmol/L","Humid","21.633","deg","114982","µV","20.083","°C","1013.000","hPa","36.5","pmil","0","55.690","deg","20.000","°C","100.000","%a.s.","22.400","deg","20.000","°C","962.000","hPa","0.861","-0.02617","0.00035","0","0","13.56","Humid","35.35","0","78.50","296623.39","SABD0002000014","AAV2.0.0.13","3.0.1.1413","PSt7-10","180509-002","6/18/2019 6:15:17 AM","0000-00","0","no battery","V"
"07/13/2019","06:15:53","9","default","116269760","OXY_CH9","8.922","min","231.096","μmol/L","Humid","21.632","deg","114970","µV","20.083","°C","1013.000","hPa","36.5","pmil","0","55.690","deg","20.000","°C","100.000","%a.s.","22.400","deg","20.000","°C","962.000","hPa","0.861","-0.02617","0.00035","0","0","13.56","Humid","35.35","0","78.50","296625.84","SABD0002000014","AAV2.0.0.13","3.0.1.1413","PSt7-10","180509-002","6/18/2019 6:15:17 AM","0000-00","0","no battery","V"
"07/13/2019","06:15:54","9","default","116269760","OXY_CH9","8.939","min","231.258","μmol/L","Humid","21.626","deg","114963","µV","20.076","°C","1013.000","hPa","36.5","pmil","0","55.690","deg","20.000","°C","100.000","%a.s.","22.400","deg","20.000","°C","962.000","hPa","0.861","-0.02617","0.00035","0","0","13.56","Humid","35.35","0","78.50","296623.71","SABD0002000014","AAV2.0.0.13","3.0.1.1413","PSt7-10","180509-002","6/18/2019 6:15:17 AM","0000-00","0","no battery","V"
"07/13/2019","06:15:55","9","default","116269760","OXY_CH9","8.956","min","231.317","μmol/L","Humid","21.621","deg","114956","µV","20.083","°C","1013.000","hPa","36.5","pmil","0","55.690","deg","20.000","°C","100.000","%a.s.","22.400","deg","20.000","°C","962.000","hPa","0.861","-0.02617","0.00035","0","0","13.56","Humid","35.35","0","78.50","296629.41","SABD0002000014","AAV2.0.0.13","3.0.1.1413","PSt7-10","180509-002","6/18/2019 6:15:17 AM","0000-00","0","no battery","V"
"07/13/2019","06:15:56","9","default","116269760","OXY_CH9","8.972","min","231.277","μmol/L","Humid","21.623","deg","114944","µV","20.083","°C","1013.000","hPa","36.5","pmil","0","55.690","deg","20.000","°C","100.000","%a.s.","22.400","deg","20.000","°C","962.000","hPa","0.861","-0.02617","0.00035","0","0","13.56","Humid","35.35","0","78.50","296619.12","SABD0002000014","AAV2.0.0.13","3.0.1.1413","PSt7-10","180509-002","6/18/2019 6:15:17 AM","0000-00","0","no battery","V"
"07/13/2019","06:15:57","9","default","116269760","OXY_CH9","8.989","min","231.317","μmol/L","Humid","21.621","deg","114934","µV","20.083","°C","1013.000","hPa","36.5","pmil","0","55.690","deg","20.000","°C","100.000","%a.s.","22.400","deg","20.000","°C","962.000","hPa","0.861","-0.02617","0.00035","0","0","13.56","Humid","35.35","0","78.50","296618.91","SABD0002000014","AAV2.0.0.13","3.0.1.1413","PSt7-10","180509-002","6/18/2019 6:15:17 AM","0000-00","0","no battery","V"
"07/13/2019","06:15:58","9","default","116269760","OXY_CH9","9.005","min","231.337","μmol/L","Humid","21.620","deg","114915","µV","20.083","°C","1013.000","hPa","36.5","pmil","0","55.690","deg","20.000","°C","100.000","%a.s.","22.400","deg","20.000","°C","962.000","hPa","0.861","-0.02617","0.00035","0","0","13.56","Humid","35.35","0","78.50","296606.88","SABD0002000014","AAV2.0.0.13","3.0.1.1413","PSt7-10","180509-002","6/18/2019 6:15:17 AM","0000-00","0","no battery","V"
"07/13/2019","06:15:59","9","default","116269760","OXY_CH9","9.022","min","231.358","μmol/L","Humid","21.619","deg","114916","µV","20.083","°C","1013.000","hPa","36.5","pmil","0","55.690","deg","20.000","°C","100.000","%a.s.","22.400","deg","20.000","°C","962.000","hPa","0.861","-0.02617","0.00035","0","0","13.56","Humid","35.35","0","78.50","296620.97","SABD0002000014","AAV2.0.0.13","3.0.1.1413","PSt7-10","180509-002","6/18/2019 6:15:17 AM","0000-00","0","no battery","V"
"07/13/2019","06:16:00","9","default","116269760","OXY_CH9","9.039","min","231.337","μmol/L","Humid","21.620","deg","114901","µV","20.083","°C","1013.000","hPa","36.5","pmil","0","55.690","deg","20.000","°C","100.000","%a.s.","22.400","deg","20.000","°C","962.000","hPa","0.861","-0.02617","0.00035","0","0","13.56","Humid","35.35","0","78.50","296614.34","SABD0002000014","AAV2.0.0.13","3.0.1.1413","PSt7-10","180509-002","6/18/2019 6:15:17 AM","0000-00","0","no battery","V"
"07/13/2019","06:16:01","9","default","116269760","OXY_CH9","9.056","min","231.459","μmol/L","Humid","21.616","deg","114903","µV","20.076","°C","1013.000","hPa","36.5","pmil","0","55.690","deg","20.000","°C","100.000","%a.s.","22.400","deg","20.000","°C","962.000","hPa","0.861","-0.02617","0.00035","0","0","13.56","Humid","35.35","0","78.50","296619.58","SABD0002000014","AAV2.0.0.13","3.0.1.1413","PSt7-10","180509-002","6/18/2019 6:15:17 AM","0000-00","0","no battery","V"
"07/13/2019","06:16:02","9","default","116269760","OXY_CH9","9.073","min","231.459","μmol/L","Humid","21.616","deg","114881","µV","20.076","°C","1013.000","hPa","36.5","pmil","0","55.690","deg","20.000","°C","100.000","%a.s.","22.400","deg","20.000","°C","962.000","hPa","0.861","-0.02617","0.00035","0","0","13.56","Humid","35.35","0","78.50","296612.11","SABD0002000014","AAV2.0.0.13","3.0.1.1413","PSt7-10","180509-002","6/18/2019 6:15:17 AM","0000-00","0","no battery","V"
"07/13/2019","06:16:03","9","default","116269760","OXY_CH9","9.089","min","231.499","μmol/L","Humid","21.612","deg","114871","µV","20.083","°C","1013.000","hPa","36.5","pmil","0","55.690","deg","20.000","°C","100.000","%a.s.","22.400","deg","20.000","°C","962.000","hPa","0.861","-0.02617","0.00035","0","0","13.56","Humid","35.35","0","78.50","296611.72","SABD0002000014","AAV2.0.0.13","3.0.1.1413","PSt7-10","180509-002","6/18/2019 6:15:17 AM","0000-00","0","no battery","V"
"07/13/2019","06:16:04","9","default","116269760","OXY_CH9","9.106","min","231.560","μmol/L","Humid","21.611","deg","114865","µV","20.076","°C","1013.000","hPa","36.5","pmil","0","55.690","deg","20.000","°C","100.000","%a.s.","22.400","deg","20.000","°C","962.000","hPa","0.861","-0.02617","0.00035","0","0","13.56","Humid","35.35","0","78.50","296622.91","SABD0002000014","AAV2.0.0.13","3.0.1.1413","PSt7-10","180509-002","6/18/2019 6:15:17 AM","0000-00","0","no battery","V"
"07/13/2019","06:16:05","9","default","116269760","OXY_CH9","9.122","min","231.519","μmol/L","Humid","21.611","deg","114857","µV","20.083","°C","1013.000","hPa","36.5","pmil","0","55.690","deg","20.000","°C","100.000","%a.s.","22.400","deg","20.000","°C","962.000","hPa","0.861","-0.02617","0.00035","0","0","13.56","Humid","35.35","0","78.50","296609.41","SABD0002000014","AAV2.0.0.13","3.0.1.1413","PSt7-10","180509-002","6/18/2019 6:15:17 AM","0000-00","0","no battery","V"
"07/13/2019","06:16:06","9","default","116269760","OXY_CH9","9.139","min","231.681","μmol/L","Humid","21.605","deg","114847","µV","20.076","°C","1013.000","hPa","36.5","pmil","0","55.690","deg","20.000","°C","100.000","%a.s.","22.400","deg","20.000","°C","962.000","hPa","0.861","-0.02617","0.00035","0","0","13.56","Humid","35.35","0","78.50","296607.45","SABD0002000014","AAV2.0.0.13","3.0.1.1413","PSt7-10","180509-002","6/18/2019 6:15:17 AM","0000-00","0","no battery","V"
"07/13/2019","06:16:07","9","default","116269760","OXY_CH9","9.156","min","231.574","μmol/L","Humid","21.608","deg","114841","µV","20.083","°C","1012.000","hPa","36.5","pmil","0","55.690","deg","20.000","°C","100.000","%a.s.","22.400","deg","20.000","°C","962.000","hPa","0.861","-0.02617","0.00035","0","0","13.56","Humid","35.35","0","78.50","296611.21","SABD0002000014","AAV2.0.0.13","3.0.1.1413","PSt7-10","180509-002","6/18/2019 6:15:17 AM","0000-00","0","no battery","V"
"07/13/2019","06:16:08","9","default","116269760","OXY_CH9","9.172","min","231.599","μmol/L","Humid","21.607","deg","114833","µV","20.083","°C","1013.000","hPa","36.5","pmil","0","55.690","deg","20.000","°C","100.000","%a.s.","22.400","deg","20.000","°C","962.000","hPa","0.861","-0.02617","0.00035","0","0","13.56","Humid","35.35","0","78.50","296605.85","SABD0002000014","AAV2.0.0.13","3.0.1.1413","PSt7-10","180509-002","6/18/2019 6:15:17 AM","0000-00","0","no battery","V"
"07/13/2019","06:16:09","9","default","116269760","OXY_CH9","9.189","min","231.640","μmol/L","Humid","21.605","deg","114819","µV","20.083","°C","1013.000","hPa","36.5","pmil","0","55.690","deg","20.000","°C","100.000","%a.s.","22.400","deg","20.000","°C","962.000","hPa","0.861","-0.02617","0.00035","0","0","13.56","Humid","35.35","0","78.50","296618.07","SABD0002000014","AAV2.0.0.13","3.0.1.1413","PSt7-10","180509-002","6/18/2019 6:15:17 AM","0000-00","0","no battery","V"
"07/13/2019","06:16:10","9","default","116269760","OXY_CH9","9.205","min","231.721","μmol/L","Humid","21.601","deg","114813","µV","20.083","°C","1013.000","hPa","36.5","pmil","0","55.690","deg","20.000","°C","100.000","%a.s.","22.400","deg","20.000","°C","962.000","hPa","0.861","-0.02617","0.00035","0","0","13.56","Humid","35.35","0","78.50","296624.64","SABD0002000014","AAV2.0.0.13","3.0.1.1413","PSt7-10","180509-002","6/18/2019 6:15:17 AM","0000-00","0","no battery","V"
"07/13/2019","06:16:11","9","default","116269760","OXY_CH9","9.223","min","231.640","μmol/L","Humid","21.607","deg","114806","µV","20.076","°C","1013.000","hPa","36.5","pmil","0","55.690","deg","20.000","°C","100.000","%a.s.","22.400","deg","20.000","°C","962.000","hPa","0.861","-0.02617","0.00035","0","0","13.56","Humid","35.35","0","78.50","296625.42","SABD0002000014","AAV2.0.0.13","3.0.1.1413","PSt7-10","180509-002","6/18/2019 6:15:17 AM","0000-00","0","no battery","V"
"07/13/2019","06:16:12","9","default","116269760","OXY_CH9","9.239","min","231.700","μmol/L","Humid","21.602","deg","114785","µV","20.083","°C","1013.000","hPa","36.5","pmil","0","55.690","deg","20.000","°C","100.000","%a.s.","22.400","deg","20.000","°C","962.000","hPa","0.861","-0.02617","0.00035","0","0","13.56","Humid","35.35","0","78.50","296606.50","SABD0002000014","AAV2.0.0.13","3.0.1.1413","PSt7-10","180509-002","6/18/2019 6:15:17 AM","0000-00","0","no battery","V"
"07/13/2019","06:16:13","9","default","116269760","OXY_CH9","9.255","min","231.740","μmol/L","Humid","21.598","deg","114784","µV","20.089","°C","1013.000","hPa","36.5","pmil","0","55.690","deg","20.000","°C","100.000","%a.s.","22.400","deg","20.000","°C","962.000","hPa","0.861","-0.02617","0.00035","0","0","13.56","Humid","35.35","0","78.50","296607.65","SABD0002000014","AAV2.0.0.13","3.0.1.1413","PSt7-10","180509-002","6/18/2019 6:15:17 AM","0000-00","0","no battery","V"
"07/13/2019","06:16:14","9","default","116269760","OXY_CH9","9.272","min","231.720","μmol/L","Humid","21.599","deg","114777","µV","20.089","°C","1013.000","hPa","36.5","pmil","0","55.690","deg","20.000","°C","100.000","%a.s.","22.400","deg","20.000","°C","962.000","hPa","0.861","-0.02617","0.00035","0","0","13.56","Humid","35.35","0","78.50","296620.59","SABD0002000014","AAV2.0.0.13","3.0.1.1413","PSt7-10","180509-002","6/18/2019 6:15:17 AM","0000-00","0","no battery","V"
"07/13/2019","06:16:15","9","default","116269760","OXY_CH9","9.289","min","231.780","μmol/L","Humid","21.596","deg","114763","µV","20.089","°C","1013.000","hPa","36.5","pmil","0","55.690","deg","20.000","°C","100.000","%a.s.","22.400","deg","20.000","°C","962.000","hPa","0.861","-0.02617","0.00035","0","0","13.56","Humid","35.35","0","78.50","296606.29","SABD0002000014","AAV2.0.0.13","3.0.1.1413","PSt7-10","180509-002","6/18/2019 6:15:17 AM","0000-00","0","no battery","V"
"07/13/2019","06:16:16","9","default","116269760","OXY_CH9","9.306","min","231.821","μmol/L","Humid","21.594","deg","114754","µV","20.089","°C","1013.000","hPa","36.5","pmil","0","55.690","deg","20.000","°C","100.000","%a.s.","22.400","deg","20.000","°C","962.000","hPa","0.861","-0.02617","0.00035","0","0","13.56","Humid","35.35","0","78.50","296607.22","SABD0002000014","AAV2.0.0.13","3.0.1.1413","PSt7-10","180509-002","6/18/2019 6:15:17 AM","0000-00","0","no battery","V"
"07/13/2019","06:16:17","9","default","116269760","OXY_CH9","9.322","min","231.903","μmol/L","Humid","21.594","deg","114753","µV","20.076","°C","1013.000","hPa","36.5","pmil","0","55.690","deg","20.000","°C","100.000","%a.s.","22.400","deg","20.000","°C","962.000","hPa","0.861","-0.02617","0.00035","0","0","13.56","Humid","35.35","0","78.50","296611.53","SABD0002000014","AAV2.0.0.13","3.0.1.1413","PSt7-10","180509-002","6/18/2019 6:15:17 AM","0000-00","0","no battery","V"
"07/13/2019","06:16:18","9","default","116269760","OXY_CH9","9.339","min","231.836","μmol/L","Humid","21.593","deg","114741","µV","20.089","°C","1012.000","hPa","36.5","pmil","0","55.690","deg","20.000","°C","100.000","%a.s.","22.400","deg","20.000","°C","962.000","hPa","0.861","-0.02617","0.00035","0","0","13.56","Humid","35.35","0","78.50","296607.33","SABD0002000014","AAV2.0.0.13","3.0.1.1413","PSt7-10","180509-002","6/18/2019 6:15:17 AM","0000-00","0","no battery","V"
"07/13/2019","06:16:19","9","default","116269760","OXY_CH9","9.355","min","231.801","μmol/L","Humid","21.595","deg","114725","µV","20.089","°C","1013.000","hPa","36.5","pmil","0","55.690","deg","20.000","°C","100.000","%a.s.","22.400","deg","20.000","°C","962.000","hPa","0.861","-0.02617","0.00035","0","0","13.56","Humid","35.35","0","78.50","296599.23","SABD0002000014","AAV2.0.0.13","3.0.1.1413","PSt7-10","180509-002","6/18/2019 6:15:17 AM","0000-00","0","no battery","V"
"07/13/2019","06:16:20","9","default","116269760","OXY_CH9","9.373","min","231.896","μmol/L","Humid","21.590","deg","114725","µV","20.089","°C","1012.000","hPa","36.5","pmil","0","55.690","deg","20.000","°C","100.000","%a.s.","22.400","deg","20.000","°C","962.000","hPa","0.861","-0.02617","0.00035","0","0","13.56","Humid","35.35","0","78.50","296602.99","SABD0002000014","AAV2.0.0.13","3.0.1.1413","PSt7-10","180509-002","6/18/2019 6:15:17 AM","0000-00","0","no battery","V"
"07/13/2019","06:16:21","9","default","116269760","OXY_CH9","9.389","min","231.896","μmol/L","Humid","21.590","deg","114709","µV","20.089","°C","1012.000","hPa","36.5","pmil","0","55.690","deg","20.000","°C","100.000","%a.s.","22.400","deg","20.000","°C","962.000","hPa","0.861","-0.02617","0.00035","0","0","13.56","Humid","35.35","0","78.50","296606.68","SABD0002000014","AAV2.0.0.13","3.0.1.1413","PSt7-10","180509-002","6/18/2019 6:15:17 AM","0000-00","0","no battery","V"
"07/13/2019","06:16:22","9","default","116269760","OXY_CH9","9.406","min","232.064","μmol/L","Humid","21.584","deg","114700","µV","20.083","°C","1013.000","hPa","36.5","pmil","0","55.690","deg","20.000","°C","100.000","%a.s.","22.400","deg","20.000","°C","962.000","hPa","0.861","-0.02617","0.00035","0","0","13.56","Humid","35.35","0","78.50","296613.79","SABD0002000014","AAV2.0.0.13","3.0.1.1413","PSt7-10","180509-002","6/18/2019 6:15:17 AM","0000-00","0","no battery","V"
"07/13/2019","06:16:23","9","default","116269760","OXY_CH9","9.422","min","231.983","μmol/L","Humid","21.588","deg","114689","µV","20.083","°C","1013.000","hPa","36.5","pmil","0","55.690","deg","20.000","°C","100.000","%a.s.","22.400","deg","20.000","°C","962.000","hPa","0.861","-0.02617","0.00035","0","0","13.56","Humid","35.35","0","78.50","296583.57","SABD0002000014","AAV2.0.0.13","3.0.1.1413","PSt7-10","180509-002","6/18/2019 6:15:17 AM","0000-00","0","no battery","V"
"07/13/2019","06:16:24","9","default","116269760","OXY_CH9","9.439","min","231.942","μmol/L","Humid","21.588","deg","114677","µV","20.089","°C","1013.000","hPa","36.5","pmil","0","55.690","deg","20.000","°C","100.000","%a.s.","22.400","deg","20.000","°C","962.000","hPa","0.861","-0.02617","0.00035","0","0","13.56","Humid","35.35","0","78.50","296593.24","SABD0002000014","AAV2.0.0.13","3.0.1.1413","PSt7-10","180509-002","6/18/2019 6:15:17 AM","0000-00","0","no battery","V"
"07/13/2019","06:16:25","9","default","116269760","OXY_CH9","9.455","min","232.064","μmol/L","Humid","21.584","deg","114668","µV","20.083","°C","1013.000","hPa","36.5","pmil","0","55.690","deg","20.000","°C","100.000","%a.s.","22.400","deg","20.000","°C","962.000","hPa","0.861","-0.02617","0.00035","0","0","13.56","Humid","35.35","0","78.50","296587.88","SABD0002000014","AAV2.0.0.13","3.0.1.1413","PSt7-10","180509-002","6/18/2019 6:15:17 AM","0000-00","0","no battery","V"
"07/13/2019","06:16:26","9","default","116269760","OXY_CH9","9.473","min","232.084","μmol/L","Humid","21.583","deg","114659","µV","20.083","°C","1013.000","hPa","36.5","pmil","0","55.690","deg","20.000","°C","100.000","%a.s.","22.400","deg","20.000","°C","962.000","hPa","0.861","-0.02617","0.00035","0","0","13.56","Humid","35.35","0","78.50","296605.55","SABD0002000014","AAV2.0.0.13","3.0.1.1413","PSt7-10","180509-002","6/18/2019 6:15:17 AM","0000-00","0","no battery","V"
"07/13/2019","06:16:27","9","default","116269760","OXY_CH9","9.489","min","232.165","μmol/L","Humid","21.579","deg","114651","µV","20.083","°C","1013.000","hPa","36.5","pmil","0","55.690","deg","20.000","°C","100.000","%a.s.","22.400","deg","20.000","°C","962.000","hPa","0.861","-0.02617","0.00035","0","0","13.56","Humid","35.35","0","78.50","296607.25","SABD0002000014","AAV2.0.0.13","3.0.1.1413","PSt7-10","180509-002","6/18/2019 6:15:17 AM","0000-00","0","no battery","V"
"07/13/2019","06:16:28","9","default","116269760","OXY_CH9","9.506","min","232.139","μmol/L","Humid","21.578","deg","114633","µV","20.089","°C","1012.000","hPa","36.5","pmil","0","55.690","deg","20.000","°C","100.000","%a.s.","22.400","deg","20.000","°C","962.000","hPa","0.861","-0.02617","0.00035","0","0","13.56","Humid","35.35","0","78.50","296595.52","SABD0002000014","AAV2.0.0.13","3.0.1.1413","PSt7-10","180509-002","6/18/2019 6:15:17 AM","0000-00","0","no battery","V"
"07/13/2019","06:16:29","9","default","116269760","OXY_CH9","9.523","min","232.267","μmol/L","Humid","21.576","deg","114620","µV","20.076","°C","1013.000","hPa","36.5","pmil","0","55.690","deg","20.000","°C","100.000","%a.s.","22.400","deg","20.000","°C","962.000","hPa","0.861","-0.02617","0.00035","0","0","13.56","Humid","35.35","0","78.50","296590.66","SABD0002000014","AAV2.0.0.13","3.0.1.1413","PSt7-10","180509-002","6/18/2019 6:15:17 AM","0000-00","0","no battery","V"
"07/13/2019","06:16:30","9","default","116269760","OXY_CH9","9.539","min","232.164","μmol/L","Humid","21.577","deg","114614","µV","20.089","°C","1013.000","hPa","36.5","pmil","0","55.690","deg","20.000","°C","100.000","%a.s.","22.400","deg","20.000","°C","962.000","hPa","0.861","-0.02617","0.00035","0","0","13.56","Humid","35.35","0","78.50","296591.64","SABD0002000014","AAV2.0.0.13","3.0.1.1413","PSt7-10","180509-002","6/18/2019 6:15:17 AM","0000-00","0","no battery","V"
"07/13/2019","06:16:31","9","default","116269760","OXY_CH9","9.556","min","232.240","μmol/L","Humid","21.573","deg","114609","µV","20.089","°C","1012.000","hPa","36.5","pmil","0","55.690","deg","20.000","°C","100.000","%a.s.","22.400","deg","20.000","°C","962.000","hPa","0.861","-0.02617","0.00035","0","0","13.56","Humid","35.35","0","78.50","296597.06","SABD0002000014","AAV2.0.0.13","3.0.1.1413","PSt7-10","180509-002","6/18/2019 6:15:17 AM","0000-00","0","no battery","V"
"07/13/2019","06:16:32","9","default","116269760","OXY_CH9","9.572","min","232.306","μmol/L","Humid","21.570","deg","114587","µV","20.089","°C","1013.000","hPa","36.5","pmil","0","55.690","deg","20.000","°C","100.000","%a.s.","22.400","deg","20.000","°C","962.000","hPa","0.861","-0.02617","0.00035","0","0","13.56","Humid","35.35","0","78.50","296597.40","SABD0002000014","AAV2.0.0.13","3.0.1.1413","PSt7-10","180509-002","6/18/2019 6:15:17 AM","0000-00","0","no battery","V"
"07/13/2019","06:16:33","9","default","116269760","OXY_CH9","9.589","min","232.260","μmol/L","Humid","21.570","deg","114587","µV","20.095","°C","1012.000","hPa","36.5","pmil","0","55.690","deg","20.000","°C","100.000","%a.s.","22.400","deg","20.000","°C","962.000","hPa","0.861","-0.02617","0.00035","0","0","13.56","Humid","35.35","0","78.50","296586.23","SABD0002000014","AAV2.0.0.13","3.0.1.1413","PSt7-10","180509-002","6/18/2019 6:15:17 AM","0000-00","0","no battery","V"
"07/13/2019","06:16:34","9","default","116269760","OXY_CH9","9.605","min","232.347","μmol/L","Humid","21.570","deg","114579","µV","20.083","°C","1013.000","hPa","36.5","pmil","0","55.690","deg","20.000","°C","100.000","%a.s.","22.400","deg","20.000","°C","962.000","hPa","0.861","-0.02617","0.00035","0","0","13.56","Humid","35.35","0","78.50","296584.09","SABD0002000014","AAV2.0.0.13","3.0.1.1413","PSt7-10","180509-002","6/18/2019 6:15:17 AM","0000-00","0","no battery","V"
"07/13/2019","06:16:35","9","default","116269760","OXY_CH9","9.622","min","232.408","μmol/L","Humid","21.567","deg","114567","µV","20.083","°C","1013.000","hPa","36.5","pmil","0","55.690","deg","20.000","°C","100.000","%a.s.","22.400","deg","20.000","°C","962.000","hPa","0.861","-0.02617","0.00035","0","0","13.56","Humid","35.35","0","78.50","296588.47","SABD0002000014","AAV2.0.0.13","3.0.1.1413","PSt7-10","180509-002","6/18/2019 6:15:17 AM","0000-00","0","no battery","V"
"07/13/2019","06:16:36","9","default","116269760","OXY_CH9","9.639","min","232.387","μmol/L","Humid","21.566","deg","114562","µV","20.089","°C","1013.000","hPa","36.5","pmil","0","55.690","deg","20.000","°C","100.000","%a.s.","22.400","deg","20.000","°C","962.000","hPa","0.861","-0.02617","0.00035","0","0","13.56","Humid","35.35","0","78.50","296597.41","SABD0002000014","AAV2.0.0.13","3.0.1.1413","PSt7-10","180509-002","6/18/2019 6:15:17 AM","0000-00","0","no battery","V"
"07/13/2019","06:16:37","9","default","116269760","OXY_CH9","9.656","min","232.427","μmol/L","Humid","21.562","deg","114545","µV","20.095","°C","1013.000","hPa","36.5","pmil","0","55.690","deg","20.000","°C","100.000","%a.s.","22.400","deg","20.000","°C","962.000","hPa","0.861","-0.02617","0.00035","0","0","13.56","Humid","35.35","0","78.50","296579.35","SABD0002000014","AAV2.0.0.13","3.0.1.1413","PSt7-10","180509-002","6/18/2019 6:15:17 AM","0000-00","0","no battery","V"
"07/13/2019","06:16:38","9","default","116269760","OXY_CH9","9.672","min","232.448","μmol/L","Humid","21.563","deg","114541","µV","20.089","°C","1013.000","hPa","36.5","pmil","0","55.690","deg","20.000","°C","100.000","%a.s.","22.400","deg","20.000","°C","962.000","hPa","0.861","-0.02617","0.00035","0","0","13.56","Humid","35.35","0","78.50","296579.68","SABD0002000014","AAV2.0.0.13","3.0.1.1413","PSt7-10","180509-002","6/18/2019 6:15:17 AM","0000-00","0","no battery","V"
"07/13/2019","06:16:39","9","default","116269760","OXY_CH9","9.689","min","232.448","μmol/L","Humid","21.563","deg","114533","µV","20.089","°C","1013.000","hPa","36.5","pmil","0","55.690","deg","20.000","°C","100.000","%a.s.","22.400","deg","20.000","°C","962.000","hPa","0.861","-0.02617","0.00035","0","0","13.56","Humid","35.35","0","78.50","296586.14","SABD0002000014","AAV2.0.0.13","3.0.1.1413","PSt7-10","180509-002","6/18/2019 6:15:17 AM","0000-00","0","no battery","V"
"07/13/2019","06:16:40","9","default","116269760","OXY_CH9","9.705","min","232.427","μmol/L","Humid","21.562","deg","114525","µV","20.095","°C","1013.000","hPa","36.5","pmil","0","55.690","deg","20.000","°C","100.000","%a.s.","22.400","deg","20.000","°C","962.000","hPa","0.861","-0.02617","0.00035","0","0","13.56","Humid","35.35","0","78.50","296588.90","SABD0002000014","AAV2.0.0.13","3.0.1.1413","PSt7-10","180509-002","6/18/2019 6:15:17 AM","0000-00","0","no battery","V"
"07/13/2019","06:16:41","9","default","116269760","OXY_CH9","9.722","min","232.508","μmol/L","Humid","21.558","deg","114509","µV","20.095","°C","1013.000","hPa","36.5","pmil","0","55.690","deg","20.000","°C","100.000","%a.s.","22.400","deg","20.000","°C","962.000","hPa","0.861","-0.02617","0.00035","0","0","13.56","Humid","35.35","0","78.50","296576.41","SABD0002000014","AAV2.0.0.13","3.0.1.1413","PSt7-10","180509-002","6/18/2019 6:15:17 AM","0000-00","0","no battery","V"
"07/13/2019","06:16:42","9","default","116269760","OXY_CH9","9.739","min","232.549","μmol/L","Humid","21.558","deg","114500","µV","20.089","°C","1013.000","hPa","36.5","pmil","0","55.690","deg","20.000","°C","100.000","%a.s.","22.400","deg","20.000","°C","962.000","hPa","0.861","-0.02617","0.00035","0","0","13.56","Humid","35.35","0","78.50","296577.82","SABD0002000014","AAV2.0.0.13","3.0.1.1413","PSt7-10","180509-002","6/18/2019 6:15:17 AM","0000-00","0","no battery","V"
"07/13/2019","06:16:43","9","default","116269760","OXY_CH9","9.756","min","232.590","μmol/L","Humid","21.556","deg","114495","µV","20.089","°C","1013.000","hPa","36.5","pmil","0","55.690","deg","20.000","°C","100.000","%a.s.","22.400","deg","20.000","°C","962.000","hPa","0.861","-0.02617","0.00035","0","0","13.56","Humid","35.35","0","78.50","296577.33","SABD0002000014","AAV2.0.0.13","3.0.1.1413","PSt7-10","180509-002","6/18/2019 6:15:17 AM","0000-00","0","no battery","V"
"07/13/2019","06:16:44","9","default","116269760","OXY_CH9","9.772","min","232.611","μmol/L","Humid","21.557","deg","114490","µV","20.083","°C","1013.000","hPa","36.5","pmil","0","55.690","deg","20.000","°C","100.000","%a.s.","22.400","deg","20.000","°C","962.000","hPa","0.861","-0.02617","0.00035","0","0","13.56","Humid","35.35","0","78.50","296573.10","SABD0002000014","AAV2.0.0.13","3.0.1.1413","PSt7-10","180509-002","6/18/2019 6:15:17 AM","0000-00","0","no battery","V"
"07/13/2019","06:16:45","9","default","116269760","OXY_CH9","9.789","min","232.564","μmol/L","Humid","21.557","deg","114470","µV","20.089","°C","1012.000","hPa","36.5","pmil","0","55.690","deg","20.000","°C","100.000","%a.s.","22.400","deg","20.000","°C","962.000","hPa","0.861","-0.02617","0.00035","0","0","13.56","Humid","35.35","0","78.50","296565.58","SABD0002000014","AAV2.0.0.13","3.0.1.1413","PSt7-10","180509-002","6/18/2019 6:15:17 AM","0000-00","0","no battery","V"
"07/13/2019","06:16:46","9","default","116269760","OXY_CH9","9.806","min","232.672","μmol/L","Humid","21.554","deg","114470","µV","20.083","°C","1013.000","hPa","36.5","pmil","0","55.690","deg","20.000","°C","100.000","%a.s.","22.400","deg","20.000","°C","962.000","hPa","0.861","-0.02617","0.00035","0","0","13.56","Humid","35.35","0","78.50","296588.87","SABD0002000014","AAV2.0.0.13","3.0.1.1413","PSt7-10","180509-002","6/18/2019 6:15:17 AM","0000-00","0","no battery","V"
"07/13/2019","06:16:47","9","default","116269760","OXY_CH9","9.822","min","232.671","μmol/L","Humid","21.552","deg","114449","µV","20.089","°C","1013.000","hPa","36.5","pmil","0","55.690","deg","20.000","°C","100.000","%a.s.","22.400","deg","20.000","°C","962.000","hPa","0.861","-0.02617","0.00035","0","0","13.56","Humid","35.35","0","78.50","296570.81","SABD0002000014","AAV2.0.0.13","3.0.1.1413","PSt7-10","180509-002","6/18/2019 6:15:17 AM","0000-00","0","no battery","V"
"07/13/2019","06:16:48","9","default","116269760","OXY_CH9","9.839","min","232.706","μmol/L","Humid","21.550","deg","114447","µV","20.089","°C","1012.000","hPa","36.5","pmil","0","55.690","deg","20.000","°C","100.000","%a.s.","22.400","deg","20.000","°C","962.000","hPa","0.861","-0.02617","0.00035","0","0","13.56","Humid","35.35","0","78.50","296592.00","SABD0002000014","AAV2.0.0.13","3.0.1.1413","PSt7-10","180509-002","6/18/2019 6:15:17 AM","0000-00","0","no battery","V"
"07/13/2019","06:16:49","9","default","116269760","OXY_CH9","9.856","min","232.773","μmol/L","Humid","21.549","deg","114445","µV","20.083","°C","1013.000","hPa","36.5","pmil","0","55.690","deg","20.000","°C","100.000","%a.s.","22.400","deg","20.000","°C","962.000","hPa","0.861","-0.02617","0.00035","0","0","13.56","Humid","35.35","0","78.50","296592.71","SABD0002000014","AAV2.0.0.13","3.0.1.1413","PSt7-10","180509-002","6/18/2019 6:15:17 AM","0000-00","0","no battery","V"
"07/13/2019","06:16:50","9","default","116269760","OXY_CH9","9.873","min","232.773","μmol/L","Humid","21.549","deg","114418","µV","20.083","°C","1013.000","hPa","36.5","pmil","0","55.690","deg","20.000","°C","100.000","%a.s.","22.400","deg","20.000","°C","962.000","hPa","0.861","-0.02617","0.00035","0","0","13.56","Humid","35.35","0","78.50","296579.26","SABD0002000014","AAV2.0.0.13","3.0.1.1413","PSt7-10","180509-002","6/18/2019 6:15:17 AM","0000-00","0","no battery","V"
"07/13/2019","06:16:51","9","default","116269760","OXY_CH9","9.889","min","232.793","μmol/L","Humid","21.546","deg","114417","µV","20.089","°C","1013.000","hPa","36.5","pmil","0","55.690","deg","20.000","°C","100.000","%a.s.","22.400","deg","20.000","°C","962.000","hPa","0.861","-0.02617","0.00035","0","0","13.56","Humid","35.35","0","78.50","296576.39","SABD0002000014","AAV2.0.0.13","3.0.1.1413","PSt7-10","180509-002","6/18/2019 6:15:17 AM","0000-00","0","no battery","V"
"07/13/2019","06:16:52","9","default","116269760","OXY_CH9","9.906","min","232.808","μmol/L","Humid","21.545","deg","114408","µV","20.089","°C","1012.000","hPa","36.5","pmil","0","55.690","deg","20.000","°C","100.000","%a.s.","22.400","deg","20.000","°C","962.000","hPa","0.861","-0.02617","0.00035","0","0","13.56","Humid","35.35","0","78.50","296580.22","SABD0002000014","AAV2.0.0.13","3.0.1.1413","PSt7-10","180509-002","6/18/2019 6:15:17 AM","0000-00","0","no battery","V"
"07/13/2019","06:16:53","9","default","116269760","OXY_CH9","9.922","min","232.874","μmol/L","Humid","21.542","deg","114398","µV","20.089","°C","1013.000","hPa","36.5","pmil","0","55.690","deg","20.000","°C","100.000","%a.s.","22.400","deg","20.000","°C","962.000","hPa","0.861","-0.02617","0.00035","0","0","13.56","Humid","35.35","0","78.50","296567.21","SABD0002000014","AAV2.0.0.13","3.0.1.1413","PSt7-10","180509-002","6/18/2019 6:15:17 AM","0000-00","0","no battery","V"
"07/13/2019","06:16:54","9","default","116269760","OXY_CH9","9.939","min","232.915","μmol/L","Humid","21.542","deg","114395","µV","20.083","°C","1013.000","hPa","36.5","pmil","0","55.690","deg","20.000","°C","100.000","%a.s.","22.400","deg","20.000","°C","962.000","hPa","0.861","-0.02617","0.00035","0","0","13.56","Humid","35.35","0","78.50","296576.39","SABD0002000014","AAV2.0.0.13","3.0.1.1413","PSt7-10","180509-002","6/18/2019 6:15:17 AM","0000-00","0","no battery","V"
"07/13/2019","06:16:55","9","default","116269760","OXY_CH9","9.955","min","232.997","μmol/L","Humid","21.540","deg","114377","µV","20.076","°C","1013.000","hPa","36.5","pmil","0","55.690","deg","20.000","°C","100.000","%a.s.","22.400","deg","20.000","°C","962.000","hPa","0.861","-0.02617","0.00035","0","0","13.56","Humid","35.35","0","78.50","296565.50","SABD0002000014","AAV2.0.0.13","3.0.1.1413","PSt7-10","180509-002","6/18/2019 6:15:17 AM","0000-00","0","no battery","V"
"07/13/2019","06:16:56","9","default","116269760","OXY_CH9","9.972","min","232.976","μmol/L","Humid","21.539","deg","114377","µV","20.083","°C","1013.000","hPa","36.5","pmil","0","55.690","deg","20.000","°C","100.000","%a.s.","22.400","deg","20.000","°C","962.000","hPa","0.861","-0.02617","0.00035","0","0","13.56","Humid","35.35","0","78.50","296579.29","SABD0002000014","AAV2.0.0.13","3.0.1.1413","PSt7-10","180509-002","6/18/2019 6:15:17 AM","0000-00","0","no battery","V"
"07/13/2019","06:16:57","9","default","116269760","OXY_CH9","9.989","min","232.914","μmol/L","Humid","21.538","deg","114363","µV","20.095","°C","1013.000","hPa","36.5","pmil","0","55.690","deg","20.000","°C","100.000","%a.s.","22.400","deg","20.000","°C","962.000","hPa","0.861","-0.02617","0.00035","0","0","13.56","Humid","35.35","0","78.50","296577.73","SABD0002000014","AAV2.0.0.13","3.0.1.1413","PSt7-10","180509-002","6/18/2019 6:15:17 AM","0000-00","0","no battery","V"
"07/13/2019","06:16:58","9","default","116269760","OXY_CH9","10.006","min","233.037","μmol/L","Humid","21.536","deg","114358","µV","20.083","°C","1013.000","hPa","36.5","pmil","0","55.690","deg","20.000","°C","100.000","%a.s.","22.400","deg","20.000","°C","962.000","hPa","0.861","-0.02617","0.00035","0","0","13.56","Humid","35.35","0","78.50","296572.64","SABD0002000014","AAV2.0.0.13","3.0.1.1413","PSt7-10","180509-002","6/18/2019 6:15:17 AM","0000-00","0","no battery","V"
"07/13/2019","06:16:59","9","default","116269760","OXY_CH9","10.022","min","233.051","μmol/L","Humid","21.533","deg","114347","µV","20.089","°C","1012.000","hPa","36.5","pmil","0","55.690","deg","20.000","°C","100.000","%a.s.","22.400","deg","20.000","°C","962.000","hPa","0.861","-0.02617","0.00035","0","0","13.56","Humid","35.35","0","78.50","296576.86","SABD0002000014","AAV2.0.0.13","3.0.1.1413","PSt7-10","180509-002","6/18/2019 6:15:17 AM","0000-00","0","no battery","V"
"07/13/2019","06:17:00","9","default","116269760","OXY_CH9","10.038","min","233.118","μmol/L","Humid","21.530","deg","114337","µV","20.089","°C","1013.000","hPa","36.5","pmil","0","55.690","deg","20.000","°C","100.000","%a.s.","22.400","deg","20.000","°C","962.000","hPa","0.861","-0.02617","0.00035","0","0","13.56","Humid","35.35","0","78.50","296575.80","SABD0002000014","AAV2.0.0.13","3.0.1.1413","PSt7-10","180509-002","6/18/2019 6:15:17 AM","0000-00","0","no battery","V"
"07/13/2019","06:17:01","9","default","116269760","OXY_CH9","10.056","min","233.072","μmol/L","Humid","21.532","deg","114333","µV","20.089","°C","1012.000","hPa","36.5","pmil","0","55.690","deg","20.000","°C","100.000","%a.s.","22.400","deg","20.000","°C","962.000","hPa","0.861","-0.02617","0.00035","0","0","13.56","Humid","35.35","0","78.50","296579.82","SABD0002000014","AAV2.0.0.13","3.0.1.1413","PSt7-10","180509-002","6/18/2019 6:15:17 AM","0000-00","0","no battery","V"
"07/13/2019","06:17:02","9","default","116269760","OXY_CH9","10.072","min","232.990","μmol/L","Humid","21.536","deg","114315","µV","20.089","°C","1012.000","hPa","36.5","pmil","0","55.690","deg","20.000","°C","100.000","%a.s.","22.400","deg","20.000","°C","962.000","hPa","0.861","-0.02617","0.00035","0","0","13.56","Humid","35.35","0","78.50","296567.13","SABD0002000014","AAV2.0.0.13","3.0.1.1413","PSt7-10","180509-002","6/18/2019 6:15:17 AM","0000-00","0","no battery","V"
"07/13/2019","06:17:03","9","default","116269760","OXY_CH9","10.089","min","233.097","μmol/L","Humid","21.529","deg","114298","µV","20.095","°C","1013.000","hPa","36.5","pmil","0","55.690","deg","20.000","°C","100.000","%a.s.","22.400","deg","20.000","°C","962.000","hPa","0.861","-0.02617","0.00035","0","0","13.56","Humid","35.35","0","78.50","296560.51","SABD0002000014","AAV2.0.0.13","3.0.1.1413","PSt7-10","180509-002","6/18/2019 6:15:17 AM","0000-00","0","no battery","V"
"07/13/2019","06:17:04","9","default","116269760","OXY_CH9","10.105","min","233.178","μmol/L","Humid","21.525","deg","114291","µV","20.095","°C","1013.000","hPa","36.5","pmil","0","55.690","deg","20.000","°C","100.000","%a.s.","22.400","deg","20.000","°C","962.000","hPa","0.861","-0.02617","0.00035","0","0","13.56","Humid","35.35","0","78.50","296558.45","SABD0002000014","AAV2.0.0.13","3.0.1.1413","PSt7-10","180509-002","6/18/2019 6:15:17 AM","0000-00","0","no battery","V"
"07/13/2019","06:17:05","9","default","116269760","OXY_CH9","10.123","min","233.199","μmol/L","Humid","21.524","deg","114286","µV","20.095","°C","1013.000","hPa","36.5","pmil","0","55.690","deg","20.000","°C","100.000","%a.s.","22.400","deg","20.000","°C","962.000","hPa","0.861","-0.02617","0.00035","0","0","13.56","Humid","35.35","0","78.50","296557.04","SABD0002000014","AAV2.0.0.13","3.0.1.1413","PSt7-10","180509-002","6/18/2019 6:15:17 AM","0000-00","0","no battery","V"
"07/13/2019","06:17:06","9","default","116269760","OXY_CH9","10.139","min","233.240","μmol/L","Humid","21.524","deg","114269","µV","20.089","°C","1013.000","hPa","36.5","pmil","0","55.690","deg","20.000","°C","100.000","%a.s.","22.400","deg","20.000","°C","962.000","hPa","0.861","-0.02617","0.00035","0","0","13.56","Humid","35.35","0","78.50","296561.23","SABD0002000014","AAV2.0.0.13","3.0.1.1413","PSt7-10","180509-002","6/18/2019 6:15:17 AM","0000-00","0","no battery","V"
"07/13/2019","06:17:07","9","default","116269760","OXY_CH9","10.156","min","233.281","μmol/L","Humid","21.524","deg","114269","µV","20.083","°C","1013.000","hPa","36.5","pmil","0","55.690","deg","20.000","°C","100.000","%a.s.","22.400","deg","20.000","°C","962.000","hPa","0.861","-0.02617","0.00035","0","0","13.56","Humid","35.35","0","78.50","296572.24","SABD0002000014","AAV2.0.0.13","3.0.1.1413","PSt7-10","180509-002","6/18/2019 6:15:17 AM","0000-00","0","no battery","V"
"07/13/2019","06:17:08","9","default","116269760","OXY_CH9","10.172","min","233.342","μmol/L","Humid","21.519","deg","114256","µV","20.089","°C","1013.000","hPa","36.5","pmil","0","55.690","deg","20.000","°C","100.000","%a.s.","22.400","deg","20.000","°C","962.000","hPa","0.861","-0.02617","0.00035","0","0","13.56","Humid","35.35","0","78.50","296564.38","SABD0002000014","AAV2.0.0.13","3.0.1.1413","PSt7-10","180509-002","6/18/2019 6:15:17 AM","0000-00","0","no battery","V"
"07/13/2019","06:17:09","9","default","116269760","OXY_CH9","10.189","min","233.275","μmol/L","Humid","21.520","deg","114247","µV","20.095","°C","1012.000","hPa","36.5","pmil","0","55.690","deg","20.000","°C","100.000","%a.s.","22.400","deg","20.000","°C","962.000","hPa","0.861","-0.02617","0.00035","0","0","13.56","Humid","35.35","0","78.50","296550.71","SABD0002000014","AAV2.0.0.13","3.0.1.1413","PSt7-10","180509-002","6/18/2019 6:15:17 AM","0000-00","0","no battery","V"
"07/13/2019","06:17:10","9","default","116269760","OXY_CH9","10.206","min","233.362","μmol/L","Humid","21.516","deg","114240","µV","20.095","°C","1013.000","hPa","36.5","pmil","0","55.690","deg","20.000","°C","100.000","%a.s.","22.400","deg","20.000","°C","962.000","hPa","0.861","-0.02617","0.00035","0","0","13.56","Humid","35.35","0","78.50","296565.61","SABD0002000014","AAV2.0.0.13","3.0.1.1413","PSt7-10","180509-002","6/18/2019 6:15:17 AM","0000-00","0","no battery","V"
"07/13/2019","06:17:11","9","default","116269760","OXY_CH9","10.222","min","233.341","μmol/L","Humid","21.517","deg","114211","µV","20.095","°C","1013.000","hPa","36.5","pmil","0","55.690","deg","20.000","°C","100.000","%a.s.","22.400","deg","20.000","°C","962.000","hPa","0.861","-0.02617","0.00035","0","0","13.56","Humid","35.35","0","78.50","296558.03","SABD0002000014","AAV2.0.0.13","3.0.1.1413","PSt7-10","180509-002","6/18/2019 6:15:17 AM","0000-00","0","no battery","V"
"07/13/2019","06:17:12","9","default","116269760","OXY_CH9","10.239","min","233.341","μmol/L","Humid","21.517","deg","114216","µV","20.095","°C","1013.000","hPa","36.5","pmil","0","55.690","deg","20.000","°C","100.000","%a.s.","22.400","deg","20.000","°C","962.000","hPa","0.861","-0.02617","0.00035","0","0","13.56","Humid","35.35","0","78.50","296557.99","SABD0002000014","AAV2.0.0.13","3.0.1.1413","PSt7-10","180509-002","6/18/2019 6:15:17 AM","0000-00","0","no battery","V"
"07/13/2019","06:17:13","9","default","116269760","OXY_CH9","10.256","min","233.403","μmol/L","Humid","21.516","deg","114204","µV","20.089","°C","1013.000","hPa","36.5","pmil","0","55.690","deg","20.000","°C","100.000","%a.s.","22.400","deg","20.000","°C","962.000","hPa","0.861","-0.02617","0.00035","0","0","13.56","Humid","35.35","0","78.50","296547.07","SABD0002000014","AAV2.0.0.13","3.0.1.1413","PSt7-10","180509-002","6/18/2019 6:15:17 AM","0000-00","0","no battery","V"
"07/13/2019","06:17:14","9","default","116269760","OXY_CH9","10.272","min","233.382","μmol/L","Humid","21.515","deg","114194","µV","20.095","°C","1013.000","hPa","36.5","pmil","0","55.690","deg","20.000","°C","100.000","%a.s.","22.400","deg","20.000","°C","962.000","hPa","0.861","-0.02617","0.00035","0","0","13.56","Humid","35.35","0","78.50","296556.43","SABD0002000014","AAV2.0.0.13","3.0.1.1413","PSt7-10","180509-002","6/18/2019 6:15:17 AM","0000-00","0","no battery","V"
"07/13/2019","06:17:15","9","default","116269760","OXY_CH9","10.289","min","233.443","μmol/L","Humid","21.512","deg","114184","µV","20.095","°C","1013.000","hPa","36.5","pmil","0","55.690","deg","20.000","°C","100.000","%a.s.","22.400","deg","20.000","°C","962.000","hPa","0.861","-0.02617","0.00035","0","0","13.56","Humid","35.35","0","78.50","296547.46","SABD0002000014","AAV2.0.0.13","3.0.1.1413","PSt7-10","180509-002","6/18/2019 6:15:17 AM","0000-00","0","no battery","V"
"07/13/2019","06:17:16","9","default","116269760","OXY_CH9","10.305","min","233.504","μmol/L","Humid","21.509","deg","114179","µV","20.095","°C","1013.000","hPa","36.5","pmil","0","55.690","deg","20.000","°C","100.000","%a.s.","22.400","deg","20.000","°C","962.000","hPa","0.861","-0.02617","0.00035","0","0","13.56","Humid","35.35","0","78.50","296552.91","SABD0002000014","AAV2.0.0.13","3.0.1.1413","PSt7-10","180509-002","6/18/2019 6:15:17 AM","0000-00","0","no battery","V"
"07/13/2019","06:17:17","9","default","116269760","OXY_CH9","10.322","min","233.546","μmol/L","Humid","21.509","deg","114160","µV","20.089","°C","1013.000","hPa","36.5","pmil","0","55.690","deg","20.000","°C","100.000","%a.s.","22.400","deg","20.000","°C","962.000","hPa","0.861","-0.02617","0.00035","0","0","13.56","Humid","35.35","0","78.50","296548.25","SABD0002000014","AAV2.0.0.13","3.0.1.1413","PSt7-10","180509-002","6/18/2019 6:15:17 AM","0000-00","0","no battery","V"
"07/13/2019","06:17:18","9","default","116269760","OXY_CH9","10.339","min","233.607","μmol/L","Humid","21.506","deg","114152","µV","20.089","°C","1013.000","hPa","36.5","pmil","0","55.690","deg","20.000","°C","100.000","%a.s.","22.400","deg","20.000","°C","962.000","hPa","0.861","-0.02617","0.00035","0","0","13.56","Humid","35.35","0","78.50","296547.14","SABD0002000014","AAV2.0.0.13","3.0.1.1413","PSt7-10","180509-002","6/18/2019 6:15:17 AM","0000-00","0","no battery","V"
"07/13/2019","06:17:19","9","default","116269760","OXY_CH9","10.356","min","233.648","μmol/L","Humid","21.504","deg","114140","µV","20.089","°C","1013.000","hPa","36.5","pmil","0","55.690","deg","20.000","°C","100.000","%a.s.","22.400","deg","20.000","°C","962.000","hPa","0.861","-0.02617","0.00035","0","0","13.56","Humid","35.35","0","78.50","296561.64","SABD0002000014","AAV2.0.0.13","3.0.1.1413","PSt7-10","180509-002","6/18/2019 6:15:17 AM","0000-00","0","no battery","V"
"07/13/2019","06:17:20","9","default","116269760","OXY_CH9","10.372","min","233.688","μmol/L","Humid","21.502","deg","114127","µV","20.089","°C","1013.000","hPa","36.5","pmil","0","55.690","deg","20.000","°C","100.000","%a.s.","22.400","deg","20.000","°C","962.000","hPa","0.861","-0.02617","0.00035","0","0","13.56","Humid","35.35","0","78.50","296550.64","SABD0002000014","AAV2.0.0.13","3.0.1.1413","PSt7-10","180509-002","6/18/2019 6:15:17 AM","0000-00","0","no battery","V"
"07/13/2019","06:17:21","9","default","116269760","OXY_CH9","10.389","min","233.729","μmol/L","Humid","21.500","deg","114125","µV","20.089","°C","1013.000","hPa","36.5","pmil","0","55.690","deg","20.000","°C","100.000","%a.s.","22.400","deg","20.000","°C","962.000","hPa","0.861","-0.02617","0.00035","0","0","13.56","Humid","35.35","0","78.50","296538.03","SABD0002000014","AAV2.0.0.13","3.0.1.1413","PSt7-10","180509-002","6/18/2019 6:15:17 AM","0000-00","0","no battery","V"
"07/13/2019","06:17:22","9","default","116269760","OXY_CH9","10.405","min","233.667","μmol/L","Humid","21.501","deg","114112","µV","20.095","°C","1013.000","hPa","36.5","pmil","0","55.690","deg","20.000","°C","100.000","%a.s.","22.400","deg","20.000","°C","962.000","hPa","0.861","-0.02617","0.00035","0","0","13.56","Humid","35.35","0","78.50","296554.92","SABD0002000014","AAV2.0.0.13","3.0.1.1413","PSt7-10","180509-002","6/18/2019 6:15:17 AM","0000-00","0","no battery","V"
"07/13/2019","06:17:23","9","default","116269760","OXY_CH9","10.422","min","233.852","μmol/L","Humid","21.496","deg","114114","µV","20.083","°C","1013.000","hPa","36.5","pmil","0","55.690","deg","20.000","°C","100.000","%a.s.","22.400","deg","20.000","°C","962.000","hPa","0.861","-0.02617","0.00035","0","0","13.56","Humid","35.35","0","78.50","296552.96","SABD0002000014","AAV2.0.0.13","3.0.1.1413","PSt7-10","180509-002","6/18/2019 6:15:17 AM","0000-00","0","no battery","V"
"07/13/2019","06:17:24","9","default","116269760","OXY_CH9","10.439","min","233.790","μmol/L","Humid","21.497","deg","114090","µV","20.089","°C","1013.000","hPa","36.5","pmil","0","55.690","deg","20.000","°C","100.000","%a.s.","22.400","deg","20.000","°C","962.000","hPa","0.861","-0.02617","0.00035","0","0","13.56","Humid","35.35","0","78.50","296543.54","SABD0002000014","AAV2.0.0.13","3.0.1.1413","PSt7-10","180509-002","6/18/2019 6:15:17 AM","0000-00","0","no battery","V"
"07/13/2019","06:17:25","9","default","116269760","OXY_CH9","10.455","min","233.872","μmol/L","Humid","21.493","deg","114089","µV","20.089","°C","1013.000","hPa","36.5","pmil","0","55.690","deg","20.000","°C","100.000","%a.s.","22.400","deg","20.000","°C","962.000","hPa","0.861","-0.02617","0.00035","0","0","13.56","Humid","35.35","0","78.50","296547.23","SABD0002000014","AAV2.0.0.13","3.0.1.1413","PSt7-10","180509-002","6/18/2019 6:15:17 AM","0000-00","0","no battery","V"
"07/13/2019","06:17:26","9","default","116269760","OXY_CH9","10.473","min","233.867","μmol/L","Humid","21.493","deg","114078","µV","20.089","°C","1012.000","hPa","36.5","pmil","0","55.690","deg","20.000","°C","100.000","%a.s.","22.400","deg","20.000","°C","962.000","hPa","0.861","-0.02617","0.00035","0","0","13.56","Humid","35.35","0","78.50","296551.90","SABD0002000014","AAV2.0.0.13","3.0.1.1413","PSt7-10","180509-002","6/18/2019 6:15:17 AM","0000-00","0","no battery","V"
"07/13/2019","06:17:27","9","default","116269760","OXY_CH9","10.489","min","233.831","μmol/L","Humid","21.493","deg","114075","µV","20.095","°C","1013.000","hPa","36.5","pmil","0","55.690","deg","20.000","°C","100.000","%a.s.","22.400","deg","20.000","°C","962.000","hPa","0.861","-0.02617","0.00035","0","0","13.56","Humid","35.35","0","78.50","296554.83","SABD0002000014","AAV2.0.0.13","3.0.1.1413","PSt7-10","180509-002","6/18/2019 6:15:17 AM","0000-00","0","no battery","V"
"07/13/2019","06:17:28","9","default","116269760","OXY_CH9","10.506","min","233.872","μmol/L","Humid","21.493","deg","114049","µV","20.089","°C","1013.000","hPa","36.5","pmil","0","55.690","deg","20.000","°C","100.000","%a.s.","22.400","deg","20.000","°C","962.000","hPa","0.861","-0.02617","0.00035","0","0","13.56","Humid","35.35","0","78.50","296538.12","SABD0002000014","AAV2.0.0.13","3.0.1.1413","PSt7-10","180509-002","6/18/2019 6:15:17 AM","0000-00","0","no battery","V"
"07/13/2019","06:17:29","9","default","116269760","OXY_CH9","10.522","min","233.913","μmol/L","Humid","21.491","deg","114041","µV","20.089","°C","1013.000","hPa","36.5","pmil","0","55.690","deg","20.000","°C","100.000","%a.s.","22.400","deg","20.000","°C","962.000","hPa","0.861","-0.02617","0.00035","0","0","13.56","Humid","35.35","0","78.50","296528.53","SABD0002000014","AAV2.0.0.13","3.0.1.1413","PSt7-10","180509-002","6/18/2019 6:15:17 AM","0000-00","0","no battery","V"
"07/13/2019","06:17:30","9","default","116269760","OXY_CH9","10.539","min","233.933","μmol/L","Humid","21.488","deg","114036","µV","20.095","°C","1013.000","hPa","36.5","pmil","0","55.690","deg","20.000","°C","100.000","%a.s.","22.400","deg","20.000","°C","962.000","hPa","0.861","-0.02617","0.00035","0","0","13.56","Humid","35.35","0","78.50","296532.16","SABD0002000014","AAV2.0.0.13","3.0.1.1413","PSt7-10","180509-002","6/18/2019 6:15:17 AM","0000-00","0","no battery","V"
"07/13/2019","06:17:31","9","default","116269760","OXY_CH9","10.555","min","233.953","μmol/L","Humid","21.487","deg","114031","µV","20.095","°C","1013.000","hPa","36.5","pmil","0","55.690","deg","20.000","°C","100.000","%a.s.","22.400","deg","20.000","°C","962.000","hPa","0.861","-0.02617","0.00035","0","0","13.56","Humid","35.35","0","78.50","296543.50","SABD0002000014","AAV2.0.0.13","3.0.1.1413","PSt7-10","180509-002","6/18/2019 6:15:17 AM","0000-00","0","no battery","V"
"07/13/2019","06:17:32","9","default","116269760","OXY_CH9","10.572","min","234.015","μmol/L","Humid","21.486","deg","114022","µV","20.089","°C","1013.000","hPa","36.5","pmil","0","55.690","deg","20.000","°C","100.000","%a.s.","22.400","deg","20.000","°C","962.000","hPa","0.861","-0.02617","0.00035","0","0","13.56","Humid","35.35","0","78.50","296533.80","SABD0002000014","AAV2.0.0.13","3.0.1.1413","PSt7-10","180509-002","6/18/2019 6:15:17 AM","0000-00","0","no battery","V"
"07/13/2019","06:17:33","9","default","116269760","OXY_CH9","10.589","min","234.015","μmol/L","Humid","21.486","deg","114005","µV","20.089","°C","1013.000","hPa","36.5","pmil","0","55.690","deg","20.000","°C","100.000","%a.s.","22.400","deg","20.000","°C","962.000","hPa","0.861","-0.02617","0.00035","0","0","13.56","Humid","35.35","0","78.50","296537.44","SABD0002000014","AAV2.0.0.13","3.0.1.1413","PSt7-10","180509-002","6/18/2019 6:15:17 AM","0000-00","0","no battery","V"
"07/13/2019","06:17:34","9","default","116269760","OXY_CH9","10.605","min","234.014","μmol/L","Humid","21.482","deg","113991","µV","20.101","°C","1013.000","hPa","36.5","pmil","0","55.690","deg","20.000","°C","100.000","%a.s.","22.400","deg","20.000","°C","962.000","hPa","0.861","-0.02617","0.00035","0","0","13.56","Humid","35.35","0","78.50","296537.10","SABD0002000014","AAV2.0.0.13","3.0.1.1413","PSt7-10","180509-002","6/18/2019 6:15:17 AM","0000-00","0","no battery","V"
"07/13/2019","06:17:35","9","default","116269760","OXY_CH9","10.623","min","234.097","μmol/L","Humid","21.482","deg","113982","µV","20.089","°C","1013.000","hPa","36.5","pmil","0","55.690","deg","20.000","°C","100.000","%a.s.","22.400","deg","20.000","°C","962.000","hPa","0.861","-0.02617","0.00035","0","0","13.56","Humid","35.35","0","78.50","296545.35","SABD0002000014","AAV2.0.0.13","3.0.1.1413","PSt7-10","180509-002","6/18/2019 6:15:17 AM","0000-00","0","no battery","V"
"07/13/2019","06:17:36","9","default","116269760","OXY_CH9","10.639","min","234.096","μmol/L","Humid","21.480","deg","113971","µV","20.095","°C","1013.000","hPa","36.5","pmil","0","55.690","deg","20.000","°C","100.000","%a.s.","22.400","deg","20.000","°C","962.000","hPa","0.861","-0.02617","0.00035","0","0","13.56","Humid","35.35","0","78.50","296533.65","SABD0002000014","AAV2.0.0.13","3.0.1.1413","PSt7-10","180509-002","6/18/2019 6:15:17 AM","0000-00","0","no battery","V"
"07/13/2019","06:17:37","9","default","116269760","OXY_CH9","10.656","min","234.076","μmol/L","Humid","21.481","deg","113969","µV","20.095","°C","1013.000","hPa","36.5","pmil","0","55.690","deg","20.000","°C","100.000","%a.s.","22.400","deg","20.000","°C","962.000","hPa","0.861","-0.02617","0.00035","0","0","13.56","Humid","35.35","0","78.50","296545.72","SABD0002000014","AAV2.0.0.13","3.0.1.1413","PSt7-10","180509-002","6/18/2019 6:15:17 AM","0000-00","0","no battery","V"
"07/13/2019","06:17:38","9","default","116269760","OXY_CH9","10.672","min","234.152","μmol/L","Humid","21.477","deg","113952","µV","20.095","°C","1012.000","hPa","36.5","pmil","0","55.690","deg","20.000","°C","100.000","%a.s.","22.400","deg","20.000","°C","962.000","hPa","0.861","-0.02617","0.00035","0","0","13.56","Humid","35.35","0","78.50","296545.43","SABD0002000014","AAV2.0.0.13","3.0.1.1413","PSt7-10","180509-002","6/18/2019 6:15:17 AM","0000-00","0","no battery","V"
"07/13/2019","06:17:39","9","default","116269760","OXY_CH9","10.689","min","234.214","μmol/L","Humid","21.474","deg","113951","µV","20.095","°C","1012.000","hPa","36.5","pmil","0","55.690","deg","20.000","°C","100.000","%a.s.","22.400","deg","20.000","°C","962.000","hPa","0.861","-0.02617","0.00035","0","0","13.56","Humid","35.35","0","78.50","296542.46","SABD0002000014","AAV2.0.0.13","3.0.1.1413","PSt7-10","180509-002","6/18/2019 6:15:17 AM","0000-00","0","no battery","V"
"07/13/2019","06:17:40","9","default","116269760","OXY_CH9","10.706","min","234.219","μmol/L","Humid","21.474","deg","113941","µV","20.095","°C","1013.000","hPa","36.5","pmil","0","55.690","deg","20.000","°C","100.000","%a.s.","22.400","deg","20.000","°C","962.000","hPa","0.861","-0.02617","0.00035","0","0","13.56","Humid","35.35","0","78.50","296554.97","SABD0002000014","AAV2.0.0.13","3.0.1.1413","PSt7-10","180509-002","6/18/2019 6:15:17 AM","0000-00","0","no battery","V"
"07/13/2019","06:17:41","9","default","116269760","OXY_CH9","10.723","min","234.219","μmol/L","Humid","21.472","deg","113927","µV","20.101","°C","1013.000","hPa","36.5","pmil","0","55.690","deg","20.000","°C","100.000","%a.s.","22.400","deg","20.000","°C","962.000","hPa","0.861","-0.02617","0.00035","0","0","13.56","Humid","35.35","0","78.50","296543.76","SABD0002000014","AAV2.0.0.13","3.0.1.1413","PSt7-10","180509-002","6/18/2019 6:15:17 AM","0000-00","0","no battery","V"
"07/13/2019","06:17:42","9","default","116269760","OXY_CH9","10.739","min","234.281","μmol/L","Humid","21.471","deg","113910","µV","20.095","°C","1013.000","hPa","36.5","pmil","0","55.690","deg","20.000","°C","100.000","%a.s.","22.400","deg","20.000","°C","962.000","hPa","0.861","-0.02617","0.00035","0","0","13.56","Humid","35.35","0","78.50","296528.53","SABD0002000014","AAV2.0.0.13","3.0.1.1413","PSt7-10","180509-002","6/18/2019 6:15:17 AM","0000-00","0","no battery","V"
"07/13/2019","06:17:43","9","default","116269760","OXY_CH9","10.756","min","234.424","μmol/L","Humid","21.466","deg","113905","µV","20.089","°C","1013.000","hPa","36.5","pmil","0","55.690","deg","20.000","°C","100.000","%a.s.","22.400","deg","20.000","°C","962.000","hPa","0.861","-0.02617","0.00035","0","0","13.56","Humid","35.35","0","78.50","296544.49","SABD0002000014","AAV2.0.0.13","3.0.1.1413","PSt7-10","180509-002","6/18/2019 6:15:17 AM","0000-00","0","no battery","V"
"07/13/2019","06:17:44","9","default","116269760","OXY_CH9","10.772","min","234.300","μmol/L","Humid","21.468","deg","113894","µV","20.101","°C","1013.000","hPa","36.5","pmil","0","55.690","deg","20.000","°C","100.000","%a.s.","22.400","deg","20.000","°C","962.000","hPa","0.861","-0.02617","0.00035","0","0","13.56","Humid","35.35","0","78.50","296547.63","SABD0002000014","AAV2.0.0.13","3.0.1.1413","PSt7-10","180509-002","6/18/2019 6:15:17 AM","0000-00","0","no battery","V"
"07/13/2019","06:17:45","9","default","116269760","OXY_CH9","10.789","min","234.404","μmol/L","Humid","21.467","deg","113890","µV","20.089","°C","1013.000","hPa","36.5","pmil","0","55.690","deg","20.000","°C","100.000","%a.s.","22.400","deg","20.000","°C","962.000","hPa","0.861","-0.02617","0.00035","0","0","13.56","Humid","35.35","0","78.50","296549.34","SABD0002000014","AAV2.0.0.13","3.0.1.1413","PSt7-10","180509-002","6/18/2019 6:15:17 AM","0000-00","0","no battery","V"
"07/13/2019","06:17:46","9","default","116269760","OXY_CH9","10.805","min","234.486","μmol/L","Humid","21.463","deg","113882","µV","20.089","°C","1013.000","hPa","36.5","pmil","0","55.690","deg","20.000","°C","100.000","%a.s.","22.400","deg","20.000","°C","962.000","hPa","0.861","-0.02617","0.00035","0","0","13.56","Humid","35.35","0","78.50","296529.47","SABD0002000014","AAV2.0.0.13","3.0.1.1413","PSt7-10","180509-002","6/18/2019 6:15:17 AM","0000-00","0","no battery","V"
"07/13/2019","06:17:47","9","default","116269760","OXY_CH9","10.822","min","234.465","μmol/L","Humid","21.464","deg","113858","µV","20.089","°C","1013.000","hPa","36.5","pmil","0","55.690","deg","20.000","°C","100.000","%a.s.","22.400","deg","20.000","°C","962.000","hPa","0.861","-0.02617","0.00035","0","0","13.56","Humid","35.35","0","78.50","296549.17","SABD0002000014","AAV2.0.0.13","3.0.1.1413","PSt7-10","180509-002","6/18/2019 6:15:17 AM","0000-00","0","no battery","V"
"07/13/2019","06:17:48","9","default","116269760","OXY_CH9","10.839","min","234.547","μmol/L","Humid","21.460","deg","113848","µV","20.089","°C","1013.000","hPa","36.5","pmil","0","55.690","deg","20.000","°C","100.000","%a.s.","22.400","deg","20.000","°C","962.000","hPa","0.861","-0.02617","0.00035","0","0","13.56","Humid","35.35","0","78.50","296546.96","SABD0002000014","AAV2.0.0.13","3.0.1.1413","PSt7-10","180509-002","6/18/2019 6:15:17 AM","0000-00","0","no battery","V"
"07/13/2019","06:17:49","9","default","116269760","OXY_CH9","10.856","min","234.547","μmol/L","Humid","21.458","deg","113845","µV","20.095","°C","1013.000","hPa","36.5","pmil","0","55.690","deg","20.000","°C","100.000","%a.s.","22.400","deg","20.000","°C","962.000","hPa","0.861","-0.02617","0.00035","0","0","13.56","Humid","35.35","0","78.50","296537.44","SABD0002000014","AAV2.0.0.13","3.0.1.1413","PSt7-10","180509-002","6/18/2019 6:15:17 AM","0000-00","0","no battery","V"
"07/13/2019","06:17:50","9","default","116269760","OXY_CH9","10.872","min","234.650","μmol/L","Humid","21.457","deg","113841","µV","20.083","°C","1013.000","hPa","36.5","pmil","0","55.690","deg","20.000","°C","100.000","%a.s.","22.400","deg","20.000","°C","962.000","hPa","0.861","-0.02617","0.00035","0","0","13.56","Humid","35.35","0","78.50","296541.59","SABD0002000014","AAV2.0.0.13","3.0.1.1413","PSt7-10","180509-002","6/18/2019 6:15:17 AM","0000-00","0","no battery","V"
"07/13/2019","06:17:51","9","default","116269760","OXY_CH9","10.889","min","234.588","μmol/L","Humid","21.456","deg","113817","µV","20.095","°C","1013.000","hPa","36.5","pmil","0","55.690","deg","20.000","°C","100.000","%a.s.","22.400","deg","20.000","°C","962.000","hPa","0.861","-0.02617","0.00035","0","0","13.56","Humid","35.35","0","78.50","296531.80","SABD0002000014","AAV2.0.0.13","3.0.1.1413","PSt7-10","180509-002","6/18/2019 6:15:17 AM","0000-00","0","no battery","V"
"07/13/2019","06:17:52","9","default","116269760","OXY_CH9","10.906","min","234.629","μmol/L","Humid","21.454","deg","113813","µV","20.095","°C","1013.000","hPa","36.5","pmil","0","55.690","deg","20.000","°C","100.000","%a.s.","22.400","deg","20.000","°C","962.000","hPa","0.861","-0.02617","0.00035","0","0","13.56","Humid","35.35","0","78.50","296537.28","SABD0002000014","AAV2.0.0.13","3.0.1.1413","PSt7-10","180509-002","6/18/2019 6:15:17 AM","0000-00","0","no battery","V"
"07/13/2019","06:17:53","9","default","116269760","OXY_CH9","10.923","min","234.628","μmol/L","Humid","21.452","deg","113803","µV","20.101","°C","1013.000","hPa","36.5","pmil","0","55.690","deg","20.000","°C","100.000","%a.s.","22.400","deg","20.000","°C","962.000","hPa","0.861","-0.02617","0.00035","0","0","13.56","Humid","35.35","0","78.50","296534.56","SABD0002000014","AAV2.0.0.13","3.0.1.1413","PSt7-10","180509-002","6/18/2019 6:15:17 AM","0000-00","0","no battery","V"
"07/13/2019","06:17:54","9","default","116269760","OXY_CH9","10.939","min","234.628","μmol/L","Humid","21.452","deg","113799","µV","20.101","°C","1013.000","hPa","36.5","pmil","0","55.690","deg","20.000","°C","100.000","%a.s.","22.400","deg","20.000","°C","962.000","hPa","0.861","-0.02617","0.00035","0","0","13.56","Humid","35.35","0","78.50","296527.55","SABD0002000014","AAV2.0.0.13","3.0.1.1413","PSt7-10","180509-002","6/18/2019 6:15:17 AM","0000-00","0","no battery","V"
"07/13/2019","06:17:55","9","default","116269760","OXY_CH9","10.955","min","234.752","μmol/L","Humid","21.450","deg","113785","µV","20.089","°C","1013.000","hPa","36.5","pmil","0","55.690","deg","20.000","°C","100.000","%a.s.","22.400","deg","20.000","°C","962.000","hPa","0.861","-0.02617","0.00035","0","0","13.56","Humid","35.35","0","78.50","296514.99","SABD0002000014","AAV2.0.0.13","3.0.1.1413","PSt7-10","180509-002","6/18/2019 6:15:17 AM","0000-00","0","no battery","V"
"07/13/2019","06:17:56","9","default","116269760","OXY_CH9","10.972","min","234.731","μmol/L","Humid","21.449","deg","113770","µV","20.095","°C","1013.000","hPa","36.5","pmil","0","55.690","deg","20.000","°C","100.000","%a.s.","22.400","deg","20.000","°C","962.000","hPa","0.861","-0.02617","0.00035","0","0","13.56","Humid","35.35","0","78.50","296523.57","SABD0002000014","AAV2.0.0.13","3.0.1.1413","PSt7-10","180509-002","6/18/2019 6:15:17 AM","0000-00","0","no battery","V"
"07/13/2019","06:17:57","9","default","116269760","OXY_CH9","10.989","min","234.794","μmol/L","Humid","21.448","deg","113775","µV","20.089","°C","1013.000","hPa","36.5","pmil","0","55.690","deg","20.000","°C","100.000","%a.s.","22.400","deg","20.000","°C","962.000","hPa","0.861","-0.02617","0.00035","0","0","13.56","Humid","35.35","0","78.50","296537.50","SABD0002000014","AAV2.0.0.13","3.0.1.1413","PSt7-10","180509-002","6/18/2019 6:15:17 AM","0000-00","0","no battery","V"
"07/13/2019","06:17:58","9","default","116269760","OXY_CH9","11.006","min","234.855","μmol/L","Humid","21.443","deg","113757","µV","20.095","°C","1013.000","hPa","36.5","pmil","0","55.690","deg","20.000","°C","100.000","%a.s.","22.400","deg","20.000","°C","962.000","hPa","0.861","-0.02617","0.00035","0","0","13.56","Humid","35.35","0","78.50","296543.21","SABD0002000014","AAV2.0.0.13","3.0.1.1413","PSt7-10","180509-002","6/18/2019 6:15:17 AM","0000-00","0","no battery","V"
"07/13/2019","06:17:59","9","default","116269760","OXY_CH9","11.022","min","234.876","μmol/L","Humid","21.444","deg","113747","µV","20.089","°C","1013.000","hPa","36.5","pmil","0","55.690","deg","20.000","°C","100.000","%a.s.","22.400","deg","20.000","°C","962.000","hPa","0.861","-0.02617","0.00035","0","0","13.56","Humid","35.35","0","78.50","296530.48","SABD0002000014","AAV2.0.0.13","3.0.1.1413","PSt7-10","180509-002","6/18/2019 6:15:17 AM","0000-00","0","no battery","V"
"07/13/2019","06:18:00","9","default","116269760","OXY_CH9","11.039","min","234.808","μmol/L","Humid","21.445","deg","113735","µV","20.095","°C","1012.000","hPa","36.5","pmil","0","55.690","deg","20.000","°C","100.000","%a.s.","22.400","deg","20.000","°C","962.000","hPa","0.861","-0.02617","0.00035","0","0","13.56","Humid","35.35","0","78.50","296543.36","SABD0002000014","AAV2.0.0.13","3.0.1.1413","PSt7-10","180509-002","6/18/2019 6:15:17 AM","0000-00","0","no battery","V"
"07/13/2019","06:18:01","9","default","116269760","OXY_CH9","11.056","min","234.917","μmol/L","Humid","21.442","deg","113724","µV","20.089","°C","1013.000","hPa","36.5","pmil","0","55.690","deg","20.000","°C","100.000","%a.s.","22.400","deg","20.000","°C","962.000","hPa","0.861","-0.02617","0.00035","0","0","13.56","Humid","35.35","0","78.50","296533.62","SABD0002000014","AAV2.0.0.13","3.0.1.1413","PSt7-10","180509-002","6/18/2019 6:15:17 AM","0000-00","0","no battery","V"
"07/13/2019","06:18:02","9","default","116269760","OXY_CH9","11.072","min","234.937","μmol/L","Humid","21.439","deg","113716","µV","20.095","°C","1013.000","hPa","36.5","pmil","0","55.690","deg","20.000","°C","100.000","%a.s.","22.400","deg","20.000","°C","962.000","hPa","0.861","-0.02617","0.00035","0","0","13.56","Humid","35.35","0","78.50","296534.13","SABD0002000014","AAV2.0.0.13","3.0.1.1413","PSt7-10","180509-002","6/18/2019 6:15:17 AM","0000-00","0","no battery","V"
"07/13/2019","06:18:03","9","default","116269760","OXY_CH9","11.089","min","234.958","μmol/L","Humid","21.440","deg","113706","µV","20.089","°C","1013.000","hPa","36.5","pmil","0","55.690","deg","20.000","°C","100.000","%a.s.","22.400","deg","20.000","°C","962.000","hPa","0.861","-0.02617","0.00035","0","0","13.56","Humid","35.35","0","78.50","296522.23","SABD0002000014","AAV2.0.0.13","3.0.1.1413","PSt7-10","180509-002","6/18/2019 6:15:17 AM","0000-00","0","no battery","V"
"07/13/2019","06:18:04","9","default","116269760","OXY_CH9","11.105","min","235.040","μmol/L","Humid","21.436","deg","113694","µV","20.089","°C","1013.000","hPa","36.5","pmil","0","55.690","deg","20.000","°C","100.000","%a.s.","22.400","deg","20.000","°C","962.000","hPa","0.861","-0.02617","0.00035","0","0","13.56","Humid","35.35","0","78.50","296530.42","SABD0002000014","AAV2.0.0.13","3.0.1.1413","PSt7-10","180509-002","6/18/2019 6:15:17 AM","0000-00","0","no battery","V"
"07/13/2019","06:18:05","9","default","116269760","OXY_CH9","11.122","min","235.082","μmol/L","Humid","21.436","deg","113687","µV","20.083","°C","1013.000","hPa","36.5","pmil","0","55.690","deg","20.000","°C","100.000","%a.s.","22.400","deg","20.000","°C","962.000","hPa","0.861","-0.02617","0.00035","0","0","13.56","Humid","35.35","0","78.50","296524.64","SABD0002000014","AAV2.0.0.13","3.0.1.1413","PSt7-10","180509-002","6/18/2019 6:15:17 AM","0000-00","0","no battery","V"
"07/13/2019","06:18:06","9","default","116269760","OXY_CH9","11.139","min","235.061","μmol/L","Humid","21.435","deg","113682","µV","20.089","°C","1013.000","hPa","36.5","pmil","0","55.690","deg","20.000","°C","100.000","%a.s.","22.400","deg","20.000","°C","962.000","hPa","0.861","-0.02617","0.00035","0","0","13.56","Humid","35.35","0","78.50","296520.43","SABD0002000014","AAV2.0.0.13","3.0.1.1413","PSt7-10","180509-002","6/18/2019 6:15:17 AM","0000-00","0","no battery","V"
"07/13/2019","06:18:07","9","default","116269760","OXY_CH9","11.156","min","235.081","μmol/L","Humid","21.434","deg","113677","µV","20.089","°C","1013.000","hPa","36.5","pmil","0","55.690","deg","20.000","°C","100.000","%a.s.","22.400","deg","20.000","°C","962.000","hPa","0.861","-0.02617","0.00035","0","0","13.56","Humid","35.35","0","78.50","296537.93","SABD0002000014","AAV2.0.0.13","3.0.1.1413","PSt7-10","180509-002","6/18/2019 6:15:17 AM","0000-00","0","no battery","V"
"07/13/2019","06:18:08","9","default","116269760","OXY_CH9","11.172","min","235.040","μmol/L","Humid","21.434","deg","113666","µV","20.095","°C","1013.000","hPa","36.5","pmil","0","55.690","deg","20.000","°C","100.000","%a.s.","22.400","deg","20.000","°C","962.000","hPa","0.861","-0.02617","0.00035","0","0","13.56","Humid","35.35","0","78.50","296524.55","SABD0002000014","AAV2.0.0.13","3.0.1.1413","PSt7-10","180509-002","6/18/2019 6:15:17 AM","0000-00","0","no battery","V"
"07/13/2019","06:18:09","9","default","116269760","OXY_CH9","11.190","min","235.101","μmol/L","Humid","21.431","deg","113659","µV","20.095","°C","1013.000","hPa","36.5","pmil","0","55.690","deg","20.000","°C","100.000","%a.s.","22.400","deg","20.000","°C","962.000","hPa","0.861","-0.02617","0.00035","0","0","13.56","Humid","35.35","0","78.50","296528.37","SABD0002000014","AAV2.0.0.13","3.0.1.1413","PSt7-10","180509-002","6/18/2019 6:15:17 AM","0000-00","0","no battery","V"
"07/13/2019","06:18:10","9","default","116269760","OXY_CH9","11.205","min","235.101","μmol/L","Humid","21.429","deg","113641","µV","20.101","°C","1013.000","hPa","36.5","pmil","0","55.690","deg","20.000","°C","100.000","%a.s.","22.400","deg","20.000","°C","962.000","hPa","0.861","-0.02617","0.00035","0","0","13.56","Humid","35.35","0","78.50","296512.80","SABD0002000014","AAV2.0.0.13","3.0.1.1413","PSt7-10","180509-002","6/18/2019 6:15:17 AM","0000-00","0","no battery","V"
"07/13/2019","06:18:11","9","default","116269760","OXY_CH9","11.222","min","235.142","μmol/L","Humid","21.427","deg","113638","µV","20.101","°C","1013.000","hPa","36.5","pmil","0","55.690","deg","20.000","°C","100.000","%a.s.","22.400","deg","20.000","°C","962.000","hPa","0.861","-0.02617","0.00035","0","0","13.56","Humid","35.35","0","78.50","296519.22","SABD0002000014","AAV2.0.0.13","3.0.1.1413","PSt7-10","180509-002","6/18/2019 6:15:17 AM","0000-00","0","no battery","V"
"07/13/2019","06:18:12","9","default","116269760","OXY_CH9","11.239","min","235.137","μmol/L","Humid","21.429","deg","113635","µV","20.095","°C","1012.000","hPa","36.5","pmil","0","55.690","deg","20.000","°C","100.000","%a.s.","22.400","deg","20.000","°C","962.000","hPa","0.861","-0.02617","0.00035","0","0","13.56","Humid","35.35","0","78.50","296514.13","SABD0002000014","AAV2.0.0.13","3.0.1.1413","PSt7-10","180509-002","6/18/2019 6:15:17 AM","0000-00","0","no battery","V"
"07/13/2019","06:18:13","9","default","116269760","OXY_CH9","11.256","min","235.141","μmol/L","Humid","21.425","deg","113622","µV","20.107","°C","1013.000","hPa","36.5","pmil","0","55.690","deg","20.000","°C","100.000","%a.s.","22.400","deg","20.000","°C","962.000","hPa","0.861","-0.02617","0.00035","0","0","13.56","Humid","35.35","0","78.50","296528.91","SABD0002000014","AAV2.0.0.13","3.0.1.1413","PSt7-10","180509-002","6/18/2019 6:15:17 AM","0000-00","0","no battery","V"
"07/13/2019","06:18:14","9","default","116269760","OXY_CH9","11.272","min","235.225","μmol/L","Humid","21.425","deg","113600","µV","20.095","°C","1013.000","hPa","36.5","pmil","0","55.690","deg","20.000","°C","100.000","%a.s.","22.400","deg","20.000","°C","962.000","hPa","0.861","-0.02617","0.00035","0","0","13.56","Humid","35.35","0","78.50","296503.04","SABD0002000014","AAV2.0.0.13","3.0.1.1413","PSt7-10","180509-002","6/18/2019 6:15:17 AM","0000-00","0","no battery","V"
"07/13/2019","06:18:15","9","default","116269760","OXY_CH9","11.289","min","235.328","μmol/L","Humid","21.420","deg","113597","µV","20.095","°C","1013.000","hPa","36.5","pmil","0","55.690","deg","20.000","°C","100.000","%a.s.","22.400","deg","20.000","°C","962.000","hPa","0.861","-0.02617","0.00035","0","0","13.56","Humid","35.35","0","78.50","296509.85","SABD0002000014","AAV2.0.0.13","3.0.1.1413","PSt7-10","180509-002","6/18/2019 6:15:17 AM","0000-00","0","no battery","V"
"07/13/2019","06:18:16","9","default","116269760","OXY_CH9","11.305","min","235.348","μmol/L","Humid","21.417","deg","113588","µV","20.101","°C","1013.000","hPa","36.5","pmil","0","55.690","deg","20.000","°C","100.000","%a.s.","22.400","deg","20.000","°C","962.000","hPa","0.861","-0.02617","0.00035","0","0","13.56","Humid","35.35","0","78.50","296516.13","SABD0002000014","AAV2.0.0.13","3.0.1.1413","PSt7-10","180509-002","6/18/2019 6:15:17 AM","0000-00","0","no battery","V"
"07/13/2019","06:18:17","9","default","116269760","OXY_CH9","11.322","min","235.245","μmol/L","Humid","21.422","deg","113579","µV","20.101","°C","1013.000","hPa","36.5","pmil","0","55.690","deg","20.000","°C","100.000","%a.s.","22.400","deg","20.000","°C","962.000","hPa","0.861","-0.02617","0.00035","0","0","13.56","Humid","35.35","0","78.50","296517.36","SABD0002000014","AAV2.0.0.13","3.0.1.1413","PSt7-10","180509-002","6/18/2019 6:15:17 AM","0000-00","0","no battery","V"
"07/13/2019","06:18:18","9","default","116269760","OXY_CH9","11.339","min","235.410","μmol/L","Humid","21.416","deg","113567","µV","20.095","°C","1013.000","hPa","36.5","pmil","0","55.690","deg","20.000","°C","100.000","%a.s.","22.400","deg","20.000","°C","962.000","hPa","0.861","-0.02617","0.00035","0","0","13.56","Humid","35.35","0","78.50","296522.95","SABD0002000014","AAV2.0.0.13","3.0.1.1413","PSt7-10","180509-002","6/18/2019 6:15:17 AM","0000-00","0","no battery","V"
"07/13/2019","06:18:19","9","default","116269760","OXY_CH9","11.356","min","235.368","μmol/L","Humid","21.416","deg","113556","µV","20.101","°C","1013.000","hPa","36.5","pmil","0","55.690","deg","20.000","°C","100.000","%a.s.","22.400","deg","20.000","°C","962.000","hPa","0.861","-0.02617","0.00035","0","0","13.56","Humid","35.35","0","78.50","296520.00","SABD0002000014","AAV2.0.0.13","3.0.1.1413","PSt7-10","180509-002","6/18/2019 6:15:17 AM","0000-00","0","no battery","V"
"07/13/2019","06:18:20","9","default","116269760","OXY_CH9","11.372","min","235.472","μmol/L","Humid","21.415","deg","113551","µV","20.089","°C","1013.000","hPa","36.5","pmil","0","55.690","deg","20.000","°C","100.000","%a.s.","22.400","deg","20.000","°C","962.000","hPa","0.861","-0.02617","0.00035","0","0","13.56","Humid","35.35","0","78.50","296520.31","SABD0002000014","AAV2.0.0.13","3.0.1.1413","PSt7-10","180509-002","6/18/2019 6:15:17 AM","0000-00","0","no battery","V"
"07/13/2019","06:18:21","9","default","116269760","OXY_CH9","11.389","min","235.472","μmol/L","Humid","21.413","deg","113538","µV","20.095","°C","1013.000","hPa","36.5","pmil","0","55.690","deg","20.000","°C","100.000","%a.s.","22.400","deg","20.000","°C","962.000","hPa","0.861","-0.02617","0.00035","0","0","13.56","Humid","35.35","0","78.50","296519.54","SABD0002000014","AAV2.0.0.13","3.0.1.1413","PSt7-10","180509-002","6/18/2019 6:15:17 AM","0000-00","0","no battery","V"
"07/13/2019","06:18:22","9","default","116269760","OXY_CH9","11.406","min","235.570","μmol/L","Humid","21.410","deg","113515","µV","20.089","°C","1012.000","hPa","36.5","pmil","0","55.690","deg","20.000","°C","100.000","%a.s.","22.400","deg","20.000","°C","962.000","hPa","0.861","-0.02617","0.00035","0","0","13.56","Humid","35.35","0","78.50","296515.86","SABD0002000014","AAV2.0.0.13","3.0.1.1413","PSt7-10","180509-002","6/18/2019 6:15:17 AM","0000-00","0","no battery","V"
"07/13/2019","06:18:23","9","default","116269760","OXY_CH9","11.422","min","235.429","μmol/L","Humid","21.409","deg","113506","µV","20.113","°C","1013.000","hPa","36.5","pmil","0","55.690","deg","20.000","°C","100.000","%a.s.","22.400","deg","20.000","°C","962.000","hPa","0.861","-0.02617","0.00035","0","0","13.56","Humid","35.35","0","78.50","296505.11","SABD0002000014","AAV2.0.0.13","3.0.1.1413","PSt7-10","180509-002","6/18/2019 6:15:17 AM","0000-00","0","no battery","V"
"07/13/2019","06:18:24","9","default","116269760","OXY_CH9","11.439","min","235.574","μmol/L","Humid","21.404","deg","113497","µV","20.107","°C","1013.000","hPa","36.5","pmil","0","55.690","deg","20.000","°C","100.000","%a.s.","22.400","deg","20.000","°C","962.000","hPa","0.861","-0.02617","0.00035","0","0","13.56","Humid","35.35","0","78.50","296528.75","SABD0002000014","AAV2.0.0.13","3.0.1.1413","PSt7-10","180509-002","6/18/2019 6:15:17 AM","0000-00","0","no battery","V"
"07/13/2019","06:18:25","9","default","116269760","OXY_CH9","11.456","min","235.595","μmol/L","Humid","21.405","deg","113493","µV","20.101","°C","1013.000","hPa","36.5","pmil","0","55.690","deg","20.000","°C","100.000","%a.s.","22.400","deg","20.000","°C","962.000","hPa","0.861","-0.02617","0.00035","0","0","13.56","Humid","35.35","0","78.50","296523.27","SABD0002000014","AAV2.0.0.13","3.0.1.1413","PSt7-10","180509-002","6/18/2019 6:15:17 AM","0000-00","0","no battery","V"
"07/13/2019","06:18:26","9","default","116269760","OXY_CH9","11.472","min","235.719","μmol/L","Humid","21.401","deg","113478","µV","20.095","°C","1013.000","hPa","36.5","pmil","0","55.690","deg","20.000","°C","100.000","%a.s.","22.400","deg","20.000","°C","962.000","hPa","0.861","-0.02617","0.00035","0","0","13.56","Humid","35.35","0","78.50","296509.81","SABD0002000014","AAV2.0.0.13","3.0.1.1413","PSt7-10","180509-002","6/18/2019 6:15:17 AM","0000-00","0","no battery","V"
"07/13/2019","06:18:27","9","default","116269760","OXY_CH9","11.489","min","235.657","μmol/L","Humid","21.404","deg","113467","µV","20.095","°C","1013.000","hPa","36.5","pmil","0","55.690","deg","20.000","°C","100.000","%a.s.","22.400","deg","20.000","°C","962.000","hPa","0.861","-0.02617","0.00035","0","0","13.56","Humid","35.35","0","78.50","296509.20","SABD0002000014","AAV2.0.0.13","3.0.1.1413","PSt7-10","180509-002","6/18/2019 6:15:17 AM","0000-00","0","no battery","V"
"07/13/2019","06:18:28","9","default","116269760","OXY_CH9","11.505","min","235.698","μmol/L","Humid","21.400","deg","113456","µV","20.101","°C","1013.000","hPa","36.5","pmil","0","55.690","deg","20.000","°C","100.000","%a.s.","22.400","deg","20.000","°C","962.000","hPa","0.861","-0.02617","0.00035","0","0","13.56","Humid","35.35","0","78.50","296511.03","SABD0002000014","AAV2.0.0.13","3.0.1.1413","PSt7-10","180509-002","6/18/2019 6:15:17 AM","0000-00","0","no battery","V"
"07/13/2019","06:18:29","9","default","116269760","OXY_CH9","11.522","min","235.699","μmol/L","Humid","21.402","deg","113463","µV","20.095","°C","1013.000","hPa","36.5","pmil","0","55.690","deg","20.000","°C","100.000","%a.s.","22.400","deg","20.000","°C","962.000","hPa","0.861","-0.02617","0.00035","0","0","13.56","Humid","35.35","0","78.50","296531.60","SABD0002000014","AAV2.0.0.13","3.0.1.1413","PSt7-10","180509-002","6/18/2019 6:15:17 AM","0000-00","0","no battery","V"
"07/13/2019","06:18:30","9","default","116269760","OXY_CH9","11.539","min","235.698","μmol/L","Humid","21.398","deg","113431","µV","20.107","°C","1013.000","hPa","36.5","pmil","0","55.690","deg","20.000","°C","100.000","%a.s.","22.400","deg","20.000","°C","962.000","hPa","0.861","-0.02617","0.00035","0","0","13.56","Humid","35.35","0","78.50","296510.16","SABD0002000014","AAV2.0.0.13","3.0.1.1413","PSt7-10","180509-002","6/18/2019 6:15:17 AM","0000-00","0","no battery","V"
"07/13/2019","06:18:31","9","default","116269760","OXY_CH9","11.555","min","235.713","μmol/L","Humid","21.397","deg","113416","µV","20.107","°C","1012.000","hPa","36.5","pmil","0","55.690","deg","20.000","°C","100.000","%a.s.","22.400","deg","20.000","°C","962.000","hPa","0.861","-0.02617","0.00035","0","0","13.56","Humid","35.35","0","78.50","296507.36","SABD0002000014","AAV2.0.0.13","3.0.1.1413","PSt7-10","180509-002","6/18/2019 6:15:17 AM","0000-00","0","no battery","V"
"07/13/2019","06:18:32","9","default","116269760","OXY_CH9","11.572","min","235.760","μmol/L","Humid","21.395","deg","113408","µV","20.107","°C","1013.000","hPa","36.5","pmil","0","55.690","deg","20.000","°C","100.000","%a.s.","22.400","deg","20.000","°C","962.000","hPa","0.861","-0.02617","0.00035","0","0","13.56","Humid","35.35","0","78.50","296512.07","SABD0002000014","AAV2.0.0.13","3.0.1.1413","PSt7-10","180509-002","6/18/2019 6:15:17 AM","0000-00","0","no battery","V"
"07/13/2019","06:18:33","9","default","116269760","OXY_CH9","11.589","min","235.843","μmol/L","Humid","21.395","deg","113402","µV","20.095","°C","1013.000","hPa","36.5","pmil","0","55.690","deg","20.000","°C","100.000","%a.s.","22.400","deg","20.000","°C","962.000","hPa","0.861","-0.02617","0.00035","0","0","13.56","Humid","35.35","0","78.50","296509.61","SABD0002000014","AAV2.0.0.13","3.0.1.1413","PSt7-10","180509-002","6/18/2019 6:15:17 AM","0000-00","0","no battery","V"
"07/13/2019","06:18:34","9","default","116269760","OXY_CH9","11.605","min","235.988","μmol/L","Humid","21.388","deg","113390","µV","20.095","°C","1013.000","hPa","36.5","pmil","0","55.690","deg","20.000","°C","100.000","%a.s.","22.400","deg","20.000","°C","962.000","hPa","0.861","-0.02617","0.00035","0","0","13.56","Humid","35.35","0","78.50","296519.17","SABD0002000014","AAV2.0.0.13","3.0.1.1413","PSt7-10","180509-002","6/18/2019 6:15:17 AM","0000-00","0","no battery","V"
"07/13/2019","06:18:35","9","default","116269760","OXY_CH9","11.623","min","235.926","μmol/L","Humid","21.391","deg","113373","µV","20.095","°C","1013.000","hPa","36.5","pmil","0","55.690","deg","20.000","°C","100.000","%a.s.","22.400","deg","20.000","°C","962.000","hPa","0.861","-0.02617","0.00035","0","0","13.56","Humid","35.35","0","78.50","296506.58","SABD0002000014","AAV2.0.0.13","3.0.1.1413","PSt7-10","180509-002","6/18/2019 6:15:17 AM","0000-00","0","no battery","V"
"07/13/2019","06:18:36","9","default","116269760","OXY_CH9","11.639","min","235.946","μmol/L","Humid","21.388","deg","113369","µV","20.101","°C","1013.000","hPa","36.5","pmil","0","55.690","deg","20.000","°C","100.000","%a.s.","22.400","deg","20.000","°C","962.000","hPa","0.861","-0.02617","0.00035","0","0","13.56","Humid","35.35","0","78.50","296498.92","SABD0002000014","AAV2.0.0.13","3.0.1.1413","PSt7-10","180509-002","6/18/2019 6:15:17 AM","0000-00","0","no battery","V"
"07/13/2019","06:18:37","9","default","116269760","OXY_CH9","11.656","min","235.946","μmol/L","Humid","21.388","deg","113359","µV","20.101","°C","1013.000","hPa","36.5","pmil","0","55.690","deg","20.000","°C","100.000","%a.s.","22.400","deg","20.000","°C","962.000","hPa","0.861","-0.02617","0.00035","0","0","13.56","Humid","35.35","0","78.50","296501.04","SABD0002000014","AAV2.0.0.13","3.0.1.1413","PSt7-10","180509-002","6/18/2019 6:15:17 AM","0000-00","0","no battery","V"
"07/13/2019","06:18:38","9","default","116269760","OXY_CH9","11.672","min","236.028","μmol/L","Humid","21.384","deg","113348","µV","20.101","°C","1013.000","hPa","36.5","pmil","0","55.690","deg","20.000","°C","100.000","%a.s.","22.400","deg","20.000","°C","962.000","hPa","0.861","-0.02617","0.00035","0","0","13.56","Humid","35.35","0","78.50","296500.44","SABD0002000014","AAV2.0.0.13","3.0.1.1413","PSt7-10","180509-002","6/18/2019 6:15:17 AM","0000-00","0","no battery","V"
"07/13/2019","06:18:39","9","default","116269760","OXY_CH9","11.689","min","235.987","μmol/L","Humid","21.384","deg","113346","µV","20.107","°C","1013.000","hPa","36.5","pmil","0","55.690","deg","20.000","°C","100.000","%a.s.","22.400","deg","20.000","°C","962.000","hPa","0.861","-0.02617","0.00035","0","0","13.56","Humid","35.35","0","78.50","296498.17","SABD0002000014","AAV2.0.0.13","3.0.1.1413","PSt7-10","180509-002","6/18/2019 6:15:17 AM","0000-00","0","no battery","V"
"07/13/2019","06:18:40","9","default","116269760","OXY_CH9","11.706","min","236.091","μmol/L","Humid","21.383","deg","113324","µV","20.095","°C","1013.000","hPa","36.5","pmil","0","55.690","deg","20.000","°C","100.000","%a.s.","22.400","deg","20.000","°C","962.000","hPa","0.861","-0.02617","0.00035","0","0","13.56","Humid","35.35","0","78.50","296506.55","SABD0002000014","AAV2.0.0.13","3.0.1.1413","PSt7-10","180509-002","6/18/2019 6:15:17 AM","0000-00","0","no battery","V"
"07/13/2019","06:18:41","9","default","116269760","OXY_CH9","11.722","min","236.174","μmol/L","Humid","21.381","deg","113314","µV","20.089","°C","1013.000","hPa","36.5","pmil","0","55.690","deg","20.000","°C","100.000","%a.s.","22.400","deg","20.000","°C","962.000","hPa","0.861","-0.02617","0.00035","0","0","13.56","Humid","35.35","0","78.50","296481.41","SABD0002000014","AAV2.0.0.13","3.0.1.1413","PSt7-10","180509-002","6/18/2019 6:15:17 AM","0000-00","0","no battery","V"
"07/13/2019","06:18:42","9","default","116269760","OXY_CH9","11.739","min","236.194","μmol/L","Humid","21.376","deg","113308","µV","20.101","°C","1013.000","hPa","36.5","pmil","0","55.690","deg","20.000","°C","100.000","%a.s.","22.400","deg","20.000","°C","962.000","hPa","0.861","-0.02617","0.00035","0","0","13.56","Humid","35.35","0","78.50","296502.02","SABD0002000014","AAV2.0.0.13","3.0.1.1413","PSt7-10","180509-002","6/18/2019 6:15:17 AM","0000-00","0","no battery","V"
"07/13/2019","06:18:43","9","default","116269760","OXY_CH9","11.755","min","236.277","μmol/L","Humid","21.372","deg","113290","µV","20.101","°C","1013.000","hPa","36.5","pmil","0","55.690","deg","20.000","°C","100.000","%a.s.","22.400","deg","20.000","°C","962.000","hPa","0.861","-0.02617","0.00035","0","0","13.56","Humid","35.35","0","78.50","296486.23","SABD0002000014","AAV2.0.0.13","3.0.1.1413","PSt7-10","180509-002","6/18/2019 6:15:17 AM","0000-00","0","no battery","V"
"07/13/2019","06:18:44","9","default","116269760","OXY_CH9","11.772","min","236.215","μmol/L","Humid","21.375","deg","113277","µV","20.101","°C","1013.000","hPa","36.5","pmil","0","55.690","deg","20.000","°C","100.000","%a.s.","22.400","deg","20.000","°C","962.000","hPa","0.861","-0.02617","0.00035","0","0","13.56","Humid","35.35","0","78.50","296487.50","SABD0002000014","AAV2.0.0.13","3.0.1.1413","PSt7-10","180509-002","6/18/2019 6:15:17 AM","0000-00","0","no battery","V"
"07/13/2019","06:18:45","9","default","116269760","OXY_CH9","11.789","min","236.193","μmol/L","Humid","21.374","deg","113266","µV","20.107","°C","1013.000","hPa","36.5","pmil","0","55.690","deg","20.000","°C","100.000","%a.s.","22.400","deg","20.000","°C","962.000","hPa","0.861","-0.02617","0.00035","0","0","13.56","Humid","35.35","0","78.50","296481.55","SABD0002000014","AAV2.0.0.13","3.0.1.1413","PSt7-10","180509-002","6/18/2019 6:15:17 AM","0000-00","0","no battery","V"
"07/13/2019","06:18:46","9","default","116269760","OXY_CH9","11.806","min","236.359","μmol/L","Humid","21.368","deg","113264","µV","20.101","°C","1013.000","hPa","36.5","pmil","0","55.690","deg","20.000","°C","100.000","%a.s.","22.400","deg","20.000","°C","962.000","hPa","0.861","-0.02617","0.00035","0","0","13.56","Humid","35.35","0","78.50","296488.10","SABD0002000014","AAV2.0.0.13","3.0.1.1413","PSt7-10","180509-002","6/18/2019 6:15:17 AM","0000-00","0","no battery","V"
"07/13/2019","06:18:47","9","default","116269760","OXY_CH9","11.822","min","236.360","μmol/L","Humid","21.370","deg","113253","µV","20.095","°C","1013.000","hPa","36.5","pmil","0","55.690","deg","20.000","°C","100.000","%a.s.","22.400","deg","20.000","°C","962.000","hPa","0.861","-0.02617","0.00035","0","0","13.56","Humid","35.35","0","78.50","296488.65","SABD0002000014","AAV2.0.0.13","3.0.1.1413","PSt7-10","180509-002","6/18/2019 6:15:17 AM","0000-00","0","no battery","V"
"07/13/2019","06:18:48","9","default","116269760","OXY_CH9","11.839","min","236.381","μmol/L","Humid","21.369","deg","113251","µV","20.095","°C","1013.000","hPa","36.5","pmil","0","55.690","deg","20.000","°C","100.000","%a.s.","22.400","deg","20.000","°C","962.000","hPa","0.861","-0.02617","0.00035","0","0","13.56","Humid","35.35","0","78.50","296496.14","SABD0002000014","AAV2.0.0.13","3.0.1.1413","PSt7-10","180509-002","6/18/2019 6:15:17 AM","0000-00","0","no battery","V"
"07/13/2019","06:18:49","9","default","116269760","OXY_CH9","11.856","min","236.317","μmol/L","Humid","21.366","deg","113239","µV","20.113","°C","1013.000","hPa","36.5","pmil","0","55.690","deg","20.000","°C","100.000","%a.s.","22.400","deg","20.000","°C","962.000","hPa","0.861","-0.02617","0.00035","0","0","13.56","Humid","35.35","0","78.50","296495.65","SABD0002000014","AAV2.0.0.13","3.0.1.1413","PSt7-10","180509-002","6/18/2019 6:15:17 AM","0000-00","0","no battery","V"
"07/13/2019","06:18:50","9","default","116269760","OXY_CH9","11.872","min","236.296","μmol/L","Humid","21.367","deg","113222","µV","20.113","°C","1013.000","hPa","36.5","pmil","0","55.690","deg","20.000","°C","100.000","%a.s.","22.400","deg","20.000","°C","962.000","hPa","0.861","-0.02617","0.00035","0","0","13.56","Humid","35.35","0","78.50","296484.48","SABD0002000014","AAV2.0.0.13","3.0.1.1413","PSt7-10","180509-002","6/18/2019 6:15:17 AM","0000-00","0","no battery","V"
"07/13/2019","06:18:51","9","default","116269760","OXY_CH9","11.889","min","236.442","μmol/L","Humid","21.362","deg","113217","µV","20.107","°C","1013.000","hPa","36.5","pmil","0","55.690","deg","20.000","°C","100.000","%a.s.","22.400","deg","20.000","°C","962.000","hPa","0.861","-0.02617","0.00035","0","0","13.56","Humid","35.35","0","78.50","296487.31","SABD0002000014","AAV2.0.0.13","3.0.1.1413","PSt7-10","180509-002","6/18/2019 6:15:17 AM","0000-00","0","no battery","V"
"07/13/2019","06:18:52","9","default","116269760","OXY_CH9","11.906","min","236.400","μmol/L","Humid","21.364","deg","113209","µV","20.107","°C","1013.000","hPa","36.5","pmil","0","55.690","deg","20.000","°C","100.000","%a.s.","22.400","deg","20.000","°C","962.000","hPa","0.861","-0.02617","0.00035","0","0","13.56","Humid","35.35","0","78.50","296493.21","SABD0002000014","AAV2.0.0.13","3.0.1.1413","PSt7-10","180509-002","6/18/2019 6:15:17 AM","0000-00","0","no battery","V"
"07/13/2019","06:18:53","9","default","116269760","OXY_CH9","11.922","min","236.520","μmol/L","Humid","21.360","deg","113200","µV","20.101","°C","1012.000","hPa","36.5","pmil","0","55.690","deg","20.000","°C","100.000","%a.s.","22.400","deg","20.000","°C","962.000","hPa","0.861","-0.02617","0.00035","0","0","13.56","Humid","35.35","0","78.50","296488.92","SABD0002000014","AAV2.0.0.13","3.0.1.1413","PSt7-10","180509-002","6/18/2019 6:15:17 AM","0000-00","0","no battery","V"
"07/13/2019","06:18:54","9","default","116269760","OXY_CH9","11.939","min","236.525","μmol/L","Humid","21.358","deg","113183","µV","20.107","°C","1013.000","hPa","36.5","pmil","0","55.690","deg","20.000","°C","100.000","%a.s.","22.400","deg","20.000","°C","962.000","hPa","0.861","-0.02617","0.00035","0","0","13.56","Humid","35.35","0","78.50","296479.46","SABD0002000014","AAV2.0.0.13","3.0.1.1413","PSt7-10","180509-002","6/18/2019 6:15:17 AM","0000-00","0","no battery","V"
"07/13/2019","06:18:55","9","default","116269760","OXY_CH9","11.955","min","236.609","μmol/L","Humid","21.358","deg","113176","µV","20.095","°C","1013.000","hPa","36.5","pmil","0","55.690","deg","20.000","°C","100.000","%a.s.","22.400","deg","20.000","°C","962.000","hPa","0.861","-0.02617","0.00035","0","0","13.56","Humid","35.35","0","78.50","296485.46","SABD0002000014","AAV2.0.0.13","3.0.1.1413","PSt7-10","180509-002","6/18/2019 6:15:17 AM","0000-00","0","no battery","V"
"07/13/2019","06:18:56","9","default","116269760","OXY_CH9","11.972","min","236.650","μmol/L","Humid","21.356","deg","113166","µV","20.095","°C","1013.000","hPa","36.5","pmil","0","55.690","deg","20.000","°C","100.000","%a.s.","22.400","deg","20.000","°C","962.000","hPa","0.861","-0.02617","0.00035","0","0","13.56","Humid","35.35","0","78.50","296483.03","SABD0002000014","AAV2.0.0.13","3.0.1.1413","PSt7-10","180509-002","6/18/2019 6:15:17 AM","0000-00","0","no battery","V"
"07/13/2019","06:18:57","9","default","116269760","OXY_CH9","11.989","min","236.545","μmol/L","Humid","21.357","deg","113155","µV","20.107","°C","1013.000","hPa","36.5","pmil","0","55.690","deg","20.000","°C","100.000","%a.s.","22.400","deg","20.000","°C","962.000","hPa","0.861","-0.02617","0.00035","0","0","13.56","Humid","35.35","0","78.50","296480.47","SABD0002000014","AAV2.0.0.13","3.0.1.1413","PSt7-10","180509-002","6/18/2019 6:15:17 AM","0000-00","0","no battery","V"
"07/13/2019","06:18:58","9","default","116269760","OXY_CH9","12.006","min","236.608","μmol/L","Humid","21.356","deg","113149","µV","20.101","°C","1013.000","hPa","36.5","pmil","0","55.690","deg","20.000","°C","100.000","%a.s.","22.400","deg","20.000","°C","962.000","hPa","0.861","-0.02617","0.00035","0","0","13.56","Humid","35.35","0","78.50","296492.89","SABD0002000014","AAV2.0.0.13","3.0.1.1413","PSt7-10","180509-002","6/18/2019 6:15:17 AM","0000-00","0","no battery","V"
"07/13/2019","06:18:59","9","default","116269760","OXY_CH9","12.022","min","236.712","μmol/L","Humid","21.351","deg","113138","µV","20.101","°C","1013.000","hPa","36.5","pmil","0","55.690","deg","20.000","°C","100.000","%a.s.","22.400","deg","20.000","°C","962.000","hPa","0.861","-0.02617","0.00035","0","0","13.56","Humid","35.35","0","78.50","296484.26","SABD0002000014","AAV2.0.0.13","3.0.1.1413","PSt7-10","180509-002","6/18/2019 6:15:17 AM","0000-00","0","no battery","V"
"07/13/2019","06:19:00","9","default","116269760","OXY_CH9","12.039","min","236.733","μmol/L","Humid","21.350","deg","113128","µV","20.101","°C","1013.000","hPa","36.5","pmil","0","55.690","deg","20.000","°C","100.000","%a.s.","22.400","deg","20.000","°C","962.000","hPa","0.861","-0.02617","0.00035","0","0","13.56","Humid","35.35","0","78.50","296477.11","SABD0002000014","AAV2.0.0.13","3.0.1.1413","PSt7-10","180509-002","6/18/2019 6:15:17 AM","0000-00","0","no battery","V"
"07/13/2019","06:19:01","9","default","116269760","OXY_CH9","12.055","min","236.774","μmol/L","Humid","21.348","deg","113116","µV","20.101","°C","1013.000","hPa","36.5","pmil","0","55.690","deg","20.000","°C","100.000","%a.s.","22.400","deg","20.000","°C","962.000","hPa","0.861","-0.02617","0.00035","0","0","13.56","Humid","35.35","0","78.50","296475.74","SABD0002000014","AAV2.0.0.13","3.0.1.1413","PSt7-10","180509-002","6/18/2019 6:15:17 AM","0000-00","0","no battery","V"
"07/13/2019","06:19:02","9","default","116269760","OXY_CH9","12.072","min","236.753","μmol/L","Humid","21.349","deg","113113","µV","20.101","°C","1013.000","hPa","36.5","pmil","0","55.690","deg","20.000","°C","100.000","%a.s.","22.400","deg","20.000","°C","962.000","hPa","0.861","-0.02617","0.00035","0","0","13.56","Humid","35.35","0","78.50","296486.66","SABD0002000014","AAV2.0.0.13","3.0.1.1413","PSt7-10","180509-002","6/18/2019 6:15:17 AM","0000-00","0","no battery","V"
"07/13/2019","06:19:03","9","default","116269760","OXY_CH9","12.089","min","236.732","μmol/L","Humid","21.348","deg","113103","µV","20.107","°C","1013.000","hPa","36.5","pmil","0","55.690","deg","20.000","°C","100.000","%a.s.","22.400","deg","20.000","°C","962.000","hPa","0.861","-0.02617","0.00035","0","0","13.56","Humid","35.35","0","78.50","296478.74","SABD0002000014","AAV2.0.0.13","3.0.1.1413","PSt7-10","180509-002","6/18/2019 6:15:17 AM","0000-00","0","no battery","V"
"07/13/2019","06:19:04","9","default","116269760","OXY_CH9","12.105","min","236.836","μmol/L","Humid","21.345","deg","113089","µV","20.101","°C","1013.000","hPa","36.5","pmil","0","55.690","deg","20.000","°C","100.000","%a.s.","22.400","deg","20.000","°C","962.000","hPa","0.861","-0.02617","0.00035","0","0","13.56","Humid","35.35","0","78.50","296461.99","SABD0002000014","AAV2.0.0.13","3.0.1.1413","PSt7-10","180509-002","6/18/2019 6:15:17 AM","0000-00","0","no battery","V"
"07/13/2019","06:19:05","9","default","116269760","OXY_CH9","12.122","min","236.899","μmol/L","Humid","21.342","deg","113092","µV","20.101","°C","1013.000","hPa","36.5","pmil","0","55.690","deg","20.000","°C","100.000","%a.s.","22.400","deg","20.000","°C","962.000","hPa","0.861","-0.02617","0.00035","0","0","13.56","Humid","35.35","0","78.50","296477.96","SABD0002000014","AAV2.0.0.13","3.0.1.1413","PSt7-10","180509-002","6/18/2019 6:15:17 AM","0000-00","0","no battery","V"
"07/13/2019","06:19:06","9","default","116269760","OXY_CH9","12.139","min","236.810","μmol/L","Humid","21.344","deg","113073","µV","20.107","°C","1012.000","hPa","36.5","pmil","0","55.690","deg","20.000","°C","100.000","%a.s.","22.400","deg","20.000","°C","962.000","hPa","0.861","-0.02617","0.00035","0","0","13.56","Humid","35.35","0","78.50","296480.22","SABD0002000014","AAV2.0.0.13","3.0.1.1413","PSt7-10","180509-002","6/18/2019 6:15:17 AM","0000-00","0","no battery","V"
"07/13/2019","06:19:07","9","default","116269760","OXY_CH9","12.155","min","236.857","μmol/L","Humid","21.342","deg","113070","µV","20.107","°C","1013.000","hPa","36.5","pmil","0","55.690","deg","20.000","°C","100.000","%a.s.","22.400","deg","20.000","°C","962.000","hPa","0.861","-0.02617","0.00035","0","0","13.56","Humid","35.35","0","78.50","296490.44","SABD0002000014","AAV2.0.0.13","3.0.1.1413","PSt7-10","180509-002","6/18/2019 6:15:17 AM","0000-00","0","no battery","V"
"07/13/2019","06:19:08","9","default","116269760","OXY_CH9","12.173","min","236.877","μmol/L","Humid","21.341","deg","113063","µV","20.107","°C","1013.000","hPa","36.5","pmil","0","55.690","deg","20.000","°C","100.000","%a.s.","22.400","deg","20.000","°C","962.000","hPa","0.861","-0.02617","0.00035","0","0","13.56","Humid","35.35","0","78.50","296475.08","SABD0002000014","AAV2.0.0.13","3.0.1.1413","PSt7-10","180509-002","6/18/2019 6:15:17 AM","0000-00","0","no battery","V"
"07/13/2019","06:19:09","9","default","116269760","OXY_CH9","12.189","min","236.898","μmol/L","Humid","21.340","deg","113047","µV","20.107","°C","1013.000","hPa","36.5","pmil","0","55.690","deg","20.000","°C","100.000","%a.s.","22.400","deg","20.000","°C","962.000","hPa","0.861","-0.02617","0.00035","0","0","13.56","Humid","35.35","0","78.50","296477.36","SABD0002000014","AAV2.0.0.13","3.0.1.1413","PSt7-10","180509-002","6/18/2019 6:15:17 AM","0000-00","0","no battery","V"
"07/13/2019","06:19:10","9","default","116269760","OXY_CH9","12.206","min","236.940","μmol/L","Humid","21.340","deg","113038","µV","20.101","°C","1013.000","hPa","36.5","pmil","0","55.690","deg","20.000","°C","100.000","%a.s.","22.400","deg","20.000","°C","962.000","hPa","0.861","-0.02617","0.00035","0","0","13.56","Humid","35.35","0","78.50","296477.40","SABD0002000014","AAV2.0.0.13","3.0.1.1413","PSt7-10","180509-002","6/18/2019 6:15:17 AM","0000-00","0","no battery","V"
"07/13/2019","06:19:11","9","default","116269760","OXY_CH9","12.222","min","236.961","μmol/L","Humid","21.339","deg","113030","µV","20.101","°C","1013.000","hPa","36.5","pmil","0","55.690","deg","20.000","°C","100.000","%a.s.","22.400","deg","20.000","°C","962.000","hPa","0.861","-0.02617","0.00035","0","0","13.56","Humid","35.35","0","78.50","296487.53","SABD0002000014","AAV2.0.0.13","3.0.1.1413","PSt7-10","180509-002","6/18/2019 6:15:17 AM","0000-00","0","no battery","V"
"07/13/2019","06:19:12","9","default","116269760","OXY_CH9","12.239","min","237.106","μmol/L","Humid","21.332","deg","113023","µV","20.101","°C","1013.000","hPa","36.5","pmil","0","55.690","deg","20.000","°C","100.000","%a.s.","22.400","deg","20.000","°C","962.000","hPa","0.861","-0.02617","0.00035","0","0","13.56","Humid","35.35","0","78.50","296493.05","SABD0002000014","AAV2.0.0.13","3.0.1.1413","PSt7-10","180509-002","6/18/2019 6:15:17 AM","0000-00","0","no battery","V"
"07/13/2019","06:19:13","9","default","116269760","OXY_CH9","12.255","min","237.086","μmol/L","Humid","21.335","deg","113006","µV","20.095","°C","1013.000","hPa","36.5","pmil","0","55.690","deg","20.000","°C","100.000","%a.s.","22.400","deg","20.000","°C","962.000","hPa","0.861","-0.02617","0.00035","0","0","13.56","Humid","35.35","0","78.50","296474.90","SABD0002000014","AAV2.0.0.13","3.0.1.1413","PSt7-10","180509-002","6/18/2019 6:15:17 AM","0000-00","0","no battery","V"
"07/13/2019","06:19:14","9","default","116269760","OXY_CH9","12.273","min","237.044","μmol/L","Humid","21.333","deg","113009","µV","20.107","°C","1013.000","hPa","36.5","pmil","0","55.690","deg","20.000","°C","100.000","%a.s.","22.400","deg","20.000","°C","962.000","hPa","0.861","-0.02617","0.00035","0","0","13.56","Humid","35.35","0","78.50","296486.32","SABD0002000014","AAV2.0.0.13","3.0.1.1413","PSt7-10","180509-002","6/18/2019 6:15:17 AM","0000-00","0","no battery","V"
"07/13/2019","06:19:15","9","default","116269760","OXY_CH9","12.289","min","237.106","μmol/L","Humid","21.330","deg","112993","µV","20.107","°C","1013.000","hPa","36.5","pmil","0","55.690","deg","20.000","°C","100.000","%a.s.","22.400","deg","20.000","°C","962.000","hPa","0.861","-0.02617","0.00035","0","0","13.56","Humid","35.35","0","78.50","296473.97","SABD0002000014","AAV2.0.0.13","3.0.1.1413","PSt7-10","180509-002","6/18/2019 6:15:17 AM","0000-00","0","no battery","V"
"07/13/2019","06:19:16","9","default","116269760","OXY_CH9","12.306","min","237.210","μmol/L","Humid","21.327","deg","112986","µV","20.101","°C","1013.000","hPa","36.5","pmil","0","55.690","deg","20.000","°C","100.000","%a.s.","22.400","deg","20.000","°C","962.000","hPa","0.861","-0.02617","0.00035","0","0","13.56","Humid","35.35","0","78.50","296474.83","SABD0002000014","AAV2.0.0.13","3.0.1.1413","PSt7-10","180509-002","6/18/2019 6:15:17 AM","0000-00","0","no battery","V"
"07/13/2019","06:19:17","9","default","116269760","OXY_CH9","12.322","min","237.189","μmol/L","Humid","21.326","deg","112968","µV","20.107","°C","1013.000","hPa","36.5","pmil","0","55.690","deg","20.000","°C","100.000","%a.s.","22.400","deg","20.000","°C","962.000","hPa","0.861","-0.02617","0.00035","0","0","13.56","Humid","35.35","0","78.50","296466.96","SABD0002000014","AAV2.0.0.13","3.0.1.1413","PSt7-10","180509-002","6/18/2019 6:15:17 AM","0000-00","0","no battery","V"
"07/13/2019","06:19:18","9","default","116269760","OXY_CH9","12.339","min","237.231","μmol/L","Humid","21.326","deg","112969","µV","20.101","°C","1013.000","hPa","36.5","pmil","0","55.690","deg","20.000","°C","100.000","%a.s.","22.400","deg","20.000","°C","962.000","hPa","0.861","-0.02617","0.00035","0","0","13.56","Humid","35.35","0","78.50","296468.46","SABD0002000014","AAV2.0.0.13","3.0.1.1413","PSt7-10","180509-002","6/18/2019 6:15:17 AM","0000-00","0","no battery","V"
"07/13/2019","06:19:19","9","default","116269760","OXY_CH9","12.356","min","237.210","μmol/L","Humid","21.327","deg","112959","µV","20.101","°C","1013.000","hPa","36.5","pmil","0","55.690","deg","20.000","°C","100.000","%a.s.","22.400","deg","20.000","°C","962.000","hPa","0.861","-0.02617","0.00035","0","0","13.56","Humid","35.35","0","78.50","296468.77","SABD0002000014","AAV2.0.0.13","3.0.1.1413","PSt7-10","180509-002","6/18/2019 6:15:17 AM","0000-00","0","no battery","V"
"07/13/2019","06:19:20","9","default","116269760","OXY_CH9","12.372","min","237.189","μmol/L","Humid","21.326","deg","112946","µV","20.107","°C","1013.000","hPa","36.5","pmil","0","55.690","deg","20.000","°C","100.000","%a.s.","22.400","deg","20.000","°C","962.000","hPa","0.861","-0.02617","0.00035","0","0","13.56","Humid","35.35","0","78.50","296464.68","SABD0002000014","AAV2.0.0.13","3.0.1.1413","PSt7-10","180509-002","6/18/2019 6:15:17 AM","0000-00","0","no battery","V"
"07/13/2019","06:19:21","9","default","116269760","OXY_CH9","12.389","min","237.356","μmol/L","Humid","21.322","deg","112933","µV","20.095","°C","1013.000","hPa","36.5","pmil","0","55.690","deg","20.000","°C","100.000","%a.s.","22.400","deg","20.000","°C","962.000","hPa","0.861","-0.02617","0.00035","0","0","13.56","Humid","35.35","0","78.50","296460.36","SABD0002000014","AAV2.0.0.13","3.0.1.1413","PSt7-10","180509-002","6/18/2019 6:15:17 AM","0000-00","0","no battery","V"
"07/13/2019","06:19:22","9","default","116269760","OXY_CH9","12.406","min","237.418","μmol/L","Humid","21.317","deg","112920","µV","20.101","°C","1013.000","hPa","36.5","pmil","0","55.690","deg","20.000","°C","100.000","%a.s.","22.400","deg","20.000","°C","962.000","hPa","0.861","-0.02617","0.00035","0","0","13.56","Humid","35.35","0","78.50","296466.37","SABD0002000014","AAV2.0.0.13","3.0.1.1413","PSt7-10","180509-002","6/18/2019 6:15:17 AM","0000-00","0","no battery","V"
"07/13/2019","06:19:23","9","default","116269760","OXY_CH9","12.422","min","237.335","μmol/L","Humid","21.321","deg","112909","µV","20.101","°C","1013.000","hPa","36.5","pmil","0","55.690","deg","20.000","°C","100.000","%a.s.","22.400","deg","20.000","°C","962.000","hPa","0.861","-0.02617","0.00035","0","0","13.56","Humid","35.35","0","78.50","296464.10","SABD0002000014","AAV2.0.0.13","3.0.1.1413","PSt7-10","180509-002","6/18/2019 6:15:17 AM","0000-00","0","no battery","V"
"07/13/2019","06:19:24","9","default","116269760","OXY_CH9","12.439","min","237.335","μmol/L","Humid","21.319","deg","112905","µV","20.107","°C","1013.000","hPa","36.5","pmil","0","55.690","deg","20.000","°C","100.000","%a.s.","22.400","deg","20.000","°C","962.000","hPa","0.861","-0.02617","0.00035","0","0","13.56","Humid","35.35","0","78.50","296473.54","SABD0002000014","AAV2.0.0.13","3.0.1.1413","PSt7-10","180509-002","6/18/2019 6:15:17 AM","0000-00","0","no battery","V"
"07/13/2019","06:19:25","9","default","116269760","OXY_CH9","12.455","min","237.439","μmol/L","Humid","21.314","deg","112888","µV","20.107","°C","1013.000","hPa","36.5","pmil","0","55.690","deg","20.000","°C","100.000","%a.s.","22.400","deg","20.000","°C","962.000","hPa","0.861","-0.02617","0.00035","0","0","13.56","Humid","35.35","0","78.50","296459.10","SABD0002000014","AAV2.0.0.13","3.0.1.1413","PSt7-10","180509-002","6/18/2019 6:15:17 AM","0000-00","0","no battery","V"
"07/13/2019","06:19:26","9","default","116269760","OXY_CH9","12.473","min","237.397","μmol/L","Humid","21.314","deg","112879","µV","20.113","°C","1013.000","hPa","36.5","pmil","0","55.690","deg","20.000","°C","100.000","%a.s.","22.400","deg","20.000","°C","962.000","hPa","0.861","-0.02617","0.00035","0","0","13.56","Humid","35.35","0","78.50","296458.41","SABD0002000014","AAV2.0.0.13","3.0.1.1413","PSt7-10","180509-002","6/18/2019 6:15:17 AM","0000-00","0","no battery","V"
"07/13/2019","06:19:27","9","default","116269760","OXY_CH9","12.489","min","237.460","μmol/L","Humid","21.313","deg","112882","µV","20.107","°C","1013.000","hPa","36.5","pmil","0","55.690","deg","20.000","°C","100.000","%a.s.","22.400","deg","20.000","°C","962.000","hPa","0.861","-0.02617","0.00035","0","0","13.56","Humid","35.35","0","78.50","296474.73","SABD0002000014","AAV2.0.0.13","3.0.1.1413","PSt7-10","180509-002","6/18/2019 6:15:17 AM","0000-00","0","no battery","V"
"07/13/2019","06:19:28","9","default","116269760","OXY_CH9","12.506","min","237.522","μmol/L","Humid","21.310","deg","112859","µV","20.107","°C","1013.000","hPa","36.5","pmil","0","55.690","deg","20.000","°C","100.000","%a.s.","22.400","deg","20.000","°C","962.000","hPa","0.861","-0.02617","0.00035","0","0","13.56","Humid","35.35","0","78.50","296456.63","SABD0002000014","AAV2.0.0.13","3.0.1.1413","PSt7-10","180509-002","6/18/2019 6:15:17 AM","0000-00","0","no battery","V"
"07/13/2019","06:19:29","9","default","116269760","OXY_CH9","12.523","min","237.523","μmol/L","Humid","21.312","deg","112857","µV","20.101","°C","1013.000","hPa","36.5","pmil","0","55.690","deg","20.000","°C","100.000","%a.s.","22.400","deg","20.000","°C","962.000","hPa","0.861","-0.02617","0.00035","0","0","13.56","Humid","35.35","0","78.50","296460.36","SABD0002000014","AAV2.0.0.13","3.0.1.1413","PSt7-10","180509-002","6/18/2019 6:15:17 AM","0000-00","0","no battery","V"
"07/13/2019","06:19:30","9","default","116269760","OXY_CH9","12.539","min","237.585","μmol/L","Humid","21.309","deg","112848","µV","20.101","°C","1013.000","hPa","36.5","pmil","0","55.690","deg","20.000","°C","100.000","%a.s.","22.400","deg","20.000","°C","962.000","hPa","0.861","-0.02617","0.00035","0","0","13.56","Humid","35.35","0","78.50","296455.28","SABD0002000014","AAV2.0.0.13","3.0.1.1413","PSt7-10","180509-002","6/18/2019 6:15:17 AM","0000-00","0","no battery","V"
"07/13/2019","06:19:31","9","default","116269760","OXY_CH9","12.555","min","237.543","μmol/L","Humid","21.307","deg","112835","µV","20.113","°C","1013.000","hPa","36.5","pmil","0","55.690","deg","20.000","°C","100.000","%a.s.","22.400","deg","20.000","°C","962.000","hPa","0.861","-0.02617","0.00035","0","0","13.56","Humid","35.35","0","78.50","296461.72","SABD0002000014","AAV2.0.0.13","3.0.1.1413","PSt7-10","180509-002","6/18/2019 6:15:17 AM","0000-00","0","no battery","V"
"07/13/2019","06:19:32","9","default","116269760","OXY_CH9","12.572","min","237.543","μmol/L","Humid","21.307","deg","112824","µV","20.113","°C","1013.000","hPa","36.5","pmil","0","55.690","deg","20.000","°C","100.000","%a.s.","22.400","deg","20.000","°C","962.000","hPa","0.861","-0.02617","0.00035","0","0","13.56","Humid","35.35","0","78.50","296466.79","SABD0002000014","AAV2.0.0.13","3.0.1.1413","PSt7-10","180509-002","6/18/2019 6:15:17 AM","0000-00","0","no battery","V"
"07/13/2019","06:19:33","9","default","116269760","OXY_CH9","12.589","min","237.731","μmol/L","Humid","21.302","deg","112813","µV","20.101","°C","1013.000","hPa","36.5","pmil","0","55.690","deg","20.000","°C","100.000","%a.s.","22.400","deg","20.000","°C","962.000","hPa","0.861","-0.02617","0.00035","0","0","13.56","Humid","35.35","0","78.50","296457.50","SABD0002000014","AAV2.0.0.13","3.0.1.1413","PSt7-10","180509-002","6/18/2019 6:15:17 AM","0000-00","0","no battery","V"
"07/13/2019","06:19:34","9","default","116269760","OXY_CH9","12.605","min","237.689","μmol/L","Humid","21.302","deg","112804","µV","20.107","°C","1013.000","hPa","36.5","pmil","0","55.690","deg","20.000","°C","100.000","%a.s.","22.400","deg","20.000","°C","962.000","hPa","0.861","-0.02617","0.00035","0","0","13.56","Humid","35.35","0","78.50","296456.86","SABD0002000014","AAV2.0.0.13","3.0.1.1413","PSt7-10","180509-002","6/18/2019 6:15:17 AM","0000-00","0","no battery","V"
"07/13/2019","06:19:35","9","default","116269760","OXY_CH9","12.622","min","237.752","μmol/L","Humid","21.301","deg","112799","µV","20.101","°C","1013.000","hPa","36.5","pmil","0","55.690","deg","20.000","°C","100.000","%a.s.","22.400","deg","20.000","°C","962.000","hPa","0.861","-0.02617","0.00035","0","0","13.56","Humid","35.35","0","78.50","296464.36","SABD0002000014","AAV2.0.0.13","3.0.1.1413","PSt7-10","180509-002","6/18/2019 6:15:17 AM","0000-00","0","no battery","V"
"07/13/2019","06:19:36","9","default","116269760","OXY_CH9","12.639","min","237.835","μmol/L","Humid","21.297","deg","112787","µV","20.101","°C","1013.000","hPa","36.5","pmil","0","55.690","deg","20.000","°C","100.000","%a.s.","22.400","deg","20.000","°C","962.000","hPa","0.861","-0.02617","0.00035","0","0","13.56","Humid","35.35","0","78.50","296458.07","SABD0002000014","AAV2.0.0.13","3.0.1.1413","PSt7-10","180509-002","6/18/2019 6:15:17 AM","0000-00","0","no battery","V"
"07/13/2019","06:19:37","9","default","116269760","OXY_CH9","12.656","min","237.772","μmol/L","Humid","21.296","deg","112776","µV","20.113","°C","1013.000","hPa","36.5","pmil","0","55.690","deg","20.000","°C","100.000","%a.s.","22.400","deg","20.000","°C","962.000","hPa","0.861","-0.02617","0.00035","0","0","13.56","Humid","35.35","0","78.50","296448.61","SABD0002000014","AAV2.0.0.13","3.0.1.1413","PSt7-10","180509-002","6/18/2019 6:15:17 AM","0000-00","0","no battery","V"
"07/13/2019","06:19:38","9","default","116269760","OXY_CH9","12.672","min","237.856","μmol/L","Humid","21.292","deg","112765","µV","20.113","°C","1013.000","hPa","36.5","pmil","0","55.690","deg","20.000","°C","100.000","%a.s.","22.400","deg","20.000","°C","962.000","hPa","0.861","-0.02617","0.00035","0","0","13.56","Humid","35.35","0","78.50","296456.39","SABD0002000014","AAV2.0.0.13","3.0.1.1413","PSt7-10","180509-002","6/18/2019 6:15:17 AM","0000-00","0","no battery","V"
"07/13/2019","06:19:39","9","default","116269760","OXY_CH9","12.688","min","237.814","μmol/L","Humid","21.296","deg","112763","µV","20.107","°C","1013.000","hPa","36.5","pmil","0","55.690","deg","20.000","°C","100.000","%a.s.","22.400","deg","20.000","°C","962.000","hPa","0.861","-0.02617","0.00035","0","0","13.56","Humid","35.35","0","78.50","296442.44","SABD0002000014","AAV2.0.0.13","3.0.1.1413","PSt7-10","180509-002","6/18/2019 6:15:17 AM","0000-00","0","no battery","V"
"07/13/2019","06:19:40","9","default","116269760","OXY_CH9","12.706","min","237.876","μmol/L","Humid","21.291","deg","112753","µV","20.113","°C","1013.000","hPa","36.5","pmil","0","55.690","deg","20.000","°C","100.000","%a.s.","22.400","deg","20.000","°C","962.000","hPa","0.861","-0.02617","0.00035","0","0","13.56","Humid","35.35","0","78.50","296470.18","SABD0002000014","AAV2.0.0.13","3.0.1.1413","PSt7-10","180509-002","6/18/2019 6:15:17 AM","0000-00","0","no battery","V"
"07/13/2019","06:19:41","9","default","116269760","OXY_CH9","12.722","min","237.960","μmol/L","Humid","21.289","deg","112729","µV","20.107","°C","1013.000","hPa","36.5","pmil","0","55.690","deg","20.000","°C","100.000","%a.s.","22.400","deg","20.000","°C","962.000","hPa","0.861","-0.02617","0.00035","0","0","13.56","Humid","35.35","0","78.50","296449.77","SABD0002000014","AAV2.0.0.13","3.0.1.1413","PSt7-10","180509-002","6/18/2019 6:15:17 AM","0000-00","0","no battery","V"
"07/13/2019","06:19:42","9","default","116269760","OXY_CH9","12.739","min","237.960","μmol/L","Humid","21.289","deg","112726","µV","20.107","°C","1013.000","hPa","36.5","pmil","0","55.690","deg","20.000","°C","100.000","%a.s.","22.400","deg","20.000","°C","962.000","hPa","0.861","-0.02617","0.00035","0","0","13.56","Humid","35.35","0","78.50","296456.68","SABD0002000014","AAV2.0.0.13","3.0.1.1413","PSt7-10","180509-002","6/18/2019 6:15:17 AM","0000-00","0","no battery","V"
"07/13/2019","06:19:43","9","default","116269760","OXY_CH9","12.755","min","238.065","μmol/L","Humid","21.286","deg","112713","µV","20.101","°C","1013.000","hPa","36.5","pmil","0","55.690","deg","20.000","°C","100.000","%a.s.","22.400","deg","20.000","°C","962.000","hPa","0.861","-0.02617","0.00035","0","0","13.56","Humid","35.35","0","78.50","296457.85","SABD0002000014","AAV2.0.0.13","3.0.1.1413","PSt7-10","180509-002","6/18/2019 6:15:17 AM","0000-00","0","no battery","V"
"07/13/2019","06:19:44","9","default","116269760","OXY_CH9","12.772","min","237.981","μmol/L","Humid","21.286","deg","112710","µV","20.113","°C","1013.000","hPa","36.5","pmil","0","55.690","deg","20.000","°C","100.000","%a.s.","22.400","deg","20.000","°C","962.000","hPa","0.861","-0.02617","0.00035","0","0","13.56","Humid","35.35","0","78.50","296451.23","SABD0002000014","AAV2.0.0.13","3.0.1.1413","PSt7-10","180509-002","6/18/2019 6:15:17 AM","0000-00","0","no battery","V"
"07/13/2019","06:19:45","9","default","116269760","OXY_CH9","12.789","min","238.064","μmol/L","Humid","21.282","deg","112695","µV","20.113","°C","1013.000","hPa","36.5","pmil","0","55.690","deg","20.000","°C","100.000","%a.s.","22.400","deg","20.000","°C","962.000","hPa","0.861","-0.02617","0.00035","0","0","13.56","Humid","35.35","0","78.50","296450.27","SABD0002000014","AAV2.0.0.13","3.0.1.1413","PSt7-10","180509-002","6/18/2019 6:15:17 AM","0000-00","0","no battery","V"
"07/13/2019","06:19:46","9","default","116269760","OXY_CH9","12.806","min","238.149","μmol/L","Humid","21.282","deg","112693","µV","20.101","°C","1013.000","hPa","36.5","pmil","0","55.690","deg","20.000","°C","100.000","%a.s.","22.400","deg","20.000","°C","962.000","hPa","0.861","-0.02617","0.00035","0","0","13.56","Humid","35.35","0","78.50","296457.85","SABD0002000014","AAV2.0.0.13","3.0.1.1413","PSt7-10","180509-002","6/18/2019 6:15:17 AM","0000-00","0","no battery","V"
"07/13/2019","06:19:47","9","default","116269760","OXY_CH9","12.822","min","238.023","μmol/L","Humid","21.284","deg","112682","µV","20.113","°C","1013.000","hPa","36.5","pmil","0","55.690","deg","20.000","°C","100.000","%a.s.","22.400","deg","20.000","°C","962.000","hPa","0.861","-0.02617","0.00035","0","0","13.56","Humid","35.35","0","78.50","296452.53","SABD0002000014","AAV2.0.0.13","3.0.1.1413","PSt7-10","180509-002","6/18/2019 6:15:17 AM","0000-00","0","no battery","V"
"07/13/2019","06:19:48","9","default","116269760","OXY_CH9","12.839","min","238.232","μmol/L","Humid","21.278","deg","112673","µV","20.101","°C","1013.000","hPa","36.5","pmil","0","55.690","deg","20.000","°C","100.000","%a.s.","22.400","deg","20.000","°C","962.000","hPa","0.861","-0.02617","0.00035","0","0","13.56","Humid","35.35","0","78.50","296445.63","SABD0002000014","AAV2.0.0.13","3.0.1.1413","PSt7-10","180509-002","6/18/2019 6:15:17 AM","0000-00","0","no battery","V"
"07/13/2019","06:19:49","9","default","116269760","OXY_CH9","12.855","min","238.191","μmol/L","Humid","21.280","deg","112665","µV","20.101","°C","1013.000","hPa","36.5","pmil","0","55.690","deg","20.000","°C","100.000","%a.s.","22.400","deg","20.000","°C","962.000","hPa","0.861","-0.02617","0.00035","0","0","13.56","Humid","35.35","0","78.50","296441.46","SABD0002000014","AAV2.0.0.13","3.0.1.1413","PSt7-10","180509-002","6/18/2019 6:15:17 AM","0000-00","0","no battery","V"
"07/13/2019","06:19:50","9","default","116269760","OXY_CH9","12.872","min","238.316","μmol/L","Humid","21.272","deg","112652","µV","20.107","°C","1013.000","hPa","36.5","pmil","0","55.690","deg","20.000","°C","100.000","%a.s.","22.400","deg","20.000","°C","962.000","hPa","0.861","-0.02617","0.00035","0","0","13.56","Humid","35.35","0","78.50","296458.61","SABD0002000014","AAV2.0.0.13","3.0.1.1413","PSt7-10","180509-002","6/18/2019 6:15:17 AM","0000-00","0","no battery","V"
"07/13/2019","06:19:51","9","default","116269760","OXY_CH9","12.889","min","238.232","μmol/L","Humid","21.276","deg","112635","µV","20.107","°C","1013.000","hPa","36.5","pmil","0","55.690","deg","20.000","°C","100.000","%a.s.","22.400","deg","20.000","°C","962.000","hPa","0.861","-0.02617","0.00035","0","0","13.56","Humid","35.35","0","78.50","296457.34","SABD0002000014","AAV2.0.0.13","3.0.1.1413","PSt7-10","180509-002","6/18/2019 6:15:17 AM","0000-00","0","no battery","V"
"07/13/2019","06:19:52","9","default","116269760","OXY_CH9","12.906","min","238.253","μmol/L","Humid","21.273","deg","112623","µV","20.113","°C","1013.000","hPa","36.5","pmil","0","55.690","deg","20.000","°C","100.000","%a.s.","22.400","deg","20.000","°C","962.000","hPa","0.861","-0.02617","0.00035","0","0","13.56","Humid","35.35","0","78.50","296440.95","SABD0002000014","AAV2.0.0.13","3.0.1.1413","PSt7-10","180509-002","6/18/2019 6:15:17 AM","0000-00","0","no battery","V"
"07/13/2019","06:19:53","9","default","116269760","OXY_CH9","12.922","min","238.253","μmol/L","Humid","21.275","deg","112614","µV","20.107","°C","1013.000","hPa","36.5","pmil","0","55.690","deg","20.000","°C","100.000","%a.s.","22.400","deg","20.000","°C","962.000","hPa","0.861","-0.02617","0.00035","0","0","13.56","Humid","35.35","0","78.50","296452.63","SABD0002000014","AAV2.0.0.13","3.0.1.1413","PSt7-10","180509-002","6/18/2019 6:15:17 AM","0000-00","0","no battery","V"
"07/13/2019","06:19:54","9","default","116269760","OXY_CH9","12.939","min","238.379","μmol/L","Humid","21.271","deg","112601","µV","20.101","°C","1013.000","hPa","36.5","pmil","0","55.690","deg","20.000","°C","100.000","%a.s.","22.400","deg","20.000","°C","962.000","hPa","0.861","-0.02617","0.00035","0","0","13.56","Humid","35.35","0","78.50","296447.30","SABD0002000014","AAV2.0.0.13","3.0.1.1413","PSt7-10","180509-002","6/18/2019 6:15:17 AM","0000-00","0","no battery","V"
"07/13/2019","06:19:55","9","default","116269760","OXY_CH9","12.955","min","238.274","μmol/L","Humid","21.272","deg","112593","µV","20.113","°C","1013.000","hPa","36.5","pmil","0","55.690","deg","20.000","°C","100.000","%a.s.","22.400","deg","20.000","°C","962.000","hPa","0.861","-0.02617","0.00035","0","0","13.56","Humid","35.35","0","78.50","296460.20","SABD0002000014","AAV2.0.0.13","3.0.1.1413","PSt7-10","180509-002","6/18/2019 6:15:17 AM","0000-00","0","no battery","V"
"07/13/2019","06:19:56","9","default","116269760","OXY_CH9","12.973","min","238.379","μmol/L","Humid","21.269","deg","112596","µV","20.107","°C","1013.000","hPa","36.5","pmil","0","55.690","deg","20.000","°C","100.000","%a.s.","22.400","deg","20.000","°C","962.000","hPa","0.861","-0.02617","0.00035","0","0","13.56","Humid","35.35","0","78.50","296451.98","SABD0002000014","AAV2.0.0.13","3.0.1.1413","PSt7-10","180509-002","6/18/2019 6:15:17 AM","0000-00","0","no battery","V"
"07/13/2019","06:19:57","9","default","116269760","OXY_CH9","12.989","min","238.483","μmol/L","Humid","21.264","deg","112587","µV","20.107","°C","1013.000","hPa","36.5","pmil","0","55.690","deg","20.000","°C","100.000","%a.s.","22.400","deg","20.000","°C","962.000","hPa","0.861","-0.02617","0.00035","0","0","13.56","Humid","35.35","0","78.50","296452.90","SABD0002000014","AAV2.0.0.13","3.0.1.1413","PSt7-10","180509-002","6/18/2019 6:15:17 AM","0000-00","0","no battery","V"
"07/13/2019","06:19:58","9","default","116269760","OXY_CH9","13.005","min","238.484","μmol/L","Humid","21.266","deg","112573","µV","20.101","°C","1013.000","hPa","36.5","pmil","0","55.690","deg","20.000","°C","100.000","%a.s.","22.400","deg","20.000","°C","962.000","hPa","0.861","-0.02617","0.00035","0","0","13.56","Humid","35.35","0","78.50","296453.21","SABD0002000014","AAV2.0.0.13","3.0.1.1413","PSt7-10","180509-002","6/18/2019 6:15:17 AM","0000-00","0","no battery","V"
"07/13/2019","06:19:59","9","default","116269760","OXY_CH9","13.022","min","238.505","μmol/L","Humid","21.265","deg","112558","µV","20.101","°C","1013.000","hPa","36.5","pmil","0","55.690","deg","20.000","°C","100.000","%a.s.","22.400","deg","20.000","°C","962.000","hPa","0.861","-0.02617","0.00035","0","0","13.56","Humid","35.35","0","78.50","296465.52","SABD0002000014","AAV2.0.0.13","3.0.1.1413","PSt7-10","180509-002","6/18/2019 6:15:17 AM","0000-00","0","no battery","V"
"07/13/2019","06:20:00","9","default","116269760","OXY_CH9","13.039","min","238.483","μmol/L","Humid","21.262","deg","112554","µV","20.113","°C","1013.000","hPa","36.5","pmil","0","55.690","deg","20.000","°C","100.000","%a.s.","22.400","deg","20.000","°C","962.000","hPa","0.861","-0.02617","0.00035","0","0","13.56","Humid","35.35","0","78.50","296446.78","SABD0002000014","AAV2.0.0.13","3.0.1.1413","PSt7-10","180509-002","6/18/2019 6:15:17 AM","0000-00","0","no battery","V"
"07/13/2019","06:20:01","9","default","116269760","OXY_CH9","13.056","min","238.504","μmol/L","Humid","21.261","deg","112547","µV","20.113","°C","1013.000","hPa","36.5","pmil","0","55.690","deg","20.000","°C","100.000","%a.s.","22.400","deg","20.000","°C","962.000","hPa","0.861","-0.02617","0.00035","0","0","13.56","Humid","35.35","0","78.50","296446.90","SABD0002000014","AAV2.0.0.13","3.0.1.1413","PSt7-10","180509-002","6/18/2019 6:15:17 AM","0000-00","0","no battery","V"
"07/13/2019","06:20:02","9","default","116269760","OXY_CH9","13.072","min","238.546","μmol/L","Humid","21.261","deg","112538","µV","20.107","°C","1013.000","hPa","36.5","pmil","0","55.690","deg","20.000","°C","100.000","%a.s.","22.400","deg","20.000","°C","962.000","hPa","0.861","-0.02617","0.00035","0","0","13.56","Humid","35.35","0","78.50","296434.50","SABD0002000014","AAV2.0.0.13","3.0.1.1413","PSt7-10","180509-002","6/18/2019 6:15:17 AM","0000-00","0","no battery","V"
"07/13/2019","06:20:03","9","default","116269760","OXY_CH9","13.089","min","238.588","μmol/L","Humid","21.259","deg","112530","µV","20.107","°C","1013.000","hPa","36.5","pmil","0","55.690","deg","20.000","°C","100.000","%a.s.","22.400","deg","20.000","°C","962.000","hPa","0.861","-0.02617","0.00035","0","0","13.56","Humid","35.35","0","78.50","296445.88","SABD0002000014","AAV2.0.0.13","3.0.1.1413","PSt7-10","180509-002","6/18/2019 6:15:17 AM","0000-00","0","no battery","V"
"07/13/2019","06:20:04","9","default","116269760","OXY_CH9","13.106","min","238.630","μmol/L","Humid","21.257","deg","112518","µV","20.107","°C","1013.000","hPa","36.5","pmil","0","55.690","deg","20.000","°C","100.000","%a.s.","22.400","deg","20.000","°C","962.000","hPa","0.861","-0.02617","0.00035","0","0","13.56","Humid","35.35","0","78.50","296459.18","SABD0002000014","AAV2.0.0.13","3.0.1.1413","PSt7-10","180509-002","6/18/2019 6:15:17 AM","0000-00","0","no battery","V"
"07/13/2019","06:20:05","9","default","116269760","OXY_CH9","13.123","min","238.588","μmol/L","Humid","21.257","deg","112514","µV","20.113","°C","1013.000","hPa","36.5","pmil","0","55.690","deg","20.000","°C","100.000","%a.s.","22.400","deg","20.000","°C","962.000","hPa","0.861","-0.02617","0.00035","0","0","13.56","Humid","35.35","0","78.50","296446.13","SABD0002000014","AAV2.0.0.13","3.0.1.1413","PSt7-10","180509-002","6/18/2019 6:15:17 AM","0000-00","0","no battery","V"
"07/13/2019","06:20:06","9","default","116269760","OXY_CH9","13.139","min","238.650","μmol/L","Humid","21.252","deg","112507","µV","20.119","°C","1013.000","hPa","36.5","pmil","0","55.690","deg","20.000","°C","100.000","%a.s.","22.400","deg","20.000","°C","962.000","hPa","0.861","-0.02617","0.00035","0","0","13.56","Humid","35.35","0","78.50","296458.67","SABD0002000014","AAV2.0.0.13","3.0.1.1413","PSt7-10","180509-002","6/18/2019 6:15:17 AM","0000-00","0","no battery","V"
"07/13/2019","06:20:07","9","default","116269760","OXY_CH9","13.156","min","238.609","μmol/L","Humid","21.256","deg","112491","µV","20.113","°C","1013.000","hPa","36.5","pmil","0","55.690","deg","20.000","°C","100.000","%a.s.","22.400","deg","20.000","°C","962.000","hPa","0.861","-0.02617","0.00035","0","0","13.56","Humid","35.35","0","78.50","296437.58","SABD0002000014","AAV2.0.0.13","3.0.1.1413","PSt7-10","180509-002","6/18/2019 6:15:17 AM","0000-00","0","no battery","V"
"07/13/2019","06:20:08","9","default","116269760","OXY_CH9","13.172","min","238.672","μmol/L","Humid","21.253","deg","112474","µV","20.113","°C","1013.000","hPa","36.5","pmil","0","55.690","deg","20.000","°C","100.000","%a.s.","22.400","deg","20.000","°C","962.000","hPa","0.861","-0.02617","0.00035","0","0","13.56","Humid","35.35","0","78.50","296441.33","SABD0002000014","AAV2.0.0.13","3.0.1.1413","PSt7-10","180509-002","6/18/2019 6:15:17 AM","0000-00","0","no battery","V"
"07/13/2019","06:20:09","9","default","116269760","OXY_CH9","13.189","min","238.776","μmol/L","Humid","21.248","deg","112471","µV","20.113","°C","1013.000","hPa","36.5","pmil","0","55.690","deg","20.000","°C","100.000","%a.s.","22.400","deg","20.000","°C","962.000","hPa","0.861","-0.02617","0.00035","0","0","13.56","Humid","35.35","0","78.50","296435.28","SABD0002000014","AAV2.0.0.13","3.0.1.1413","PSt7-10","180509-002","6/18/2019 6:15:17 AM","0000-00","0","no battery","V"
"07/13/2019","06:20:10","9","default","116269760","OXY_CH9","13.206","min","238.692","μmol/L","Humid","21.250","deg","112463","µV","20.119","°C","1013.000","hPa","36.5","pmil","0","55.690","deg","20.000","°C","100.000","%a.s.","22.400","deg","20.000","°C","962.000","hPa","0.861","-0.02617","0.00035","0","0","13.56","Humid","35.35","0","78.50","296445.94","SABD0002000014","AAV2.0.0.13","3.0.1.1413","PSt7-10","180509-002","6/18/2019 6:15:17 AM","0000-00","0","no battery","V"
"07/13/2019","06:20:11","9","default","116269760","OXY_CH9","13.222","min","238.776","μmol/L","Humid","21.248","deg","112456","µV","20.113","°C","1013.000","hPa","36.5","pmil","0","55.690","deg","20.000","°C","100.000","%a.s.","22.400","deg","20.000","°C","962.000","hPa","0.861","-0.02617","0.00035","0","0","13.56","Humid","35.35","0","78.50","296429.89","SABD0002000014","AAV2.0.0.13","3.0.1.1413","PSt7-10","180509-002","6/18/2019 6:15:17 AM","0000-00","0","no battery","V"
"07/13/2019","06:20:12","9","default","116269760","OXY_CH9","13.239","min","238.692","μmol/L","Humid","21.248","deg","112445","µV","20.125","°C","1013.000","hPa","36.5","pmil","0","55.690","deg","20.000","°C","100.000","%a.s.","22.400","deg","20.000","°C","962.000","hPa","0.861","-0.02617","0.00035","0","0","13.56","Humid","35.35","0","78.50","296434.33","SABD0002000014","AAV2.0.0.13","3.0.1.1413","PSt7-10","180509-002","6/18/2019 6:15:17 AM","0000-00","0","no battery","V"
"07/13/2019","06:20:13","9","default","116269760","OXY_CH9","13.256","min","238.713","μmol/L","Humid","21.249","deg","112432","µV","20.119","°C","1013.000","hPa","36.5","pmil","0","55.690","deg","20.000","°C","100.000","%a.s.","22.400","deg","20.000","°C","962.000","hPa","0.861","-0.02617","0.00035","0","0","13.56","Humid","35.35","0","78.50","296436.35","SABD0002000014","AAV2.0.0.13","3.0.1.1413","PSt7-10","180509-002","6/18/2019 6:15:17 AM","0000-00","0","no battery","V"
"07/13/2019","06:20:14","9","default","116269760","OXY_CH9","13.272","min","238.818","μmol/L","Humid","21.244","deg","112424","µV","20.119","°C","1013.000","hPa","36.5","pmil","0","55.690","deg","20.000","°C","100.000","%a.s.","22.400","deg","20.000","°C","962.000","hPa","0.861","-0.02617","0.00035","0","0","13.56","Humid","35.35","0","78.50","296430.65","SABD0002000014","AAV2.0.0.13","3.0.1.1413","PSt7-10","180509-002","6/18/2019 6:15:17 AM","0000-00","0","no battery","V"
"07/13/2019","06:20:15","9","default","116269760","OXY_CH9","13.289","min","238.860","μmol/L","Humid","21.242","deg","112413","µV","20.119","°C","1013.000","hPa","36.5","pmil","0","55.690","deg","20.000","°C","100.000","%a.s.","22.400","deg","20.000","°C","962.000","hPa","0.861","-0.02617","0.00035","0","0","13.56","Humid","35.35","0","78.50","296440.81","SABD0002000014","AAV2.0.0.13","3.0.1.1413","PSt7-10","180509-002","6/18/2019 6:15:17 AM","0000-00","0","no battery","V"
"07/13/2019","06:20:16","9","default","116269760","OXY_CH9","13.306","min","238.902","μmol/L","Humid","21.242","deg","112411","µV","20.113","°C","1013.000","hPa","36.5","pmil","0","55.690","deg","20.000","°C","100.000","%a.s.","22.400","deg","20.000","°C","962.000","hPa","0.861","-0.02617","0.00035","0","0","13.56","Humid","35.35","0","78.50","296432.75","SABD0002000014","AAV2.0.0.13","3.0.1.1413","PSt7-10","180509-002","6/18/2019 6:15:17 AM","0000-00","0","no battery","V"
"07/13/2019","06:20:17","9","default","116269760","OXY_CH9","13.322","min","238.860","μmol/L","Humid","21.242","deg","112395","µV","20.119","°C","1013.000","hPa","36.5","pmil","0","55.690","deg","20.000","°C","100.000","%a.s.","22.400","deg","20.000","°C","962.000","hPa","0.861","-0.02617","0.00035","0","0","13.56","Humid","35.35","0","78.50","296430.85","SABD0002000014","AAV2.0.0.13","3.0.1.1413","PSt7-10","180509-002","6/18/2019 6:15:17 AM","0000-00","0","no battery","V"
"07/13/2019","06:20:18","9","default","116269760","OXY_CH9","13.339","min","238.986","μmol/L","Humid","21.238","deg","112390","µV","20.113","°C","1013.000","hPa","36.5","pmil","0","55.690","deg","20.000","°C","100.000","%a.s.","22.400","deg","20.000","°C","962.000","hPa","0.861","-0.02617","0.00035","0","0","13.56","Humid","35.35","0","78.50","296442.73","SABD0002000014","AAV2.0.0.13","3.0.1.1413","PSt7-10","180509-002","6/18/2019 6:15:17 AM","0000-00","0","no battery","V"
"07/13/2019","06:20:19","9","default","116269760","OXY_CH9","13.355","min","239.028","μmol/L","Humid","21.234","deg","112377","µV","20.119","°C","1013.000","hPa","36.5","pmil","0","55.690","deg","20.000","°C","100.000","%a.s.","22.400","deg","20.000","°C","962.000","hPa","0.861","-0.02617","0.00035","0","0","13.56","Humid","35.35","0","78.50","296424.45","SABD0002000014","AAV2.0.0.13","3.0.1.1413","PSt7-10","180509-002","6/18/2019 6:15:17 AM","0000-00","0","no battery","V"
"07/13/2019","06:20:20","9","default","116269760","OXY_CH9","13.372","min","239.134","μmol/L","Humid","21.233","deg","112365","µV","20.107","°C","1013.000","hPa","36.5","pmil","0","55.690","deg","20.000","°C","100.000","%a.s.","22.400","deg","20.000","°C","962.000","hPa","0.861","-0.02617","0.00035","0","0","13.56","Humid","35.35","0","78.50","296432.15","SABD0002000014","AAV2.0.0.13","3.0.1.1413","PSt7-10","180509-002","6/18/2019 6:15:17 AM","0000-00","0","no battery","V"
"07/13/2019","06:20:21","9","default","116269760","OXY_CH9","13.389","min","239.070","μmol/L","Humid","21.234","deg","112363","µV","20.113","°C","1013.000","hPa","36.5","pmil","0","55.690","deg","20.000","°C","100.000","%a.s.","22.400","deg","20.000","°C","962.000","hPa","0.861","-0.02617","0.00035","0","0","13.56","Humid","35.35","0","78.50","296434.01","SABD0002000014","AAV2.0.0.13","3.0.1.1413","PSt7-10","180509-002","6/18/2019 6:15:17 AM","0000-00","0","no battery","V"
"07/13/2019","06:20:22","9","default","116269760","OXY_CH9","13.406","min","239.091","μmol/L","Humid","21.231","deg","112354","µV","20.119","°C","1013.000","hPa","36.5","pmil","0","55.690","deg","20.000","°C","100.000","%a.s.","22.400","deg","20.000","°C","962.000","hPa","0.861","-0.02617","0.00035","0","0","13.56","Humid","35.35","0","78.50","296434.37","SABD0002000014","AAV2.0.0.13","3.0.1.1413","PSt7-10","180509-002","6/18/2019 6:15:17 AM","0000-00","0","no battery","V"
"07/13/2019","06:20:23","9","default","116269760","OXY_CH9","13.422","min","239.112","μmol/L","Humid","21.232","deg","112340","µV","20.113","°C","1013.000","hPa","36.5","pmil","0","55.690","deg","20.000","°C","100.000","%a.s.","22.400","deg","20.000","°C","962.000","hPa","0.861","-0.02617","0.00035","0","0","13.56","Humid","35.35","0","78.50","296430.99","SABD0002000014","AAV2.0.0.13","3.0.1.1413","PSt7-10","180509-002","6/18/2019 6:15:17 AM","0000-00","0","no battery","V"
"07/13/2019","06:20:24","9","default","116269760","OXY_CH9","13.439","min","239.154","μmol/L","Humid","21.230","deg","112338","µV","20.113","°C","1013.000","hPa","36.5","pmil","0","55.690","deg","20.000","°C","100.000","%a.s.","22.400","deg","20.000","°C","962.000","hPa","0.861","-0.02617","0.00035","0","0","13.56","Humid","35.35","0","78.50","296439.75","SABD0002000014","AAV2.0.0.13","3.0.1.1413","PSt7-10","180509-002","6/18/2019 6:15:17 AM","0000-00","0","no battery","V"
"07/13/2019","06:20:25","9","default","116269760","OXY_CH9","13.455","min","239.154","μmol/L","Humid","21.228","deg","112326","µV","20.119","°C","1013.000","hPa","36.5","pmil","0","55.690","deg","20.000","°C","100.000","%a.s.","22.400","deg","20.000","°C","962.000","hPa","0.861","-0.02617","0.00035","0","0","13.56","Humid","35.35","0","78.50","296440.46","SABD0002000014","AAV2.0.0.13","3.0.1.1413","PSt7-10","180509-002","6/18/2019 6:15:17 AM","0000-00","0","no battery","V"
"07/13/2019","06:20:26","9","default","116269760","OXY_CH9","13.472","min","239.133","μmol/L","Humid","21.229","deg","112314","µV","20.119","°C","1013.000","hPa","36.5","pmil","0","55.690","deg","20.000","°C","100.000","%a.s.","22.400","deg","20.000","°C","962.000","hPa","0.861","-0.02617","0.00035","0","0","13.56","Humid","35.35","0","78.50","296434.49","SABD0002000014","AAV2.0.0.13","3.0.1.1413","PSt7-10","180509-002","6/18/2019 6:15:17 AM","0000-00","0","no battery","V"
"07/13/2019","06:20:27","9","default","116269760","OXY_CH9","13.489","min","239.302","μmol/L","Humid","21.225","deg","112308","µV","20.107","°C","1013.000","hPa","36.5","pmil","0","55.690","deg","20.000","°C","100.000","%a.s.","22.400","deg","20.000","°C","962.000","hPa","0.861","-0.02617","0.00035","0","0","13.56","Humid","35.35","0","78.50","296432.17","SABD0002000014","AAV2.0.0.13","3.0.1.1413","PSt7-10","180509-002","6/18/2019 6:15:17 AM","0000-00","0","no battery","V"
"07/13/2019","06:20:28","9","default","116269760","OXY_CH9","13.506","min","239.175","μmol/L","Humid","21.225","deg","112297","µV","20.125","°C","1013.000","hPa","36.5","pmil","0","55.690","deg","20.000","°C","100.000","%a.s.","22.400","deg","20.000","°C","962.000","hPa","0.861","-0.02617","0.00035","0","0","13.56","Humid","35.35","0","78.50","296431.98","SABD0002000014","AAV2.0.0.13","3.0.1.1413","PSt7-10","180509-002","6/18/2019 6:15:17 AM","0000-00","0","no battery","V"
"07/13/2019","06:20:29","9","default","116269760","OXY_CH9","13.523","min","239.154","μmol/L","Humid","21.226","deg","112289","µV","20.125","°C","1013.000","hPa","36.5","pmil","0","55.690","deg","20.000","°C","100.000","%a.s.","22.400","deg","20.000","°C","962.000","hPa","0.861","-0.02617","0.00035","0","0","13.56","Humid","35.35","0","78.50","296436.68","SABD0002000014","AAV2.0.0.13","3.0.1.1413","PSt7-10","180509-002","6/18/2019 6:15:17 AM","0000-00","0","no battery","V"
"07/13/2019","06:20:30","9","default","116269760","OXY_CH9","13.539","min","239.365","μmol/L","Humid","21.218","deg","112283","µV","20.119","°C","1013.000","hPa","36.5","pmil","0","55.690","deg","20.000","°C","100.000","%a.s.","22.400","deg","20.000","°C","962.000","hPa","0.861","-0.02617","0.00035","0","0","13.56","Humid","35.35","0","78.50","296416.71","SABD0002000014","AAV2.0.0.13","3.0.1.1413","PSt7-10","180509-002","6/18/2019 6:15:17 AM","0000-00","0","no battery","V"
"07/13/2019","06:20:31","9","default","116269760","OXY_CH9","13.555","min","239.302","μmol/L","Humid","21.223","deg","112266","µV","20.113","°C","1013.000","hPa","36.5","pmil","0","55.690","deg","20.000","°C","100.000","%a.s.","22.400","deg","20.000","°C","962.000","hPa","0.861","-0.02617","0.00035","0","0","13.56","Humid","35.35","0","78.50","296430.92","SABD0002000014","AAV2.0.0.13","3.0.1.1413","PSt7-10","180509-002","6/18/2019 6:15:17 AM","0000-00","0","no battery","V"
"07/13/2019","06:20:32","9","default","116269760","OXY_CH9","13.573","min","239.365","μmol/L","Humid","21.218","deg","112264","µV","20.119","°C","1013.000","hPa","36.5","pmil","0","55.690","deg","20.000","°C","100.000","%a.s.","22.400","deg","20.000","°C","962.000","hPa","0.861","-0.02617","0.00035","0","0","13.56","Humid","35.35","0","78.50","296430.82","SABD0002000014","AAV2.0.0.13","3.0.1.1413","PSt7-10","180509-002","6/18/2019 6:15:17 AM","0000-00","0","no battery","V"
"07/13/2019","06:20:33","9","default","116269760","OXY_CH9","13.589","min","239.386","μmol/L","Humid","21.219","deg","112250","µV","20.113","°C","1013.000","hPa","36.5","pmil","0","55.690","deg","20.000","°C","100.000","%a.s.","22.400","deg","20.000","°C","962.000","hPa","0.861","-0.02617","0.00035","0","0","13.56","Humid","35.35","0","78.50","296419.80","SABD0002000014","AAV2.0.0.13","3.0.1.1413","PSt7-10","180509-002","6/18/2019 6:15:17 AM","0000-00","0","no battery","V"
"07/13/2019","06:20:34","9","default","116269760","OXY_CH9","13.606","min","239.407","μmol/L","Humid","21.216","deg","112236","µV","20.119","°C","1013.000","hPa","36.5","pmil","0","55.690","deg","20.000","°C","100.000","%a.s.","22.400","deg","20.000","°C","962.000","hPa","0.861","-0.02617","0.00035","0","0","13.56","Humid","35.35","0","78.50","296413.37","SABD0002000014","AAV2.0.0.13","3.0.1.1413","PSt7-10","180509-002","6/18/2019 6:15:17 AM","0000-00","0","no battery","V"
"07/13/2019","06:20:35","9","default","116269760","OXY_CH9","13.622","min","239.575","μmol/L","Humid","21.210","deg","112231","µV","20.113","°C","1013.000","hPa","36.5","pmil","0","55.690","deg","20.000","°C","100.000","%a.s.","22.400","deg","20.000","°C","962.000","hPa","0.861","-0.02617","0.00035","0","0","13.56","Humid","35.35","0","78.50","296435.20","SABD0002000014","AAV2.0.0.13","3.0.1.1413","PSt7-10","180509-002","6/18/2019 6:15:17 AM","0000-00","0","no battery","V"
"07/13/2019","06:20:36","9","default","116269760","OXY_CH9","13.639","min","239.470","μmol/L","Humid","21.213","deg","112217","µV","20.119","°C","1013.000","hPa","36.5","pmil","0","55.690","deg","20.000","°C","100.000","%a.s.","22.400","deg","20.000","°C","962.000","hPa","0.861","-0.02617","0.00035","0","0","13.56","Humid","35.35","0","78.50","296421.30","SABD0002000014","AAV2.0.0.13","3.0.1.1413","PSt7-10","180509-002","6/18/2019 6:15:17 AM","0000-00","0","no battery","V"
"07/13/2019","06:20:37","9","default","116269760","OXY_CH9","13.655","min","239.554","μmol/L","Humid","21.211","deg","112214","µV","20.113","°C","1013.000","hPa","36.5","pmil","0","55.690","deg","20.000","°C","100.000","%a.s.","22.400","deg","20.000","°C","962.000","hPa","0.861","-0.02617","0.00035","0","0","13.56","Humid","35.35","0","78.50","296422.77","SABD0002000014","AAV2.0.0.13","3.0.1.1413","PSt7-10","180509-002","6/18/2019 6:15:17 AM","0000-00","0","no battery","V"
"07/13/2019","06:20:38","9","default","116269760","OXY_CH9","13.672","min","239.596","μmol/L","Humid","21.207","deg","112204","µV","20.119","°C","1013.000","hPa","36.5","pmil","0","55.690","deg","20.000","°C","100.000","%a.s.","22.400","deg","20.000","°C","962.000","hPa","0.861","-0.02617","0.00035","0","0","13.56","Humid","35.35","0","78.50","296419.94","SABD0002000014","AAV2.0.0.13","3.0.1.1413","PSt7-10","180509-002","6/18/2019 6:15:17 AM","0000-00","0","no battery","V"
"07/13/2019","06:20:39","9","default","116269760","OXY_CH9","13.689","min","239.575","μmol/L","Humid","21.210","deg","112185","µV","20.113","°C","1013.000","hPa","36.5","pmil","0","55.690","deg","20.000","°C","100.000","%a.s.","22.400","deg","20.000","°C","962.000","hPa","0.861","-0.02617","0.00035","0","0","13.56","Humid","35.35","0","78.50","296426.30","SABD0002000014","AAV2.0.0.13","3.0.1.1413","PSt7-10","180509-002","6/18/2019 6:15:17 AM","0000-00","0","no battery","V"
"07/13/2019","06:20:40","9","default","116269760","OXY_CH9","13.705","min","239.596","μmol/L","Humid","21.205","deg","112185","µV","20.125","°C","1013.000","hPa","36.5","pmil","0","55.690","deg","20.000","°C","100.000","%a.s.","22.400","deg","20.000","°C","962.000","hPa","0.861","-0.02617","0.00035","0","0","13.56","Humid","35.35","0","78.50","296412.63","SABD0002000014","AAV2.0.0.13","3.0.1.1413","PSt7-10","180509-002","6/18/2019 6:15:17 AM","0000-00","0","no battery","V"
"07/13/2019","06:20:41","9","default","116269760","OXY_CH9","13.723","min","239.723","μmol/L","Humid","21.203","deg","112169","µV","20.113","°C","1013.000","hPa","36.5","pmil","0","55.690","deg","20.000","°C","100.000","%a.s.","22.400","deg","20.000","°C","962.000","hPa","0.861","-0.02617","0.00035","0","0","13.56","Humid","35.35","0","78.50","296425.38","SABD0002000014","AAV2.0.0.13","3.0.1.1413","PSt7-10","180509-002","6/18/2019 6:15:17 AM","0000-00","0","no battery","V"
"07/13/2019","06:20:42","9","default","116269760","OXY_CH9","13.739","min","239.638","μmol/L","Humid","21.205","deg","112160","µV","20.119","°C","1013.000","hPa","36.5","pmil","0","55.690","deg","20.000","°C","100.000","%a.s.","22.400","deg","20.000","°C","962.000","hPa","0.861","-0.02617","0.00035","0","0","13.56","Humid","35.35","0","78.50","296414.05","SABD0002000014","AAV2.0.0.13","3.0.1.1413","PSt7-10","180509-002","6/18/2019 6:15:17 AM","0000-00","0","no battery","V"
"07/13/2019","06:20:43","9","default","116269760","OXY_CH9","13.756","min","239.807","μmol/L","Humid","21.199","deg","112154","µV","20.113","°C","1013.000","hPa","36.5","pmil","0","55.690","deg","20.000","°C","100.000","%a.s.","22.400","deg","20.000","°C","962.000","hPa","0.861","-0.02617","0.00035","0","0","13.56","Humid","35.35","0","78.50","296424.08","SABD0002000014","AAV2.0.0.13","3.0.1.1413","PSt7-10","180509-002","6/18/2019 6:15:17 AM","0000-00","0","no battery","V"
"07/13/2019","06:20:44","9","default","116269760","OXY_CH9","13.772","min","239.807","μmol/L","Humid","21.199","deg","112145","µV","20.113","°C","1013.000","hPa","36.5","pmil","0","55.690","deg","20.000","°C","100.000","%a.s.","22.400","deg","20.000","°C","962.000","hPa","0.861","-0.02617","0.00035","0","0","13.56","Humid","35.35","0","78.50","296426.78","SABD0002000014","AAV2.0.0.13","3.0.1.1413","PSt7-10","180509-002","6/18/2019 6:15:17 AM","0000-00","0","no battery","V"
"07/13/2019","06:20:45","9","default","116269760","OXY_CH9","13.789","min","239.744","μmol/L","Humid","21.198","deg","112132","µV","20.125","°C","1013.000","hPa","36.5","pmil","0","55.690","deg","20.000","°C","100.000","%a.s.","22.400","deg","20.000","°C","962.000","hPa","0.861","-0.02617","0.00035","0","0","13.56","Humid","35.35","0","78.50","296423.75","SABD0002000014","AAV2.0.0.13","3.0.1.1413","PSt7-10","180509-002","6/18/2019 6:15:17 AM","0000-00","0","no battery","V"
"07/13/2019","06:20:46","9","default","116269760","OXY_CH9","13.805","min","239.807","μmol/L","Humid","21.199","deg","112123","µV","20.113","°C","1013.000","hPa","36.5","pmil","0","55.690","deg","20.000","°C","100.000","%a.s.","22.400","deg","20.000","°C","962.000","hPa","0.861","-0.02617","0.00035","0","0","13.56","Humid","35.35","0","78.50","296421.52","SABD0002000014","AAV2.0.0.13","3.0.1.1413","PSt7-10","180509-002","6/18/2019 6:15:17 AM","0000-00","0","no battery","V"
"07/13/2019","06:20:47","9","default","116269760","OXY_CH9","13.822","min","239.934","μmol/L","Humid","21.193","deg","112117","µV","20.113","°C","1013.000","hPa","36.5","pmil","0","55.690","deg","20.000","°C","100.000","%a.s.","22.400","deg","20.000","°C","962.000","hPa","0.861","-0.02617","0.00035","0","0","13.56","Humid","35.35","0","78.50","296413.89","SABD0002000014","AAV2.0.0.13","3.0.1.1413","PSt7-10","180509-002","6/18/2019 6:15:17 AM","0000-00","0","no battery","V"
"07/13/2019","06:20:48","9","default","116269760","OXY_CH9","13.839","min","239.892","μmol/L","Humid","21.193","deg","112109","µV","20.119","°C","1013.000","hPa","36.5","pmil","0","55.690","deg","20.000","°C","100.000","%a.s.","22.400","deg","20.000","°C","962.000","hPa","0.861","-0.02617","0.00035","0","0","13.56","Humid","35.35","0","78.50","296416.13","SABD0002000014","AAV2.0.0.13","3.0.1.1413","PSt7-10","180509-002","6/18/2019 6:15:17 AM","0000-00","0","no battery","V"
"07/13/2019","06:20:49","9","default","116269760","OXY_CH9","13.856","min","239.892","μmol/L","Humid","21.193","deg","112087","µV","20.119","°C","1013.000","hPa","36.5","pmil","0","55.690","deg","20.000","°C","100.000","%a.s.","22.400","deg","20.000","°C","962.000","hPa","0.861","-0.02617","0.00035","0","0","13.56","Humid","35.35","0","78.50","296419.36","SABD0002000014","AAV2.0.0.13","3.0.1.1413","PSt7-10","180509-002","6/18/2019 6:15:17 AM","0000-00","0","no battery","V"
"07/13/2019","06:20:50","9","default","116269760","OXY_CH9","13.872","min","239.934","μmol/L","Humid","21.191","deg","112088","µV","20.119","°C","1013.000","hPa","36.5","pmil","0","55.690","deg","20.000","°C","100.000","%a.s.","22.400","deg","20.000","°C","962.000","hPa","0.861","-0.02617","0.00035","0","0","13.56","Humid","35.35","0","78.50","296422.39","SABD0002000014","AAV2.0.0.13","3.0.1.1413","PSt7-10","180509-002","6/18/2019 6:15:17 AM","0000-00","0","no battery","V"
"07/13/2019","06:20:51","9","default","116269760","OXY_CH9","13.889","min","239.891","μmol/L","Humid","21.191","deg","112075","µV","20.125","°C","1013.000","hPa","36.5","pmil","0","55.690","deg","20.000","°C","100.000","%a.s.","22.400","deg","20.000","°C","962.000","hPa","0.861","-0.02617","0.00035","0","0","13.56","Humid","35.35","0","78.50","296429.90","SABD0002000014","AAV2.0.0.13","3.0.1.1413","PSt7-10","180509-002","6/18/2019 6:15:17 AM","0000-00","0","no battery","V"
"07/13/2019","06:20:52","9","default","116269760","OXY_CH9","13.906","min","239.955","μmol/L","Humid","21.190","deg","112065","µV","20.119","°C","1013.000","hPa","36.5","pmil","0","55.690","deg","20.000","°C","100.000","%a.s.","22.400","deg","20.000","°C","962.000","hPa","0.861","-0.02617","0.00035","0","0","13.56","Humid","35.35","0","78.50","296416.38","SABD0002000014","AAV2.0.0.13","3.0.1.1413","PSt7-10","180509-002","6/18/2019 6:15:17 AM","0000-00","0","no battery","V"
"07/13/2019","06:20:53","9","default","116269760","OXY_CH9","13.923","min","239.997","μmol/L","Humid","21.188","deg","112064","µV","20.119","°C","1013.000","hPa","36.5","pmil","0","55.690","deg","20.000","°C","100.000","%a.s.","22.400","deg","20.000","°C","962.000","hPa","0.861","-0.02617","0.00035","0","0","13.56","Humid","35.35","0","78.50","296416.41","SABD0002000014","AAV2.0.0.13","3.0.1.1413","PSt7-10","180509-002","6/18/2019 6:15:17 AM","0000-00","0","no battery","V"
"07/13/2019","06:20:54","9","default","116269760","OXY_CH9","13.939","min","240.018","μmol/L","Humid","21.187","deg","112052","µV","20.119","°C","1013.000","hPa","36.5","pmil","0","55.690","deg","20.000","°C","100.000","%a.s.","22.400","deg","20.000","°C","962.000","hPa","0.861","-0.02617","0.00035","0","0","13.56","Humid","35.35","0","78.50","296415.78","SABD0002000014","AAV2.0.0.13","3.0.1.1413","PSt7-10","180509-002","6/18/2019 6:15:17 AM","0000-00","0","no battery","V"
"07/13/2019","06:20:55","9","default","116269760","OXY_CH9","13.956","min","240.103","μmol/L","Humid","21.183","deg","112046","µV","20.119","°C","1013.000","hPa","36.5","pmil","0","55.690","deg","20.000","°C","100.000","%a.s.","22.400","deg","20.000","°C","962.000","hPa","0.861","-0.02617","0.00035","0","0","13.56","Humid","35.35","0","78.50","296420.73","SABD0002000014","AAV2.0.0.13","3.0.1.1413","PSt7-10","180509-002","6/18/2019 6:15:17 AM","0000-00","0","no battery","V"
"07/13/2019","06:20:56","9","default","116269760","OXY_CH9","13.972","min","240.124","μmol/L","Humid","21.182","deg","112029","µV","20.119","°C","1013.000","hPa","36.5","pmil","0","55.690","deg","20.000","°C","100.000","%a.s.","22.400","deg","20.000","°C","962.000","hPa","0.861","-0.02617","0.00035","0","0","13.56","Humid","35.35","0","78.50","296416.11","SABD0002000014","AAV2.0.0.13","3.0.1.1413","PSt7-10","180509-002","6/18/2019 6:15:17 AM","0000-00","0","no battery","V"
"07/13/2019","06:20:57","9","default","116269760","OXY_CH9","13.989","min","240.166","μmol/L","Humid","21.182","deg","112016","µV","20.113","°C","1013.000","hPa","36.5","pmil","0","55.690","deg","20.000","°C","100.000","%a.s.","22.400","deg","20.000","°C","962.000","hPa","0.861","-0.02617","0.00035","0","0","13.56","Humid","35.35","0","78.50","296409.14","SABD0002000014","AAV2.0.0.13","3.0.1.1413","PSt7-10","180509-002","6/18/2019 6:15:17 AM","0000-00","0","no battery","V"
"07/13/2019","06:20:58","9","default","116269760","OXY_CH9","14.006","min","240.102","μmol/L","Humid","21.179","deg","112012","µV","20.132","°C","1013.000","hPa","36.5","pmil","0","55.690","deg","20.000","°C","100.000","%a.s.","22.400","deg","20.000","°C","962.000","hPa","0.861","-0.02617","0.00035","0","0","13.56","Humid","35.35","0","78.50","296405.93","SABD0002000014","AAV2.0.0.13","3.0.1.1413","PSt7-10","180509-002","6/18/2019 6:15:17 AM","0000-00","0","no battery","V"
"07/13/2019","06:20:59","9","default","116269760","OXY_CH9","14.022","min","240.145","μmol/L","Humid","21.181","deg","111994","µV","20.119","°C","1013.000","hPa","36.5","pmil","0","55.690","deg","20.000","°C","100.000","%a.s.","22.400","deg","20.000","°C","962.000","hPa","0.861","-0.02617","0.00035","0","0","13.56","Humid","35.35","0","78.50","296392.83","SABD0002000014","AAV2.0.0.13","3.0.1.1413","PSt7-10","180509-002","6/18/2019 6:15:17 AM","0000-00","0","no battery","V"
"07/13/2019","06:21:00","9","default","116269760","OXY_CH9","14.039","min","240.166","μmol/L","Humid","21.178","deg","111995","µV","20.125","°C","1013.000","hPa","36.5","pmil","0","55.690","deg","20.000","°C","100.000","%a.s.","22.400","deg","20.000","°C","962.000","hPa","0.861","-0.02617","0.00035","0","0","13.56","Humid","35.35","0","78.50","296405.84","SABD0002000014","AAV2.0.0.13","3.0.1.1413","PSt7-10","180509-002","6/18/2019 6:15:17 AM","0000-00","0","no battery","V"
"07/13/2019","06:21:01","9","default","116269760","OXY_CH9","14.055","min","240.166","μmol/L","Humid","21.176","deg","111981","µV","20.132","°C","1013.000","hPa","36.5","pmil","0","55.690","deg","20.000","°C","100.000","%a.s.","22.400","deg","20.000","°C","962.000","hPa","0.861","-0.02617","0.00035","0","0","13.56","Humid","35.35","0","78.50","296394.03","SABD0002000014","AAV2.0.0.13","3.0.1.1413","PSt7-10","180509-002","6/18/2019 6:15:17 AM","0000-00","0","no battery","V"
"07/13/2019","06:21:02","9","default","116269760","OXY_CH9","14.072","min","240.250","μmol/L","Humid","21.174","deg","111967","µV","20.125","°C","1013.000","hPa","36.5","pmil","0","55.690","deg","20.000","°C","100.000","%a.s.","22.400","deg","20.000","°C","962.000","hPa","0.861","-0.02617","0.00035","0","0","13.56","Humid","35.35","0","78.50","296409.85","SABD0002000014","AAV2.0.0.13","3.0.1.1413","PSt7-10","180509-002","6/18/2019 6:15:17 AM","0000-00","0","no battery","V"
"07/13/2019","06:21:03","9","default","116269760","OXY_CH9","14.089","min","240.335","μmol/L","Humid","21.172","deg","111960","µV","20.119","°C","1013.000","hPa","36.5","pmil","0","55.690","deg","20.000","°C","100.000","%a.s.","22.400","deg","20.000","°C","962.000","hPa","0.861","-0.02617","0.00035","0","0","13.56","Humid","35.35","0","78.50","296411.73","SABD0002000014","AAV2.0.0.13","3.0.1.1413","PSt7-10","180509-002","6/18/2019 6:15:17 AM","0000-00","0","no battery","V"
"07/13/2019","06:21:04","9","default","116269760","OXY_CH9","14.106","min","240.335","μmol/L","Humid","21.172","deg","111960","µV","20.119","°C","1013.000","hPa","36.5","pmil","0","55.690","deg","20.000","°C","100.000","%a.s.","22.400","deg","20.000","°C","962.000","hPa","0.861","-0.02617","0.00035","0","0","13.56","Humid","35.35","0","78.50","296401.91","SABD0002000014","AAV2.0.0.13","3.0.1.1413","PSt7-10","180509-002","6/18/2019 6:15:17 AM","0000-00","0","no battery","V"
"07/13/2019","06:21:05","9","default","116269760","OXY_CH9","14.122","min","240.378","μmol/L","Humid","21.170","deg","111957","µV","20.119","°C","1013.000","hPa","36.5","pmil","0","55.690","deg","20.000","°C","100.000","%a.s.","22.400","deg","20.000","°C","962.000","hPa","0.861","-0.02617","0.00035","0","0","13.56","Humid","35.35","0","78.50","296410.79","SABD0002000014","AAV2.0.0.13","3.0.1.1413","PSt7-10","180509-002","6/18/2019 6:15:17 AM","0000-00","0","no battery","V"
"07/13/2019","06:21:06","9","default","116269760","OXY_CH9","14.139","min","240.420","μmol/L","Humid","21.168","deg","111943","µV","20.119","°C","1013.000","hPa","36.5","pmil","0","55.690","deg","20.000","°C","100.000","%a.s.","22.400","deg","20.000","°C","962.000","hPa","0.861","-0.02617","0.00035","0","0","13.56","Humid","35.35","0","78.50","296409.00","SABD0002000014","AAV2.0.0.13","3.0.1.1413","PSt7-10","180509-002","6/18/2019 6:15:17 AM","0000-00","0","no battery","V"
"07/13/2019","06:21:07","9","default","116269760","OXY_CH9","14.155","min","240.441","μmol/L","Humid","21.167","deg","111919","µV","20.119","°C","1013.000","hPa","36.5","pmil","0","55.690","deg","20.000","°C","100.000","%a.s.","22.400","deg","20.000","°C","962.000","hPa","0.861","-0.02617","0.00035","0","0","13.56","Humid","35.35","0","78.50","296389.99","SABD0002000014","AAV2.0.0.13","3.0.1.1413","PSt7-10","180509-002","6/18/2019 6:15:17 AM","0000-00","0","no battery","V"
"07/13/2019","06:21:08","9","default","116269760","OXY_CH9","14.173","min","240.547","μmol/L","Humid","21.162","deg","111910","µV","20.119","°C","1013.000","hPa","36.5","pmil","0","55.690","deg","20.000","°C","100.000","%a.s.","22.400","deg","20.000","°C","962.000","hPa","0.861","-0.02617","0.00035","0","0","13.56","Humid","35.35","0","78.50","296392.04","SABD0002000014","AAV2.0.0.13","3.0.1.1413","PSt7-10","180509-002","6/18/2019 6:15:17 AM","0000-00","0","no battery","V"
"07/13/2019","06:21:09","9","default","116269760","OXY_CH9","14.189","min","240.526","μmol/L","Humid","21.161","deg","111904","µV","20.125","°C","1013.000","hPa","36.5","pmil","0","55.690","deg","20.000","°C","100.000","%a.s.","22.400","deg","20.000","°C","962.000","hPa","0.861","-0.02617","0.00035","0","0","13.56","Humid","35.35","0","78.50","296402.06","SABD0002000014","AAV2.0.0.13","3.0.1.1413","PSt7-10","180509-002","6/18/2019 6:15:17 AM","0000-00","0","no battery","V"
"07/13/2019","06:21:10","9","default","116269760","OXY_CH9","14.205","min","240.504","μmol/L","Humid","21.162","deg","111893","µV","20.125","°C","1013.000","hPa","36.5","pmil","0","55.690","deg","20.000","°C","100.000","%a.s.","22.400","deg","20.000","°C","962.000","hPa","0.861","-0.02617","0.00035","0","0","13.56","Humid","35.35","0","78.50","296396.62","SABD0002000014","AAV2.0.0.13","3.0.1.1413","PSt7-10","180509-002","6/18/2019 6:15:17 AM","0000-00","0","no battery","V"
"07/13/2019","06:21:11","9","default","116269760","OXY_CH9","14.223","min","240.589","μmol/L","Humid","21.160","deg","111883","µV","20.119","°C","1013.000","hPa","36.5","pmil","0","55.690","deg","20.000","°C","100.000","%a.s.","22.400","deg","20.000","°C","962.000","hPa","0.861","-0.02617","0.00035","0","0","13.56","Humid","35.35","0","78.50","296424.03","SABD0002000014","AAV2.0.0.13","3.0.1.1413","PSt7-10","180509-002","6/18/2019 6:15:17 AM","0000-00","0","no battery","V"
"07/13/2019","06:21:12","9","default","116269760","OXY_CH9","14.239","min","240.589","μmol/L","Humid","21.158","deg","111872","µV","20.125","°C","1013.000","hPa","36.5","pmil","0","55.690","deg","20.000","°C","100.000","%a.s.","22.400","deg","20.000","°C","962.000","hPa","0.861","-0.02617","0.00035","0","0","13.56","Humid","35.35","0","78.50","296401.42","SABD0002000014","AAV2.0.0.13","3.0.1.1413","PSt7-10","180509-002","6/18/2019 6:15:17 AM","0000-00","0","no battery","V"
"07/13/2019","06:21:13","9","default","116269760","OXY_CH9","14.255","min","240.611","μmol/L","Humid","21.159","deg","111861","µV","20.119","°C","1013.000","hPa","36.5","pmil","0","55.690","deg","20.000","°C","100.000","%a.s.","22.400","deg","20.000","°C","962.000","hPa","0.861","-0.02617","0.00035","0","0","13.56","Humid","35.35","0","78.50","296396.72","SABD0002000014","AAV2.0.0.13","3.0.1.1413","PSt7-10","180509-002","6/18/2019 6:15:17 AM","0000-00","0","no battery","V"
"07/13/2019","06:21:14","9","default","116269760","OXY_CH9","14.272","min","240.526","μmol/L","Humid","21.161","deg","111859","µV","20.125","°C","1013.000","hPa","36.5","pmil","0","55.690","deg","20.000","°C","100.000","%a.s.","22.400","deg","20.000","°C","962.000","hPa","0.861","-0.02617","0.00035","0","0","13.56","Humid","35.35","0","78.50","296414.49","SABD0002000014","AAV2.0.0.13","3.0.1.1413","PSt7-10","180509-002","6/18/2019 6:15:17 AM","0000-00","0","no battery","V"
"07/13/2019","06:21:15","9","default","116269760","OXY_CH9","14.289","min","240.717","μmol/L","Humid","21.154","deg","111844","µV","20.119","°C","1013.000","hPa","36.5","pmil","0","55.690","deg","20.000","°C","100.000","%a.s.","22.400","deg","20.000","°C","962.000","hPa","0.861","-0.02617","0.00035","0","0","13.56","Humid","35.35","0","78.50","296397.25","SABD0002000014","AAV2.0.0.13","3.0.1.1413","PSt7-10","180509-002","6/18/2019 6:15:17 AM","0000-00","0","no battery","V"
"07/13/2019","06:21:16","9","default","116269760","OXY_CH9","14.306","min","240.653","μmol/L","Humid","21.153","deg","111830","µV","20.132","°C","1013.000","hPa","36.5","pmil","0","55.690","deg","20.000","°C","100.000","%a.s.","22.400","deg","20.000","°C","962.000","hPa","0.861","-0.02617","0.00035","0","0","13.56","Humid","35.35","0","78.50","296399.56","SABD0002000014","AAV2.0.0.13","3.0.1.1413","PSt7-10","180509-002","6/18/2019 6:15:17 AM","0000-00","0","no battery","V"
"07/13/2019","06:21:17","9","default","116269760","OXY_CH9","14.322","min","240.844","μmol/L","Humid","21.148","deg","111837","µV","20.119","°C","1013.000","hPa","36.5","pmil","0","55.690","deg","20.000","°C","100.000","%a.s.","22.400","deg","20.000","°C","962.000","hPa","0.861","-0.02617","0.00035","0","0","13.56","Humid","35.35","0","78.50","296406.06","SABD0002000014","AAV2.0.0.13","3.0.1.1413","PSt7-10","180509-002","6/18/2019 6:15:17 AM","0000-00","0","no battery","V"
"07/13/2019","06:21:18","9","default","116269760","OXY_CH9","14.339","min","240.823","μmol/L","Humid","21.149","deg","111821","µV","20.119","°C","1013.000","hPa","36.5","pmil","0","55.690","deg","20.000","°C","100.000","%a.s.","22.400","deg","20.000","°C","962.000","hPa","0.861","-0.02617","0.00035","0","0","13.56","Humid","35.35","0","78.50","296402.45","SABD0002000014","AAV2.0.0.13","3.0.1.1413","PSt7-10","180509-002","6/18/2019 6:15:17 AM","0000-00","0","no battery","V"
"07/13/2019","06:21:19","9","default","116269760","OXY_CH9","14.356","min","240.823","μmol/L","Humid","21.149","deg","111810","µV","20.119","°C","1013.000","hPa","36.5","pmil","0","55.690","deg","20.000","°C","100.000","%a.s.","22.400","deg","20.000","°C","962.000","hPa","0.861","-0.02617","0.00035","0","0","13.56","Humid","35.35","0","78.50","296408.33","SABD0002000014","AAV2.0.0.13","3.0.1.1413","PSt7-10","180509-002","6/18/2019 6:15:17 AM","0000-00","0","no battery","V"
"07/13/2019","06:21:20","9","default","116269760","OXY_CH9","14.372","min","240.907","μmol/L","Humid","21.145","deg","111802","µV","20.119","°C","1013.000","hPa","36.5","pmil","0","55.690","deg","20.000","°C","100.000","%a.s.","22.400","deg","20.000","°C","962.000","hPa","0.861","-0.02617","0.00035","0","0","13.56","Humid","35.35","0","78.50","296403.78","SABD0002000014","AAV2.0.0.13","3.0.1.1413","PSt7-10","180509-002","6/18/2019 6:15:17 AM","0000-00","0","no battery","V"
"07/13/2019","06:21:21","9","default","116269760","OXY_CH9","14.389","min","240.886","μmol/L","Humid","21.146","deg","111792","µV","20.119","°C","1013.000","hPa","36.5","pmil","0","55.690","deg","20.000","°C","100.000","%a.s.","22.400","deg","20.000","°C","962.000","hPa","0.861","-0.02617","0.00035","0","0","13.56","Humid","35.35","0","78.50","296395.94","SABD0002000014","AAV2.0.0.13","3.0.1.1413","PSt7-10","180509-002","6/18/2019 6:15:17 AM","0000-00","0","no battery","V"
"07/13/2019","06:21:22","9","default","116269760","OXY_CH9","14.406","min","240.886","μmol/L","Humid","21.144","deg","111793","µV","20.125","°C","1013.000","hPa","36.5","pmil","0","55.690","deg","20.000","°C","100.000","%a.s.","22.400","deg","20.000","°C","962.000","hPa","0.861","-0.02617","0.00035","0","0","13.56","Humid","35.35","0","78.50","296401.33","SABD0002000014","AAV2.0.0.13","3.0.1.1413","PSt7-10","180509-002","6/18/2019 6:15:17 AM","0000-00","0","no battery","V"
"07/13/2019","06:21:23","9","default","116269760","OXY_CH9","14.422","min","240.886","μmol/L","Humid","21.146","deg","111774","µV","20.119","°C","1013.000","hPa","36.5","pmil","0","55.690","deg","20.000","°C","100.000","%a.s.","22.400","deg","20.000","°C","962.000","hPa","0.861","-0.02617","0.00035","0","0","13.56","Humid","35.35","0","78.50","296405.40","SABD0002000014","AAV2.0.0.13","3.0.1.1413","PSt7-10","180509-002","6/18/2019 6:15:17 AM","0000-00","0","no battery","V"
"07/13/2019","06:21:24","9","default","116269760","OXY_CH9","14.439","min","240.822","μmol/L","Humid","21.147","deg","111764","µV","20.125","°C","1013.000","hPa","36.5","pmil","0","55.690","deg","20.000","°C","100.000","%a.s.","22.400","deg","20.000","°C","962.000","hPa","0.861","-0.02617","0.00035","0","0","13.56","Humid","35.35","0","78.50","296389.70","SABD0002000014","AAV2.0.0.13","3.0.1.1413","PSt7-10","180509-002","6/18/2019 6:15:17 AM","0000-00","0","no battery","V"
"07/13/2019","06:21:25","9","default","116269760","OXY_CH9","14.456","min","241.099","μmol/L","Humid","21.138","deg","111767","µV","20.113","°C","1013.000","hPa","36.5","pmil","0","55.690","deg","20.000","°C","100.000","%a.s.","22.400","deg","20.000","°C","962.000","hPa","0.861","-0.02617","0.00035","0","0","13.56","Humid","35.35","0","78.50","296395.31","SABD0002000014","AAV2.0.0.13","3.0.1.1413","PSt7-10","180509-002","6/18/2019 6:15:17 AM","0000-00","0","no battery","V"
"07/13/2019","06:21:26","9","default","116269760","OXY_CH9","14.473","min","241.013","μmol/L","Humid","21.138","deg","111746","µV","20.125","°C","1013.000","hPa","36.5","pmil","0","55.690","deg","20.000","°C","100.000","%a.s.","22.400","deg","20.000","°C","962.000","hPa","0.861","-0.02617","0.00035","0","0","13.56","Humid","35.35","0","78.50","296392.24","SABD0002000014","AAV2.0.0.13","3.0.1.1413","PSt7-10","180509-002","6/18/2019 6:15:17 AM","0000-00","0","no battery","V"
"07/13/2019","06:21:27","9","default","116269760","OXY_CH9","14.489","min","241.077","μmol/L","Humid","21.137","deg","111734","µV","20.119","°C","1013.000","hPa","36.5","pmil","0","55.690","deg","20.000","°C","100.000","%a.s.","22.400","deg","20.000","°C","962.000","hPa","0.861","-0.02617","0.00035","0","0","13.56","Humid","35.35","0","78.50","296375.53","SABD0002000014","AAV2.0.0.13","3.0.1.1413","PSt7-10","180509-002","6/18/2019 6:15:17 AM","0000-00","0","no battery","V"
"07/13/2019","06:21:28","9","default","116269760","OXY_CH9","14.506","min","241.013","μmol/L","Humid","21.138","deg","111738","µV","20.125","°C","1013.000","hPa","36.5","pmil","0","55.690","deg","20.000","°C","100.000","%a.s.","22.400","deg","20.000","°C","962.000","hPa","0.861","-0.02617","0.00035","0","0","13.56","Humid","35.35","0","78.50","296395.07","SABD0002000014","AAV2.0.0.13","3.0.1.1413","PSt7-10","180509-002","6/18/2019 6:15:17 AM","0000-00","0","no battery","V"
"07/13/2019","06:21:29","9","default","116269760","OXY_CH9","14.522","min","241.077","μmol/L","Humid","21.135","deg","111721","µV","20.125","°C","1013.000","hPa","36.5","pmil","0","55.690","deg","20.000","°C","100.000","%a.s.","22.400","deg","20.000","°C","962.000","hPa","0.861","-0.02617","0.00035","0","0","13.56","Humid","35.35","0","78.50","296381.97","SABD0002000014","AAV2.0.0.13","3.0.1.1413","PSt7-10","180509-002","6/18/2019 6:15:17 AM","0000-00","0","no battery","V"
"07/13/2019","06:21:30","9","default","116269760","OXY_CH9","14.539","min","241.077","μmol/L","Humid","21.133","deg","111714","µV","20.132","°C","1013.000","hPa","36.5","pmil","0","55.690","deg","20.000","°C","100.000","%a.s.","22.400","deg","20.000","°C","962.000","hPa","0.861","-0.02617","0.00035","0","0","13.56","Humid","35.35","0","78.50","296385.61","SABD0002000014","AAV2.0.0.13","3.0.1.1413","PSt7-10","180509-002","6/18/2019 6:15:17 AM","0000-00","0","no battery","V"
"07/13/2019","06:21:31","9","default","116269760","OXY_CH9","14.555","min","241.120","μmol/L","Humid","21.133","deg","111701","µV","20.125","°C","1013.000","hPa","36.5","pmil","0","55.690","deg","20.000","°C","100.000","%a.s.","22.400","deg","20.000","°C","962.000","hPa","0.861","-0.02617","0.00035","0","0","13.56","Humid","35.35","0","78.50","296383.40","SABD0002000014","AAV2.0.0.13","3.0.1.1413","PSt7-10","180509-002","6/18/2019 6:15:17 AM","0000-00","0","no battery","V"
"07/13/2019","06:21:32","9","default","116269760","OXY_CH9","14.572","min","241.183","μmol/L","Humid","21.130","deg","111701","µV","20.125","°C","1013.000","hPa","36.5","pmil","0","55.690","deg","20.000","°C","100.000","%a.s.","22.400","deg","20.000","°C","962.000","hPa","0.861","-0.02617","0.00035","0","0","13.56","Humid","35.35","0","78.50","296392.98","SABD0002000014","AAV2.0.0.13","3.0.1.1413","PSt7-10","180509-002","6/18/2019 6:15:17 AM","0000-00","0","no battery","V"
"07/13/2019","06:21:33","9","default","116269760","OXY_CH9","14.589","min","241.183","μmol/L","Humid","21.130","deg","111690","µV","20.125","°C","1013.000","hPa","36.5","pmil","0","55.690","deg","20.000","°C","100.000","%a.s.","22.400","deg","20.000","°C","962.000","hPa","0.861","-0.02617","0.00035","0","0","13.56","Humid","35.35","0","78.50","296399.72","SABD0002000014","AAV2.0.0.13","3.0.1.1413","PSt7-10","180509-002","6/18/2019 6:15:17 AM","0000-00","0","no battery","V"
"07/13/2019","06:21:34","9","default","116269760","OXY_CH9","14.606","min","241.183","μmol/L","Humid","21.128","deg","111673","µV","20.132","°C","1013.000","hPa","36.5","pmil","0","55.690","deg","20.000","°C","100.000","%a.s.","22.400","deg","20.000","°C","962.000","hPa","0.861","-0.02617","0.00035","0","0","13.56","Humid","35.35","0","78.50","296390.27","SABD0002000014","AAV2.0.0.13","3.0.1.1413","PSt7-10","180509-002","6/18/2019 6:15:17 AM","0000-00","0","no battery","V"
"07/13/2019","06:21:35","9","default","116269760","OXY_CH9","14.622","min","241.247","μmol/L","Humid","21.127","deg","111666","µV","20.125","°C","1013.000","hPa","36.5","pmil","0","55.690","deg","20.000","°C","100.000","%a.s.","22.400","deg","20.000","°C","962.000","hPa","0.861","-0.02617","0.00035","0","0","13.56","Humid","35.35","0","78.50","296382.84","SABD0002000014","AAV2.0.0.13","3.0.1.1413","PSt7-10","180509-002","6/18/2019 6:15:17 AM","0000-00","0","no battery","V"
"07/13/2019","06:21:36","9","default","116269760","OXY_CH9","14.639","min","241.354","μmol/L","Humid","21.124","deg","111657","µV","20.119","°C","1013.000","hPa","36.5","pmil","0","55.690","deg","20.000","°C","100.000","%a.s.","22.400","deg","20.000","°C","962.000","hPa","0.861","-0.02617","0.00035","0","0","13.56","Humid","35.35","0","78.50","296385.38","SABD0002000014","AAV2.0.0.13","3.0.1.1413","PSt7-10","180509-002","6/18/2019 6:15:17 AM","0000-00","0","no battery","V"
"07/13/2019","06:21:37","9","default","116269760","OXY_CH9","14.656","min","241.268","μmol/L","Humid","21.124","deg","111660","µV","20.132","°C","1013.000","hPa","36.5","pmil","0","55.690","deg","20.000","°C","100.000","%a.s.","22.400","deg","20.000","°C","962.000","hPa","0.861","-0.02617","0.00035","0","0","13.56","Humid","35.35","0","78.50","296388.23","SABD0002000014","AAV2.0.0.13","3.0.1.1413","PSt7-10","180509-002","6/18/2019 6:15:17 AM","0000-00","0","no battery","V"
"07/13/2019","06:21:38","9","default","116269760","OXY_CH9","14.672","min","241.375","μmol/L","Humid","21.123","deg","111636","µV","20.119","°C","1013.000","hPa","36.5","pmil","0","55.690","deg","20.000","°C","100.000","%a.s.","22.400","deg","20.000","°C","962.000","hPa","0.861","-0.02617","0.00035","0","0","13.56","Humid","35.35","0","78.50","296376.41","SABD0002000014","AAV2.0.0.13","3.0.1.1413","PSt7-10","180509-002","6/18/2019 6:15:17 AM","0000-00","0","no battery","V"
"07/13/2019","06:21:39","9","default","116269760","OXY_CH9","14.689","min","241.375","μmol/L","Humid","21.121","deg","111640","µV","20.125","°C","1013.000","hPa","36.5","pmil","0","55.690","deg","20.000","°C","100.000","%a.s.","22.400","deg","20.000","°C","962.000","hPa","0.861","-0.02617","0.00035","0","0","13.56","Humid","35.35","0","78.50","296401.41","SABD0002000014","AAV2.0.0.13","3.0.1.1413","PSt7-10","180509-002","6/18/2019 6:15:17 AM","0000-00","0","no battery","V"
"07/13/2019","06:21:40","9","default","116269760","OXY_CH9","14.705","min","241.332","μmol/L","Humid","21.121","deg","111628","µV","20.132","°C","1013.000","hPa","36.5","pmil","0","55.690","deg","20.000","°C","100.000","%a.s.","22.400","deg","20.000","°C","962.000","hPa","0.861","-0.02617","0.00035","0","0","13.56","Humid","35.35","0","78.50","296394.73","SABD0002000014","AAV2.0.0.13","3.0.1.1413","PSt7-10","180509-002","6/18/2019 6:15:17 AM","0000-00","0","no battery","V"
"07/13/2019","06:21:41","9","default","116269760","OXY_CH9","14.723","min","241.439","μmol/L","Humid","21.118","deg","111621","µV","20.125","°C","1013.000","hPa","36.5","pmil","0","55.690","deg","20.000","°C","100.000","%a.s.","22.400","deg","20.000","°C","962.000","hPa","0.861","-0.02617","0.00035","0","0","13.56","Humid","35.35","0","78.50","296391.26","SABD0002000014","AAV2.0.0.13","3.0.1.1413","PSt7-10","180509-002","6/18/2019 6:15:17 AM","0000-00","0","no battery","V"
"07/13/2019","06:21:42","9","default","116269760","OXY_CH9","14.739","min","241.417","μmol/L","Humid","21.119","deg","111599","µV","20.125","°C","1013.000","hPa","36.5","pmil","0","55.690","deg","20.000","°C","100.000","%a.s.","22.400","deg","20.000","°C","962.000","hPa","0.861","-0.02617","0.00035","0","0","13.56","Humid","35.35","0","78.50","296384.16","SABD0002000014","AAV2.0.0.13","3.0.1.1413","PSt7-10","180509-002","6/18/2019 6:15:17 AM","0000-00","0","no battery","V"
"07/13/2019","06:21:43","9","default","116269760","OXY_CH9","14.756","min","241.609","μmol/L","Humid","21.112","deg","111595","µV","20.119","°C","1013.000","hPa","36.5","pmil","0","55.690","deg","20.000","°C","100.000","%a.s.","22.400","deg","20.000","°C","962.000","hPa","0.861","-0.02617","0.00035","0","0","13.56","Humid","35.35","0","78.50","296381.22","SABD0002000014","AAV2.0.0.13","3.0.1.1413","PSt7-10","180509-002","6/18/2019 6:15:17 AM","0000-00","0","no battery","V"
"07/13/2019","06:21:44","9","default","116269760","OXY_CH9","14.773","min","241.524","μmol/L","Humid","21.114","deg","111580","µV","20.125","°C","1013.000","hPa","36.5","pmil","0","55.690","deg","20.000","°C","100.000","%a.s.","22.400","deg","20.000","°C","962.000","hPa","0.861","-0.02617","0.00035","0","0","13.56","Humid","35.35","0","78.50","296392.22","SABD0002000014","AAV2.0.0.13","3.0.1.1413","PSt7-10","180509-002","6/18/2019 6:15:17 AM","0000-00","0","no battery","V"
"07/13/2019","06:21:45","9","default","116269760","OXY_CH9","14.789","min","241.545","μmol/L","Humid","21.113","deg","111572","µV","20.125","°C","1013.000","hPa","36.5","pmil","0","55.690","deg","20.000","°C","100.000","%a.s.","22.400","deg","20.000","°C","962.000","hPa","0.861","-0.02617","0.00035","0","0","13.56","Humid","35.35","0","78.50","296379.24","SABD0002000014","AAV2.0.0.13","3.0.1.1413","PSt7-10","180509-002","6/18/2019 6:15:17 AM","0000-00","0","no battery","V"
"07/13/2019","06:21:46","9","default","116269760","OXY_CH9","14.805","min","241.545","μmol/L","Humid","21.111","deg","111562","µV","20.132","°C","1013.000","hPa","36.5","pmil","0","55.690","deg","20.000","°C","100.000","%a.s.","22.400","deg","20.000","°C","962.000","hPa","0.861","-0.02617","0.00035","0","0","13.56","Humid","35.35","0","78.50","296378.61","SABD0002000014","AAV2.0.0.13","3.0.1.1413","PSt7-10","180509-002","6/18/2019 6:15:17 AM","0000-00","0","no battery","V"
"07/13/2019","06:21:47","9","default","116269760","OXY_CH9","14.822","min","241.588","μmol/L","Humid","21.111","deg","111558","µV","20.125","°C","1013.000","hPa","36.5","pmil","0","55.690","deg","20.000","°C","100.000","%a.s.","22.400","deg","20.000","°C","962.000","hPa","0.861","-0.02617","0.00035","0","0","13.56","Humid","35.35","0","78.50","296369.40","SABD0002000014","AAV2.0.0.13","3.0.1.1413","PSt7-10","180509-002","6/18/2019 6:15:17 AM","0000-00","0","no battery","V"
"07/13/2019","06:21:48","9","default","116269760","OXY_CH9","14.839","min","241.609","μmol/L","Humid","21.108","deg","111549","µV","20.132","°C","1013.000","hPa","36.5","pmil","0","55.690","deg","20.000","°C","100.000","%a.s.","22.400","deg","20.000","°C","962.000","hPa","0.861","-0.02617","0.00035","0","0","13.56","Humid","35.35","0","78.50","296389.67","SABD0002000014","AAV2.0.0.13","3.0.1.1413","PSt7-10","180509-002","6/18/2019 6:15:17 AM","0000-00","0","no battery","V"
"07/13/2019","06:21:49","9","default","116269760","OXY_CH9","14.856","min","241.673","μmol/L","Humid","21.109","deg","111550","µV","20.119","°C","1013.000","hPa","36.5","pmil","0","55.690","deg","20.000","°C","100.000","%a.s.","22.400","deg","20.000","°C","962.000","hPa","0.861","-0.02617","0.00035","0","0","13.56","Humid","35.35","0","78.50","296383.08","SABD0002000014","AAV2.0.0.13","3.0.1.1413","PSt7-10","180509-002","6/18/2019 6:15:17 AM","0000-00","0","no battery","V"
"07/13/2019","06:21:50","9","default","116269760","OXY_CH9","14.873","min","241.737","μmol/L","Humid","21.104","deg","111524","µV","20.125","°C","1013.000","hPa","36.5","pmil","0","55.690","deg","20.000","°C","100.000","%a.s.","22.400","deg","20.000","°C","962.000","hPa","0.861","-0.02617","0.00035","0","0","13.56","Humid","35.35","0","78.50","296378.45","SABD0002000014","AAV2.0.0.13","3.0.1.1413","PSt7-10","180509-002","6/18/2019 6:15:17 AM","0000-00","0","no battery","V"
"07/13/2019","06:21:51","9","default","116269760","OXY_CH9","14.889","min","241.737","μmol/L","Humid","21.104","deg","111523","µV","20.125","°C","1013.000","hPa","36.5","pmil","0","55.690","deg","20.000","°C","100.000","%a.s.","22.400","deg","20.000","°C","962.000","hPa","0.861","-0.02617","0.00035","0","0","13.56","Humid","35.35","0","78.50","296371.24","SABD0002000014","AAV2.0.0.13","3.0.1.1413","PSt7-10","180509-002","6/18/2019 6:15:17 AM","0000-00","0","no battery","V"
"07/13/2019","06:21:52","9","default","116269760","OXY_CH9","14.906","min","241.737","μmol/L","Humid","21.104","deg","111513","µV","20.125","°C","1013.000","hPa","36.5","pmil","0","55.690","deg","20.000","°C","100.000","%a.s.","22.400","deg","20.000","°C","962.000","hPa","0.861","-0.02617","0.00035","0","0","13.56","Humid","35.35","0","78.50","296380.30","SABD0002000014","AAV2.0.0.13","3.0.1.1413","PSt7-10","180509-002","6/18/2019 6:15:17 AM","0000-00","0","no battery","V"
"07/13/2019","06:21:53","9","default","116269760","OXY_CH9","14.922","min","241.715","μmol/L","Humid","21.103","deg","111511","µV","20.132","°C","1013.000","hPa","36.5","pmil","0","55.690","deg","20.000","°C","100.000","%a.s.","22.400","deg","20.000","°C","962.000","hPa","0.861","-0.02617","0.00035","0","0","13.56","Humid","35.35","0","78.50","296379.00","SABD0002000014","AAV2.0.0.13","3.0.1.1413","PSt7-10","180509-002","6/18/2019 6:15:17 AM","0000-00","0","no battery","V"
"07/13/2019","06:21:54","9","default","116269760","OXY_CH9","14.939","min","241.865","μmol/L","Humid","21.098","deg","111495","µV","20.125","°C","1013.000","hPa","36.5","pmil","0","55.690","deg","20.000","°C","100.000","%a.s.","22.400","deg","20.000","°C","962.000","hPa","0.861","-0.02617","0.00035","0","0","13.56","Humid","35.35","0","78.50","296386.62","SABD0002000014","AAV2.0.0.13","3.0.1.1413","PSt7-10","180509-002","6/18/2019 6:15:17 AM","0000-00","0","no battery","V"
"07/13/2019","06:21:55","9","default","116269760","OXY_CH9","14.955","min","241.865","μmol/L","Humid","21.096","deg","111492","µV","20.132","°C","1013.000","hPa","36.5","pmil","0","55.690","deg","20.000","°C","100.000","%a.s.","22.400","deg","20.000","°C","962.000","hPa","0.861","-0.02617","0.00035","0","0","13.56","Humid","35.35","0","78.50","296371.76","SABD0002000014","AAV2.0.0.13","3.0.1.1413","PSt7-10","180509-002","6/18/2019 6:15:17 AM","0000-00","0","no battery","V"
"07/13/2019","06:21:56","9","default","116269760","OXY_CH9","14.972","min","241.886","μmol/L","Humid","21.095","deg","111474","µV","20.132","°C","1013.000","hPa","36.5","pmil","0","55.690","deg","20.000","°C","100.000","%a.s.","22.400","deg","20.000","°C","962.000","hPa","0.861","-0.02617","0.00035","0","0","13.56","Humid","35.35","0","78.50","296368.48","SABD0002000014","AAV2.0.0.13","3.0.1.1413","PSt7-10","180509-002","6/18/2019 6:15:17 AM","0000-00","0","no battery","V"
"07/13/2019","06:21:57","9","default","116269760","OXY_CH9","14.989","min","241.843","μmol/L","Humid","21.097","deg","111461","µV","20.132","°C","1013.000","hPa","36.5","pmil","0","55.690","deg","20.000","°C","100.000","%a.s.","22.400","deg","20.000","°C","962.000","hPa","0.861","-0.02617","0.00035","0","0","13.56","Humid","35.35","0","78.50","296377.23","SABD0002000014","AAV2.0.0.13","3.0.1.1413","PSt7-10","180509-002","6/18/2019 6:15:17 AM","0000-00","0","no battery","V"
"07/13/2019","06:21:58","9","default","116269760","OXY_CH9","15.006","min","241.843","μmol/L","Humid","21.097","deg","111465","µV","20.132","°C","1013.000","hPa","36.5","pmil","0","55.690","deg","20.000","°C","100.000","%a.s.","22.400","deg","20.000","°C","962.000","hPa","0.861","-0.02617","0.00035","0","0","13.56","Humid","35.35","0","78.50","296384.42","SABD0002000014","AAV2.0.0.13","3.0.1.1413","PSt7-10","180509-002","6/18/2019 6:15:17 AM","0000-00","0","no battery","V"
"07/13/2019","06:21:59","9","default","116269760","OXY_CH9","15.022","min","241.971","μmol/L","Humid","21.093","deg","111451","µV","20.125","°C","1013.000","hPa","36.5","pmil","0","55.690","deg","20.000","°C","100.000","%a.s.","22.400","deg","20.000","°C","962.000","hPa","0.861","-0.02617","0.00035","0","0","13.56","Humid","35.35","0","78.50","296363.01","SABD0002000014","AAV2.0.0.13","3.0.1.1413","PSt7-10","180509-002","6/18/2019 6:15:17 AM","0000-00","0","no battery","V"
"07/13/2019","06:22:00","9","default","116269760","OXY_CH9","15.039","min","241.929","μmol/L","Humid","21.093","deg","111446","µV","20.132","°C","1013.000","hPa","36.5","pmil","0","55.690","deg","20.000","°C","100.000","%a.s.","22.400","deg","20.000","°C","962.000","hPa","0.861","-0.02617","0.00035","0","0","13.56","Humid","35.35","0","78.50","296378.95","SABD0002000014","AAV2.0.0.13","3.0.1.1413","PSt7-10","180509-002","6/18/2019 6:15:17 AM","0000-00","0","no battery","V"
"07/13/2019","06:22:01","9","default","116269760","OXY_CH9","15.055","min","242.014","μmol/L","Humid","21.091","deg","111432","µV","20.125","°C","1013.000","hPa","36.5","pmil","0","55.690","deg","20.000","°C","100.000","%a.s.","22.400","deg","20.000","°C","962.000","hPa","0.861","-0.02617","0.00035","0","0","13.56","Humid","35.35","0","78.50","296366.09","SABD0002000014","AAV2.0.0.13","3.0.1.1413","PSt7-10","180509-002","6/18/2019 6:15:17 AM","0000-00","0","no battery","V"
"07/13/2019","06:22:02","9","default","116269760","OXY_CH9","15.072","min","242.014","μmol/L","Humid","21.089","deg","111426","µV","20.132","°C","1013.000","hPa","36.5","pmil","0","55.690","deg","20.000","°C","100.000","%a.s.","22.400","deg","20.000","°C","962.000","hPa","0.861","-0.02617","0.00035","0","0","13.56","Humid","35.35","0","78.50","296367.28","SABD0002000014","AAV2.0.0.13","3.0.1.1413","PSt7-10","180509-002","6/18/2019 6:15:17 AM","0000-00","0","no battery","V"
"07/13/2019","06:22:03","9","default","116269760","OXY_CH9","15.089","min","242.057","μmol/L","Humid","21.089","deg","111413","µV","20.125","°C","1013.000","hPa","36.5","pmil","0","55.690","deg","20.000","°C","100.000","%a.s.","22.400","deg","20.000","°C","962.000","hPa","0.861","-0.02617","0.00035","0","0","13.56","Humid","35.35","0","78.50","296372.86","SABD0002000014","AAV2.0.0.13","3.0.1.1413","PSt7-10","180509-002","6/18/2019 6:15:17 AM","0000-00","0","no battery","V"
"07/13/2019","06:22:04","9","default","116269760","OXY_CH9","15.106","min","242.185","μmol/L","Humid","21.085","deg","111405","µV","20.119","°C","1013.000","hPa","36.5","pmil","0","55.690","deg","20.000","°C","100.000","%a.s.","22.400","deg","20.000","°C","962.000","hPa","0.861","-0.02617","0.00035","0","0","13.56","Humid","35.35","0","78.50","296365.12","SABD0002000014","AAV2.0.0.13","3.0.1.1413","PSt7-10","180509-002","6/18/2019 6:15:17 AM","0000-00","0","no battery","V"
"07/13/2019","06:22:05","9","default","116269760","OXY_CH9","15.122","min","242.164","μmol/L","Humid","21.084","deg","111395","µV","20.125","°C","1013.000","hPa","36.5","pmil","0","55.690","deg","20.000","°C","100.000","%a.s.","22.400","deg","20.000","°C","962.000","hPa","0.861","-0.02617","0.00035","0","0","13.56","Humid","35.35","0","78.50","296365.92","SABD0002000014","AAV2.0.0.13","3.0.1.1413","PSt7-10","180509-002","6/18/2019 6:15:17 AM","0000-00","0","no battery","V"
"07/13/2019","06:22:06","9","default","116269760","OXY_CH9","15.139","min","242.271","μmol/L","Humid","21.079","deg","111394","µV","20.125","°C","1013.000","hPa","36.5","pmil","0","55.690","deg","20.000","°C","100.000","%a.s.","22.400","deg","20.000","°C","962.000","hPa","0.861","-0.02617","0.00035","0","0","13.56","Humid","35.35","0","78.50","296383.19","SABD0002000014","AAV2.0.0.13","3.0.1.1413","PSt7-10","180509-002","6/18/2019 6:15:17 AM","0000-00","0","no battery","V"
"07/13/2019","06:22:07","9","default","116269760","OXY_CH9","15.155","min","242.228","μmol/L","Humid","21.081","deg","111376","µV","20.125","°C","1013.000","hPa","36.5","pmil","0","55.690","deg","20.000","°C","100.000","%a.s.","22.400","deg","20.000","°C","962.000","hPa","0.861","-0.02617","0.00035","0","0","13.56","Humid","35.35","0","78.50","296360.97","SABD0002000014","AAV2.0.0.13","3.0.1.1413","PSt7-10","180509-002","6/18/2019 6:15:17 AM","0000-00","0","no battery","V"
"07/13/2019","06:22:08","9","default","116269760","OXY_CH9","15.173","min","242.185","μmol/L","Humid","21.083","deg","111367","µV","20.125","°C","1013.000","hPa","36.5","pmil","0","55.690","deg","20.000","°C","100.000","%a.s.","22.400","deg","20.000","°C","962.000","hPa","0.861","-0.02617","0.00035","0","0","13.56","Humid","35.35","0","78.50","296369.20","SABD0002000014","AAV2.0.0.13","3.0.1.1413","PSt7-10","180509-002","6/18/2019 6:15:17 AM","0000-00","0","no battery","V"
"07/13/2019","06:22:09","9","default","116269760","OXY_CH9","15.189","min","242.185","μmol/L","Humid","21.081","deg","111356","µV","20.132","°C","1013.000","hPa","36.5","pmil","0","55.690","deg","20.000","°C","100.000","%a.s.","22.400","deg","20.000","°C","962.000","hPa","0.861","-0.02617","0.00035","0","0","13.56","Humid","35.35","0","78.50","296366.65","SABD0002000014","AAV2.0.0.13","3.0.1.1413","PSt7-10","180509-002","6/18/2019 6:15:17 AM","0000-00","0","no battery","V"
"07/13/2019","06:22:10","9","default","116269760","OXY_CH9","15.206","min","242.270","μmol/L","Humid","21.075","deg","111351","µV","20.138","°C","1013.000","hPa","36.5","pmil","0","55.690","deg","20.000","°C","100.000","%a.s.","22.400","deg","20.000","°C","962.000","hPa","0.861","-0.02617","0.00035","0","0","13.56","Humid","35.35","0","78.50","296371.51","SABD0002000014","AAV2.0.0.13","3.0.1.1413","PSt7-10","180509-002","6/18/2019 6:15:17 AM","0000-00","0","no battery","V"
"07/13/2019","06:22:11","9","default","116269760","OXY_CH9","15.222","min","242.313","μmol/L","Humid","21.075","deg","111328","µV","20.132","°C","1013.000","hPa","36.5","pmil","0","55.690","deg","20.000","°C","100.000","%a.s.","22.400","deg","20.000","°C","962.000","hPa","0.861","-0.02617","0.00035","0","0","13.56","Humid","35.35","0","78.50","296379.04","SABD0002000014","AAV2.0.0.13","3.0.1.1413","PSt7-10","180509-002","6/18/2019 6:15:17 AM","0000-00","0","no battery","V"
"07/13/2019","06:22:12","9","default","116269760","OXY_CH9","15.239","min","242.335","μmol/L","Humid","21.074","deg","111328","µV","20.132","°C","1013.000","hPa","36.5","pmil","0","55.690","deg","20.000","°C","100.000","%a.s.","22.400","deg","20.000","°C","962.000","hPa","0.861","-0.02617","0.00035","0","0","13.56","Humid","35.35","0","78.50","296372.23","SABD0002000014","AAV2.0.0.13","3.0.1.1413","PSt7-10","180509-002","6/18/2019 6:15:17 AM","0000-00","0","no battery","V"
"07/13/2019","06:22:13","9","default","116269760","OXY_CH9","15.255","min","242.399","μmol/L","Humid","21.071","deg","111310","µV","20.132","°C","1013.000","hPa","36.5","pmil","0","55.690","deg","20.000","°C","100.000","%a.s.","22.400","deg","20.000","°C","962.000","hPa","0.861","-0.02617","0.00035","0","0","13.56","Humid","35.35","0","78.50","296368.57","SABD0002000014","AAV2.0.0.13","3.0.1.1413","PSt7-10","180509-002","6/18/2019 6:15:17 AM","0000-00","0","no battery","V"
"07/13/2019","06:22:14","9","default","116269760","OXY_CH9","15.272","min","242.356","μmol/L","Humid","21.071","deg","111309","µV","20.138","°C","1013.000","hPa","36.5","pmil","0","55.690","deg","20.000","°C","100.000","%a.s.","22.400","deg","20.000","°C","962.000","hPa","0.861","-0.02617","0.00035","0","0","13.56","Humid","35.35","0","78.50","296364.89","SABD0002000014","AAV2.0.0.13","3.0.1.1413","PSt7-10","180509-002","6/18/2019 6:15:17 AM","0000-00","0","no battery","V"
"07/13/2019","06:22:15","9","default","116269760","OXY_CH9","15.289","min","242.463","μmol/L","Humid","21.070","deg","111297","µV","20.125","°C","1013.000","hPa","36.5","pmil","0","55.690","deg","20.000","°C","100.000","%a.s.","22.400","deg","20.000","°C","962.000","hPa","0.861","-0.02617","0.00035","0","0","13.56","Humid","35.35","0","78.50","296370.51","SABD0002000014","AAV2.0.0.13","3.0.1.1413","PSt7-10","180509-002","6/18/2019 6:15:17 AM","0000-00","0","no battery","V"
"07/13/2019","06:22:16","9","default","116269760","OXY_CH9","15.305","min","242.399","μmol/L","Humid","21.071","deg","111283","µV","20.132","°C","1013.000","hPa","36.5","pmil","0","55.690","deg","20.000","°C","100.000","%a.s.","22.400","deg","20.000","°C","962.000","hPa","0.861","-0.02617","0.00035","0","0","13.56","Humid","35.35","0","78.50","296379.82","SABD0002000014","AAV2.0.0.13","3.0.1.1413","PSt7-10","180509-002","6/18/2019 6:15:17 AM","0000-00","0","no battery","V"
"07/13/2019","06:22:17","9","default","116269760","OXY_CH9","15.322","min","242.570","μmol/L","Humid","21.065","deg","111283","µV","20.125","°C","1013.000","hPa","36.5","pmil","0","55.690","deg","20.000","°C","100.000","%a.s.","22.400","deg","20.000","°C","962.000","hPa","0.861","-0.02617","0.00035","0","0","13.56","Humid","35.35","0","78.50","296362.56","SABD0002000014","AAV2.0.0.13","3.0.1.1413","PSt7-10","180509-002","6/18/2019 6:15:17 AM","0000-00","0","no battery","V"
"07/13/2019","06:22:18","9","default","116269760","OXY_CH9","15.339","min","242.570","μmol/L","Humid","21.063","deg","111269","µV","20.132","°C","1013.000","hPa","36.5","pmil","0","55.690","deg","20.000","°C","100.000","%a.s.","22.400","deg","20.000","°C","962.000","hPa","0.861","-0.02617","0.00035","0","0","13.56","Humid","35.35","0","78.50","296355.70","SABD0002000014","AAV2.0.0.13","3.0.1.1413","PSt7-10","180509-002","6/18/2019 6:15:17 AM","0000-00","0","no battery","V"
"07/13/2019","06:22:19","9","default","116269760","OXY_CH9","15.356","min","242.656","μmol/L","Humid","21.063","deg","111267","µV","20.119","°C","1013.000","hPa","36.5","pmil","0","55.690","deg","20.000","°C","100.000","%a.s.","22.400","deg","20.000","°C","962.000","hPa","0.861","-0.02617","0.00035","0","0","13.56","Humid","35.35","0","78.50","296371.71","SABD0002000014","AAV2.0.0.13","3.0.1.1413","PSt7-10","180509-002","6/18/2019 6:15:17 AM","0000-00","0","no battery","V"
"07/13/2019","06:22:20","9","default","116269760","OXY_CH9","15.372","min","242.570","μmol/L","Humid","21.065","deg","111251","µV","20.125","°C","1013.000","hPa","36.5","pmil","0","55.690","deg","20.000","°C","100.000","%a.s.","22.400","deg","20.000","°C","962.000","hPa","0.861","-0.02617","0.00035","0","0","13.56","Humid","35.35","0","78.50","296366.99","SABD0002000014","AAV2.0.0.13","3.0.1.1413","PSt7-10","180509-002","6/18/2019 6:15:17 AM","0000-00","0","no battery","V"
"07/13/2019","06:22:21","9","default","116269760","OXY_CH9","15.389","min","242.634","μmol/L","Humid","21.060","deg","111253","µV","20.132","°C","1013.000","hPa","36.5","pmil","0","55.690","deg","20.000","°C","100.000","%a.s.","22.400","deg","20.000","°C","962.000","hPa","0.861","-0.02617","0.00035","0","0","13.56","Humid","35.35","0","78.50","296382.03","SABD0002000014","AAV2.0.0.13","3.0.1.1413","PSt7-10","180509-002","6/18/2019 6:15:17 AM","0000-00","0","no battery","V"
"07/13/2019","06:22:22","9","default","116269760","OXY_CH9","15.405","min","242.677","μmol/L","Humid","21.058","deg","111243","µV","20.132","°C","1013.000","hPa","36.5","pmil","0","55.690","deg","20.000","°C","100.000","%a.s.","22.400","deg","20.000","°C","962.000","hPa","0.861","-0.02617","0.00035","0","0","13.56","Humid","35.35","0","78.50","296367.25","SABD0002000014","AAV2.0.0.13","3.0.1.1413","PSt7-10","180509-002","6/18/2019 6:15:17 AM","0000-00","0","no battery","V"
"07/13/2019","06:22:23","9","default","116269760","OXY_CH9","15.423","min","242.677","μmol/L","Humid","21.058","deg","111222","µV","20.132","°C","1013.000","hPa","36.5","pmil","0","55.690","deg","20.000","°C","100.000","%a.s.","22.400","deg","20.000","°C","962.000","hPa","0.861","-0.02617","0.00035","0","0","13.56","Humid","35.35","0","78.50","296371.35","SABD0002000014","AAV2.0.0.13","3.0.1.1413","PSt7-10","180509-002","6/18/2019 6:15:17 AM","0000-00","0","no battery","V"
"07/13/2019","06:22:24","9","default","116269760","OXY_CH9","15.439","min","242.784","μmol/L","Humid","21.055","deg","111214","µV","20.125","°C","1013.000","hPa","36.5","pmil","0","55.690","deg","20.000","°C","100.000","%a.s.","22.400","deg","20.000","°C","962.000","hPa","0.861","-0.02617","0.00035","0","0","13.56","Humid","35.35","0","78.50","296359.73","SABD0002000014","AAV2.0.0.13","3.0.1.1413","PSt7-10","180509-002","6/18/2019 6:15:17 AM","0000-00","0","no battery","V"
"07/13/2019","06:22:25","9","default","116269760","OXY_CH9","15.456","min","242.784","μmol/L","Humid","21.055","deg","111210","µV","20.125","°C","1013.000","hPa","36.5","pmil","0","55.690","deg","20.000","°C","100.000","%a.s.","22.400","deg","20.000","°C","962.000","hPa","0.861","-0.02617","0.00035","0","0","13.56","Humid","35.35","0","78.50","296359.84","SABD0002000014","AAV2.0.0.13","3.0.1.1413","PSt7-10","180509-002","6/18/2019 6:15:17 AM","0000-00","0","no battery","V"
"07/13/2019","06:22:26","9","default","116269760","OXY_CH9","15.472","min","242.677","μmol/L","Humid","21.056","deg","111203","µV","20.138","°C","1013.000","hPa","36.5","pmil","0","55.690","deg","20.000","°C","100.000","%a.s.","22.400","deg","20.000","°C","962.000","hPa","0.861","-0.02617","0.00035","0","0","13.56","Humid","35.35","0","78.50","296359.66","SABD0002000014","AAV2.0.0.13","3.0.1.1413","PSt7-10","180509-002","6/18/2019 6:15:17 AM","0000-00","0","no battery","V"
"07/13/2019","06:22:27","9","default","116269760","OXY_CH9","15.489","min","242.784","μmol/L","Humid","21.053","deg","111188","µV","20.132","°C","1013.000","hPa","36.5","pmil","0","55.690","deg","20.000","°C","100.000","%a.s.","22.400","deg","20.000","°C","962.000","hPa","0.861","-0.02617","0.00035","0","0","13.56","Humid","35.35","0","78.50","296361.85","SABD0002000014","AAV2.0.0.13","3.0.1.1413","PSt7-10","180509-002","6/18/2019 6:15:17 AM","0000-00","0","no battery","V"
"07/13/2019","06:22:28","9","default","116269760","OXY_CH9","15.505","min","242.763","μmol/L","Humid","21.054","deg","111181","µV","20.132","°C","1013.000","hPa","36.5","pmil","0","55.690","deg","20.000","°C","100.000","%a.s.","22.400","deg","20.000","°C","962.000","hPa","0.861","-0.02617","0.00035","0","0","13.56","Humid","35.35","0","78.50","296365.81","SABD0002000014","AAV2.0.0.13","3.0.1.1413","PSt7-10","180509-002","6/18/2019 6:15:17 AM","0000-00","0","no battery","V"
"07/13/2019","06:22:29","9","default","116269760","OXY_CH9","15.522","min","242.913","μmol/L","Humid","21.049","deg","111176","µV","20.125","°C","1013.000","hPa","36.5","pmil","0","55.690","deg","20.000","°C","100.000","%a.s.","22.400","deg","20.000","°C","962.000","hPa","0.861","-0.02617","0.00035","0","0","13.56","Humid","35.35","0","78.50","296375.58","SABD0002000014","AAV2.0.0.13","3.0.1.1413","PSt7-10","180509-002","6/18/2019 6:15:17 AM","0000-00","0","no battery","V"
"07/13/2019","06:22:30","9","default","116269760","OXY_CH9","15.539","min","242.891","μmol/L","Humid","21.048","deg","111151","µV","20.132","°C","1013.000","hPa","36.5","pmil","0","55.690","deg","20.000","°C","100.000","%a.s.","22.400","deg","20.000","°C","962.000","hPa","0.861","-0.02617","0.00035","0","0","13.56","Humid","35.35","0","78.50","296368.02","SABD0002000014","AAV2.0.0.13","3.0.1.1413","PSt7-10","180509-002","6/18/2019 6:15:17 AM","0000-00","0","no battery","V"
"07/13/2019","06:22:31","9","default","116269760","OXY_CH9","15.556","min","242.977","μmol/L","Humid","21.046","deg","111152","µV","20.125","°C","1013.000","hPa","36.5","pmil","0","55.690","deg","20.000","°C","100.000","%a.s.","22.400","deg","20.000","°C","962.000","hPa","0.861","-0.02617","0.00035","0","0","13.56","Humid","35.35","0","78.50","296366.74","SABD0002000014","AAV2.0.0.13","3.0.1.1413","PSt7-10","180509-002","6/18/2019 6:15:17 AM","0000-00","0","no battery","V"
"07/13/2019","06:22:32","9","default","116269760","OXY_CH9","15.572","min","242.913","μmol/L","Humid","21.047","deg","111137","µV","20.132","°C","1013.000","hPa","36.5","pmil","0","55.690","deg","20.000","°C","100.000","%a.s.","22.400","deg","20.000","°C","962.000","hPa","0.861","-0.02617","0.00035","0","0","13.56","Humid","35.35","0","78.50","296363.08","SABD0002000014","AAV2.0.0.13","3.0.1.1413","PSt7-10","180509-002","6/18/2019 6:15:17 AM","0000-00","0","no battery","V"
"07/13/2019","06:22:33","9","default","116269760","OXY_CH9","15.589","min","243.020","μmol/L","Humid","21.042","deg","111124","µV","20.132","°C","1013.000","hPa","36.5","pmil","0","55.690","deg","20.000","°C","100.000","%a.s.","22.400","deg","20.000","°C","962.000","hPa","0.861","-0.02617","0.00035","0","0","13.56","Humid","35.35","0","78.50","296372.52","SABD0002000014","AAV2.0.0.13","3.0.1.1413","PSt7-10","180509-002","6/18/2019 6:15:17 AM","0000-00","0","no battery","V"
"07/13/2019","06:22:34","9","default","116269760","OXY_CH9","15.605","min","242.999","μmol/L","Humid","21.041","deg","111110","µV","20.138","°C","1013.000","hPa","36.5","pmil","0","55.690","deg","20.000","°C","100.000","%a.s.","22.400","deg","20.000","°C","962.000","hPa","0.861","-0.02617","0.00035","0","0","13.56","Humid","35.35","0","78.50","296342.51","SABD0002000014","AAV2.0.0.13","3.0.1.1413","PSt7-10","180509-002","6/18/2019 6:15:17 AM","0000-00","0","no battery","V"
"07/13/2019","06:22:35","9","default","116269760","OXY_CH9","15.623","min","243.042","μmol/L","Humid","21.043","deg","111110","µV","20.125","°C","1013.000","hPa","36.5","pmil","0","55.690","deg","20.000","°C","100.000","%a.s.","22.400","deg","20.000","°C","962.000","hPa","0.861","-0.02617","0.00035","0","0","13.56","Humid","35.35","0","78.50","296358.37","SABD0002000014","AAV2.0.0.13","3.0.1.1413","PSt7-10","180509-002","6/18/2019 6:15:17 AM","0000-00","0","no battery","V"
"07/13/2019","06:22:36","9","default","116269760","OXY_CH9","15.640","min","243.128","μmol/L","Humid","21.037","deg","111095","µV","20.132","°C","1013.000","hPa","36.5","pmil","0","55.690","deg","20.000","°C","100.000","%a.s.","22.400","deg","20.000","°C","962.000","hPa","0.861","-0.02617","0.00035","0","0","13.56","Humid","35.35","0","78.50","296364.14","SABD0002000014","AAV2.0.0.13","3.0.1.1413","PSt7-10","180509-002","6/18/2019 6:15:17 AM","0000-00","0","no battery","V"
"07/13/2019","06:22:37","9","default","116269760","OXY_CH9","15.656","min","243.128","μmol/L","Humid","21.037","deg","111082","µV","20.132","°C","1013.000","hPa","36.5","pmil","0","55.690","deg","20.000","°C","100.000","%a.s.","22.400","deg","20.000","°C","962.000","hPa","0.861","-0.02617","0.00035","0","0","13.56","Humid","35.35","0","78.50","296351.74","SABD0002000014","AAV2.0.0.13","3.0.1.1413","PSt7-10","180509-002","6/18/2019 6:15:17 AM","0000-00","0","no battery","V"
"07/13/2019","06:22:38","9","default","116269760","OXY_CH9","15.673","min","243.106","μmol/L","Humid","21.036","deg","111079","µV","20.138","°C","1013.000","hPa","36.5","pmil","0","55.690","deg","20.000","°C","100.000","%a.s.","22.400","deg","20.000","°C","962.000","hPa","0.861","-0.02617","0.00035","0","0","13.56","Humid","35.35","0","78.50","296362.01","SABD0002000014","AAV2.0.0.13","3.0.1.1413","PSt7-10","180509-002","6/18/2019 6:15:17 AM","0000-00","0","no battery","V"
"07/13/2019","06:22:39","9","default","116269760","OXY_CH9","15.689","min","243.235","μmol/L","Humid","21.034","deg","111077","µV","20.125","°C","1013.000","hPa","36.5","pmil","0","55.690","deg","20.000","°C","100.000","%a.s.","22.400","deg","20.000","°C","962.000","hPa","0.861","-0.02617","0.00035","0","0","13.56","Humid","35.35","0","78.50","296357.28","SABD0002000014","AAV2.0.0.13","3.0.1.1413","PSt7-10","180509-002","6/18/2019 6:15:17 AM","0000-00","0","no battery","V"
"07/13/2019","06:22:40","9","default","116269760","OXY_CH9","15.705","min","243.213","μmol/L","Humid","21.033","deg","111063","µV","20.132","°C","1013.000","hPa","36.5","pmil","0","55.690","deg","20.000","°C","100.000","%a.s.","22.400","deg","20.000","°C","962.000","hPa","0.861","-0.02617","0.00035","0","0","13.56","Humid","35.35","0","78.50","296372.42","SABD0002000014","AAV2.0.0.13","3.0.1.1413","PSt7-10","180509-002","6/18/2019 6:15:17 AM","0000-00","0","no battery","V"
"07/13/2019","06:22:41","9","default","116269760","OXY_CH9","15.722","min","243.235","μmol/L","Humid","21.032","deg","111059","µV","20.132","°C","1013.000","hPa","36.5","pmil","0","55.690","deg","20.000","°C","100.000","%a.s.","22.400","deg","20.000","°C","962.000","hPa","0.861","-0.02617","0.00035","0","0","13.56","Humid","35.35","0","78.50","296362.91","SABD0002000014","AAV2.0.0.13","3.0.1.1413","PSt7-10","180509-002","6/18/2019 6:15:17 AM","0000-00","0","no battery","V"
"07/13/2019","06:22:42","9","default","116269760","OXY_CH9","15.739","min","243.171","μmol/L","Humid","21.035","deg","111054","µV","20.132","°C","1013.000","hPa","36.5","pmil","0","55.690","deg","20.000","°C","100.000","%a.s.","22.400","deg","20.000","°C","962.000","hPa","0.861","-0.02617","0.00035","0","0","13.56","Humid","35.35","0","78.50","296362.96","SABD0002000014","AAV2.0.0.13","3.0.1.1413","PSt7-10","180509-002","6/18/2019 6:15:17 AM","0000-00","0","no battery","V"
"07/13/2019","06:22:43","9","default","116269760","OXY_CH9","15.755","min","243.256","μmol/L","Humid","21.031","deg","111042","µV","20.132","°C","1013.000","hPa","36.5","pmil","0","55.690","deg","20.000","°C","100.000","%a.s.","22.400","deg","20.000","°C","962.000","hPa","0.861","-0.02617","0.00035","0","0","13.56","Humid","35.35","0","78.50","296371.12","SABD0002000014","AAV2.0.0.13","3.0.1.1413","PSt7-10","180509-002","6/18/2019 6:15:17 AM","0000-00","0","no battery","V"
"07/13/2019","06:22:44","9","default","116269760","OXY_CH9","15.772","min","243.385","μmol/L","Humid","21.025","deg","111028","µV","20.132","°C","1013.000","hPa","36.5","pmil","0","55.690","deg","20.000","°C","100.000","%a.s.","22.400","deg","20.000","°C","962.000","hPa","0.861","-0.02617","0.00035","0","0","13.56","Humid","35.35","0","78.50","296356.14","SABD0002000014","AAV2.0.0.13","3.0.1.1413","PSt7-10","180509-002","6/18/2019 6:15:17 AM","0000-00","0","no battery","V"
"07/13/2019","06:22:45","9","default","116269760","OXY_CH9","15.789","min","243.429","μmol/L","Humid","21.025","deg","111032","µV","20.125","°C","1013.000","hPa","36.5","pmil","0","55.690","deg","20.000","°C","100.000","%a.s.","22.400","deg","20.000","°C","962.000","hPa","0.861","-0.02617","0.00035","0","0","13.56","Humid","35.35","0","78.50","296357.26","SABD0002000014","AAV2.0.0.13","3.0.1.1413","PSt7-10","180509-002","6/18/2019 6:15:17 AM","0000-00","0","no battery","V"
"07/13/2019","06:22:46","9","default","116269760","OXY_CH9","15.806","min","243.407","μmol/L","Humid","21.024","deg","111027","µV","20.132","°C","1013.000","hPa","36.5","pmil","0","55.690","deg","20.000","°C","100.000","%a.s.","22.400","deg","20.000","°C","962.000","hPa","0.861","-0.02617","0.00035","0","0","13.56","Humid","35.35","0","78.50","296354.33","SABD0002000014","AAV2.0.0.13","3.0.1.1413","PSt7-10","180509-002","6/18/2019 6:15:17 AM","0000-00","0","no battery","V"
"07/13/2019","06:22:47","9","default","116269760","OXY_CH9","15.822","min","243.428","μmol/L","Humid","21.023","deg","111010","µV","20.132","°C","1013.000","hPa","36.5","pmil","0","55.690","deg","20.000","°C","100.000","%a.s.","22.400","deg","20.000","°C","962.000","hPa","0.861","-0.02617","0.00035","0","0","13.56","Humid","35.35","0","78.50","296350.34","SABD0002000014","AAV2.0.0.13","3.0.1.1413","PSt7-10","180509-002","6/18/2019 6:15:17 AM","0000-00","0","no battery","V"
"07/13/2019","06:22:48","9","default","116269760","OXY_CH9","15.839","min","243.407","μmol/L","Humid","21.024","deg","110992","µV","20.132","°C","1013.000","hPa","36.5","pmil","0","55.690","deg","20.000","°C","100.000","%a.s.","22.400","deg","20.000","°C","962.000","hPa","0.861","-0.02617","0.00035","0","0","13.56","Humid","35.35","0","78.50","296354.59","SABD0002000014","AAV2.0.0.13","3.0.1.1413","PSt7-10","180509-002","6/18/2019 6:15:17 AM","0000-00","0","no battery","V"
"07/13/2019","06:22:49","9","default","116269760","OXY_CH9","15.855","min","243.450","μmol/L","Humid","21.020","deg","110977","µV","20.138","°C","1013.000","hPa","36.5","pmil","0","55.690","deg","20.000","°C","100.000","%a.s.","22.400","deg","20.000","°C","962.000","hPa","0.861","-0.02617","0.00035","0","0","13.56","Humid","35.35","0","78.50","296357.33","SABD0002000014","AAV2.0.0.13","3.0.1.1413","PSt7-10","180509-002","6/18/2019 6:15:17 AM","0000-00","0","no battery","V"
"07/13/2019","06:22:50","9","default","116269760","OXY_CH9","15.872","min","243.428","μmol/L","Humid","21.021","deg","110962","µV","20.138","°C","1013.000","hPa","36.5","pmil","0","55.690","deg","20.000","°C","100.000","%a.s.","22.400","deg","20.000","°C","962.000","hPa","0.861","-0.02617","0.00035","0","0","13.56","Humid","35.35","0","78.50","296348.61","SABD0002000014","AAV2.0.0.13","3.0.1.1413","PSt7-10","180509-002","6/18/2019 6:15:17 AM","0000-00","0","no battery","V"
"07/13/2019","06:22:51","9","default","116269760","OXY_CH9","15.889","min","243.601","μmol/L","Humid","21.015","deg","110957","µV","20.132","°C","1013.000","hPa","36.5","pmil","0","55.690","deg","20.000","°C","100.000","%a.s.","22.400","deg","20.000","°C","962.000","hPa","0.861","-0.02617","0.00035","0","0","13.56","Humid","35.35","0","78.50","296361.83","SABD0002000014","AAV2.0.0.13","3.0.1.1413","PSt7-10","180509-002","6/18/2019 6:15:17 AM","0000-00","0","no battery","V"
"07/13/2019","06:22:52","9","default","116269760","OXY_CH9","15.906","min","243.579","μmol/L","Humid","21.014","deg","110951","µV","20.138","°C","1013.000","hPa","36.5","pmil","0","55.690","deg","20.000","°C","100.000","%a.s.","22.400","deg","20.000","°C","962.000","hPa","0.861","-0.02617","0.00035","0","0","13.56","Humid","35.35","0","78.50","296363.28","SABD0002000014","AAV2.0.0.13","3.0.1.1413","PSt7-10","180509-002","6/18/2019 6:15:17 AM","0000-00","0","no battery","V"
"07/13/2019","06:22:53","9","default","116269760","OXY_CH9","15.923","min","243.622","μmol/L","Humid","21.014","deg","110944","µV","20.132","°C","1013.000","hPa","36.5","pmil","0","55.690","deg","20.000","°C","100.000","%a.s.","22.400","deg","20.000","°C","962.000","hPa","0.861","-0.02617","0.00035","0","0","13.56","Humid","35.35","0","78.50","296353.48","SABD0002000014","AAV2.0.0.13","3.0.1.1413","PSt7-10","180509-002","6/18/2019 6:15:17 AM","0000-00","0","no battery","V"
"07/13/2019","06:22:54","9","default","116269760","OXY_CH9","15.939","min","243.644","μmol/L","Humid","21.013","deg","110934","µV","20.132","°C","1013.000","hPa","36.5","pmil","0","55.690","deg","20.000","°C","100.000","%a.s.","22.400","deg","20.000","°C","962.000","hPa","0.861","-0.02617","0.00035","0","0","13.56","Humid","35.35","0","78.50","296352.21","SABD0002000014","AAV2.0.0.13","3.0.1.1413","PSt7-10","180509-002","6/18/2019 6:15:17 AM","0000-00","0","no battery","V"
"07/13/2019","06:22:55","9","default","116269760","OXY_CH9","15.955","min","243.730","μmol/L","Humid","21.009","deg","110921","µV","20.132","°C","1013.000","hPa","36.5","pmil","0","55.690","deg","20.000","°C","100.000","%a.s.","22.400","deg","20.000","°C","962.000","hPa","0.861","-0.02617","0.00035","0","0","13.56","Humid","35.35","0","78.50","296347.01","SABD0002000014","AAV2.0.0.13","3.0.1.1413","PSt7-10","180509-002","6/18/2019 6:15:17 AM","0000-00","0","no battery","V"
"07/13/2019","06:22:56","9","default","116269760","OXY_CH9","15.973","min","243.730","μmol/L","Humid","21.007","deg","110917","µV","20.138","°C","1013.000","hPa","36.5","pmil","0","55.690","deg","20.000","°C","100.000","%a.s.","22.400","deg","20.000","°C","962.000","hPa","0.861","-0.02617","0.00035","0","0","13.56","Humid","35.35","0","78.50","296341.70","SABD0002000014","AAV2.0.0.13","3.0.1.1413","PSt7-10","180509-002","6/18/2019 6:15:17 AM","0000-00","0","no battery","V"
"07/13/2019","06:22:57","9","default","116269760","OXY_CH9","15.989","min","243.665","μmol/L","Humid","21.012","deg","110905","µV","20.132","°C","1013.000","hPa","36.5","pmil","0","55.690","deg","20.000","°C","100.000","%a.s.","22.400","deg","20.000","°C","962.000","hPa","0.861","-0.02617","0.00035","0","0","13.56","Humid","35.35","0","78.50","296338.78","SABD0002000014","AAV2.0.0.13","3.0.1.1413","PSt7-10","180509-002","6/18/2019 6:15:17 AM","0000-00","0","no battery","V"
"07/13/2019","06:22:58","9","default","116269760","OXY_CH9","16.006","min","243.708","μmol/L","Humid","21.010","deg","110894","µV","20.132","°C","1013.000","hPa","36.5","pmil","0","55.690","deg","20.000","°C","100.000","%a.s.","22.400","deg","20.000","°C","962.000","hPa","0.861","-0.02617","0.00035","0","0","13.56","Humid","35.35","0","78.50","296343.98","SABD0002000014","AAV2.0.0.13","3.0.1.1413","PSt7-10","180509-002","6/18/2019 6:15:17 AM","0000-00","0","no battery","V"
"07/13/2019","06:22:59","9","default","116269760","OXY_CH9","16.022","min","243.816","μmol/L","Humid","21.005","deg","110891","µV","20.132","°C","1013.000","hPa","36.5","pmil","0","55.690","deg","20.000","°C","100.000","%a.s.","22.400","deg","20.000","°C","962.000","hPa","0.861","-0.02617","0.00035","0","0","13.56","Humid","35.35","0","78.50","296336.59","SABD0002000014","AAV2.0.0.13","3.0.1.1413","PSt7-10","180509-002","6/18/2019 6:15:17 AM","0000-00","0","no battery","V"
"07/13/2019","06:23:00","9","default","116269760","OXY_CH9","16.039","min","243.773","μmol/L","Humid","21.005","deg","110875","µV","20.138","°C","1013.000","hPa","36.5","pmil","0","55.690","deg","20.000","°C","100.000","%a.s.","22.400","deg","20.000","°C","962.000","hPa","0.861","-0.02617","0.00035","0","0","13.56","Humid","35.35","0","78.50","296339.80","SABD0002000014","AAV2.0.0.13","3.0.1.1413","PSt7-10","180509-002","6/18/2019 6:15:17 AM","0000-00","0","no battery","V"
"07/13/2019","06:23:01","9","default","116269760","OXY_CH9","16.055","min","243.838","μmol/L","Humid","21.002","deg","110869","µV","20.138","°C","1013.000","hPa","36.5","pmil","0","55.690","deg","20.000","°C","100.000","%a.s.","22.400","deg","20.000","°C","962.000","hPa","0.861","-0.02617","0.00035","0","0","13.56","Humid","35.35","0","78.50","296353.45","SABD0002000014","AAV2.0.0.13","3.0.1.1413","PSt7-10","180509-002","6/18/2019 6:15:17 AM","0000-00","0","no battery","V"
"07/13/2019","06:23:02","9","default","116269760","OXY_CH9","16.073","min","243.816","μmol/L","Humid","21.003","deg","110860","µV","20.138","°C","1013.000","hPa","36.5","pmil","0","55.690","deg","20.000","°C","100.000","%a.s.","22.400","deg","20.000","°C","962.000","hPa","0.861","-0.02617","0.00035","0","0","13.56","Humid","35.35","0","78.50","296342.88","SABD0002000014","AAV2.0.0.13","3.0.1.1413","PSt7-10","180509-002","6/18/2019 6:15:17 AM","0000-00","0","no battery","V"
"07/13/2019","06:23:03","9","default","116269760","OXY_CH9","16.089","min","243.902","μmol/L","Humid","21.001","deg","110842","µV","20.132","°C","1013.000","hPa","36.5","pmil","0","55.690","deg","20.000","°C","100.000","%a.s.","22.400","deg","20.000","°C","962.000","hPa","0.861","-0.02617","0.00035","0","0","13.56","Humid","35.35","0","78.50","296343.40","SABD0002000014","AAV2.0.0.13","3.0.1.1413","PSt7-10","180509-002","6/18/2019 6:15:17 AM","0000-00","0","no battery","V"
"07/13/2019","06:23:04","9","default","116269760","OXY_CH9","16.106","min","243.902","μmol/L","Humid","20.999","deg","110830","µV","20.138","°C","1013.000","hPa","36.5","pmil","0","55.690","deg","20.000","°C","100.000","%a.s.","22.400","deg","20.000","°C","962.000","hPa","0.861","-0.02617","0.00035","0","0","13.56","Humid","35.35","0","78.50","296350.37","SABD0002000014","AAV2.0.0.13","3.0.1.1413","PSt7-10","180509-002","6/18/2019 6:15:17 AM","0000-00","0","no battery","V"
"07/13/2019","06:23:05","9","default","116269760","OXY_CH9","16.122","min","243.902","μmol/L","Humid","20.999","deg","110822","µV","20.138","°C","1013.000","hPa","36.5","pmil","0","55.690","deg","20.000","°C","100.000","%a.s.","22.400","deg","20.000","°C","962.000","hPa","0.861","-0.02617","0.00035","0","0","13.56","Humid","35.35","0","78.50","296338.01","SABD0002000014","AAV2.0.0.13","3.0.1.1413","PSt7-10","180509-002","6/18/2019 6:15:17 AM","0000-00","0","no battery","V"
"07/13/2019","06:23:06","9","default","116269760","OXY_CH9","16.139","min","244.053","μmol/L","Humid","20.992","deg","110819","µV","20.138","°C","1013.000","hPa","36.5","pmil","0","55.690","deg","20.000","°C","100.000","%a.s.","22.400","deg","20.000","°C","962.000","hPa","0.861","-0.02617","0.00035","0","0","13.56","Humid","35.35","0","78.50","296349.94","SABD0002000014","AAV2.0.0.13","3.0.1.1413","PSt7-10","180509-002","6/18/2019 6:15:17 AM","0000-00","0","no battery","V"
"07/13/2019","06:23:07","9","default","116269760","OXY_CH9","16.156","min","244.097","μmol/L","Humid","20.992","deg","110818","µV","20.132","°C","1013.000","hPa","36.5","pmil","0","55.690","deg","20.000","°C","100.000","%a.s.","22.400","deg","20.000","°C","962.000","hPa","0.861","-0.02617","0.00035","0","0","13.56","Humid","35.35","0","78.50","296345.21","SABD0002000014","AAV2.0.0.13","3.0.1.1413","PSt7-10","180509-002","6/18/2019 6:15:17 AM","0000-00","0","no battery","V"
"07/13/2019","06:23:08","9","default","116269760","OXY_CH9","16.172","min","244.053","μmol/L","Humid","20.992","deg","110790","µV","20.138","°C","1013.000","hPa","36.5","pmil","0","55.690","deg","20.000","°C","100.000","%a.s.","22.400","deg","20.000","°C","962.000","hPa","0.861","-0.02617","0.00035","0","0","13.56","Humid","35.35","0","78.50","296337.14","SABD0002000014","AAV2.0.0.13","3.0.1.1413","PSt7-10","180509-002","6/18/2019 6:15:17 AM","0000-00","0","no battery","V"
"07/13/2019","06:23:09","9","default","116269760","OXY_CH9","16.189","min","244.097","μmol/L","Humid","20.992","deg","110778","µV","20.132","°C","1013.000","hPa","36.5","pmil","0","55.690","deg","20.000","°C","100.000","%a.s.","22.400","deg","20.000","°C","962.000","hPa","0.861","-0.02617","0.00035","0","0","13.56","Humid","35.35","0","78.50","296342.47","SABD0002000014","AAV2.0.0.13","3.0.1.1413","PSt7-10","180509-002","6/18/2019 6:15:17 AM","0000-00","0","no battery","V"
"07/13/2019","06:23:10","9","default","116269760","OXY_CH9","16.206","min","244.096","μmol/L","Humid","20.990","deg","110773","µV","20.138","°C","1013.000","hPa","36.5","pmil","0","55.690","deg","20.000","°C","100.000","%a.s.","22.400","deg","20.000","°C","962.000","hPa","0.861","-0.02617","0.00035","0","0","13.56","Humid","35.35","0","78.50","296336.90","SABD0002000014","AAV2.0.0.13","3.0.1.1413","PSt7-10","180509-002","6/18/2019 6:15:17 AM","0000-00","0","no battery","V"
"07/13/2019","06:23:11","9","default","116269760","OXY_CH9","16.223","min","244.161","μmol/L","Humid","20.987","deg","110766","µV","20.138","°C","1013.000","hPa","36.5","pmil","0","55.690","deg","20.000","°C","100.000","%a.s.","22.400","deg","20.000","°C","962.000","hPa","0.861","-0.02617","0.00035","0","0","13.56","Humid","35.35","0","78.50","296347.07","SABD0002000014","AAV2.0.0.13","3.0.1.1413","PSt7-10","180509-002","6/18/2019 6:15:17 AM","0000-00","0","no battery","V"
"07/13/2019","06:23:12","9","default","116269760","OXY_CH9","16.239","min","244.226","μmol/L","Humid","20.984","deg","110757","µV","20.138","°C","1013.000","hPa","36.5","pmil","0","55.690","deg","20.000","°C","100.000","%a.s.","22.400","deg","20.000","°C","962.000","hPa","0.861","-0.02617","0.00035","0","0","13.56","Humid","35.35","0","78.50","296336.78","SABD0002000014","AAV2.0.0.13","3.0.1.1413","PSt7-10","180509-002","6/18/2019 6:15:17 AM","0000-00","0","no battery","V"
"07/13/2019","06:23:13","9","default","116269760","OXY_CH9","16.256","min","244.226","μmol/L","Humid","20.984","deg","110751","µV","20.138","°C","1013.000","hPa","36.5","pmil","0","55.690","deg","20.000","°C","100.000","%a.s.","22.400","deg","20.000","°C","962.000","hPa","0.861","-0.02617","0.00035","0","0","13.56","Humid","35.35","0","78.50","296335.68","SABD0002000014","AAV2.0.0.13","3.0.1.1413","PSt7-10","180509-002","6/18/2019 6:15:17 AM","0000-00","0","no battery","V"
"07/13/2019","06:23:14","9","default","116269760","OXY_CH9","16.272","min","244.269","μmol/L","Humid","20.982","deg","110745","µV","20.138","°C","1013.000","hPa","36.5","pmil","0","55.690","deg","20.000","°C","100.000","%a.s.","22.400","deg","20.000","°C","962.000","hPa","0.861","-0.02617","0.00035","0","0","13.56","Humid","35.35","0","78.50","296335.74","SABD0002000014","AAV2.0.0.13","3.0.1.1413","PSt7-10","180509-002","6/18/2019 6:15:17 AM","0000-00","0","no battery","V"
"07/13/2019","06:23:15","9","default","116269760","OXY_CH9","16.289","min","244.334","μmol/L","Humid","20.979","deg","110733","µV","20.138","°C","1013.000","hPa","36.5","pmil","0","55.690","deg","20.000","°C","100.000","%a.s.","22.400","deg","20.000","°C","962.000","hPa","0.861","-0.02617","0.00035","0","0","13.56","Humid","35.35","0","78.50","296334.29","SABD0002000014","AAV2.0.0.13","3.0.1.1413","PSt7-10","180509-002","6/18/2019 6:15:17 AM","0000-00","0","no battery","V"
"07/13/2019","06:23:16","9","default","116269760","OXY_CH9","16.305","min","244.313","μmol/L","Humid","20.980","deg","110721","µV","20.138","°C","1013.000","hPa","36.5","pmil","0","55.690","deg","20.000","°C","100.000","%a.s.","22.400","deg","20.000","°C","962.000","hPa","0.861","-0.02617","0.00035","0","0","13.56","Humid","35.35","0","78.50","296331.93","SABD0002000014","AAV2.0.0.13","3.0.1.1413","PSt7-10","180509-002","6/18/2019 6:15:17 AM","0000-00","0","no battery","V"
"07/13/2019","06:23:17","9","default","116269760","OXY_CH9","16.323","min","244.377","μmol/L","Humid","20.979","deg","110714","µV","20.132","°C","1013.000","hPa","36.5","pmil","0","55.690","deg","20.000","°C","100.000","%a.s.","22.400","deg","20.000","°C","962.000","hPa","0.861","-0.02617","0.00035","0","0","13.56","Humid","35.35","0","78.50","296351.46","SABD0002000014","AAV2.0.0.13","3.0.1.1413","PSt7-10","180509-002","6/18/2019 6:15:17 AM","0000-00","0","no battery","V"
"07/13/2019","06:23:18","9","default","116269760","OXY_CH9","16.339","min","244.356","μmol/L","Humid","20.978","deg","110708","µV","20.138","°C","1013.000","hPa","36.5","pmil","0","55.690","deg","20.000","°C","100.000","%a.s.","22.400","deg","20.000","°C","962.000","hPa","0.861","-0.02617","0.00035","0","0","13.56","Humid","35.35","0","78.50","296346.14","SABD0002000014","AAV2.0.0.13","3.0.1.1413","PSt7-10","180509-002","6/18/2019 6:15:17 AM","0000-00","0","no battery","V"
"07/13/2019","06:23:19","9","default","116269760","OXY_CH9","16.356","min","244.334","μmol/L","Humid","20.977","deg","110693","µV","20.144","°C","1013.000","hPa","36.5","pmil","0","55.690","deg","20.000","°C","100.000","%a.s.","22.400","deg","20.000","°C","962.000","hPa","0.861","-0.02617","0.00035","0","0","13.56","Humid","35.35","0","78.50","296330.04","SABD0002000014","AAV2.0.0.13","3.0.1.1413","PSt7-10","180509-002","6/18/2019 6:15:17 AM","0000-00","0","no battery","V"
"07/13/2019","06:23:20","9","default","116269760","OXY_CH9","16.372","min","244.486","μmol/L","Humid","20.974","deg","110687","µV","20.132","°C","1013.000","hPa","36.5","pmil","0","55.690","deg","20.000","°C","100.000","%a.s.","22.400","deg","20.000","°C","962.000","hPa","0.861","-0.02617","0.00035","0","0","13.56","Humid","35.35","0","78.50","296331.56","SABD0002000014","AAV2.0.0.13","3.0.1.1413","PSt7-10","180509-002","6/18/2019 6:15:17 AM","0000-00","0","no battery","V"
"07/13/2019","06:23:21","9","default","116269760","OXY_CH9","16.389","min","244.442","μmol/L","Humid","20.974","deg","110677","µV","20.138","°C","1013.000","hPa","36.5","pmil","0","55.690","deg","20.000","°C","100.000","%a.s.","22.400","deg","20.000","°C","962.000","hPa","0.861","-0.02617","0.00035","0","0","13.56","Humid","35.35","0","78.50","296339.89","SABD0002000014","AAV2.0.0.13","3.0.1.1413","PSt7-10","180509-002","6/18/2019 6:15:17 AM","0000-00","0","no battery","V"
"07/13/2019","06:23:22","9","default","116269760","OXY_CH9","16.406","min","244.486","μmol/L","Humid","20.972","deg","110672","µV","20.138","°C","1013.000","hPa","36.5","pmil","0","55.690","deg","20.000","°C","100.000","%a.s.","22.400","deg","20.000","°C","962.000","hPa","0.861","-0.02617","0.00035","0","0","13.56","Humid","35.35","0","78.50","296334.07","SABD0002000014","AAV2.0.0.13","3.0.1.1413","PSt7-10","180509-002","6/18/2019 6:15:17 AM","0000-00","0","no battery","V"
"07/13/2019","06:23:23","9","default","116269760","OXY_CH9","16.422","min","244.659","μmol/L","Humid","20.966","deg","110660","µV","20.132","°C","1013.000","hPa","36.5","pmil","0","55.690","deg","20.000","°C","100.000","%a.s.","22.400","deg","20.000","°C","962.000","hPa","0.861","-0.02617","0.00035","0","0","13.56","Humid","35.35","0","78.50","296327.53","SABD0002000014","AAV2.0.0.13","3.0.1.1413","PSt7-10","180509-002","6/18/2019 6:15:17 AM","0000-00","0","no battery","V"
"07/13/2019","06:23:24","9","default","116269760","OXY_CH9","16.439","min","244.637","μmol/L","Humid","20.965","deg","110651","µV","20.138","°C","1013.000","hPa","36.5","pmil","0","55.690","deg","20.000","°C","100.000","%a.s.","22.400","deg","20.000","°C","962.000","hPa","0.861","-0.02617","0.00035","0","0","13.56","Humid","35.35","0","78.50","296337.22","SABD0002000014","AAV2.0.0.13","3.0.1.1413","PSt7-10","180509-002","6/18/2019 6:15:17 AM","0000-00","0","no battery","V"
"07/13/2019","06:23:25","9","default","116269760","OXY_CH9","16.456","min","244.594","μmol/L","Humid","20.965","deg","110647","µV","20.144","°C","1013.000","hPa","36.5","pmil","0","55.690","deg","20.000","°C","100.000","%a.s.","22.400","deg","20.000","°C","962.000","hPa","0.861","-0.02617","0.00035","0","0","13.56","Humid","35.35","0","78.50","296342.60","SABD0002000014","AAV2.0.0.13","3.0.1.1413","PSt7-10","180509-002","6/18/2019 6:15:17 AM","0000-00","0","no battery","V"
"07/13/2019","06:23:26","9","default","116269760","OXY_CH9","16.472","min","244.702","μmol/L","Humid","20.964","deg","110631","µV","20.132","°C","1013.000","hPa","36.5","pmil","0","55.690","deg","20.000","°C","100.000","%a.s.","22.400","deg","20.000","°C","962.000","hPa","0.861","-0.02617","0.00035","0","0","13.56","Humid","35.35","0","78.50","296333.38","SABD0002000014","AAV2.0.0.13","3.0.1.1413","PSt7-10","180509-002","6/18/2019 6:15:17 AM","0000-00","0","no battery","V"
"07/13/2019","06:23:27","9","default","116269760","OXY_CH9","16.489","min","244.680","μmol/L","Humid","20.963","deg","110617","µV","20.138","°C","1013.000","hPa","36.5","pmil","0","55.690","deg","20.000","°C","100.000","%a.s.","22.400","deg","20.000","°C","962.000","hPa","0.861","-0.02617","0.00035","0","0","13.56","Humid","35.35","0","78.50","296317.90","SABD0002000014","AAV2.0.0.13","3.0.1.1413","PSt7-10","180509-002","6/18/2019 6:15:17 AM","0000-00","0","no battery","V"
"07/13/2019","06:23:28","9","default","116269760","OXY_CH9","16.506","min","244.702","μmol/L","Humid","20.962","deg","110609","µV","20.138","°C","1013.000","hPa","36.5","pmil","0","55.690","deg","20.000","°C","100.000","%a.s.","22.400","deg","20.000","°C","962.000","hPa","0.861","-0.02617","0.00035","0","0","13.56","Humid","35.35","0","78.50","296324.71","SABD0002000014","AAV2.0.0.13","3.0.1.1413","PSt7-10","180509-002","6/18/2019 6:15:17 AM","0000-00","0","no battery","V"
"07/13/2019","06:23:29","9","default","116269760","OXY_CH9","16.522","min","244.767","μmol/L","Humid","20.959","deg","110598","µV","20.138","°C","1013.000","hPa","36.5","pmil","0","55.690","deg","20.000","°C","100.000","%a.s.","22.400","deg","20.000","°C","962.000","hPa","0.861","-0.02617","0.00035","0","0","13.56","Humid","35.35","0","78.50","296327.08","SABD0002000014","AAV2.0.0.13","3.0.1.1413","PSt7-10","180509-002","6/18/2019 6:15:17 AM","0000-00","0","no battery","V"
"07/13/2019","06:23:30","9","default","116269760","OXY_CH9","16.539","min","244.724","μmol/L","Humid","20.961","deg","110596","µV","20.138","°C","1013.000","hPa","36.5","pmil","0","55.690","deg","20.000","°C","100.000","%a.s.","22.400","deg","20.000","°C","962.000","hPa","0.861","-0.02617","0.00035","0","0","13.56","Humid","35.35","0","78.50","296345.25","SABD0002000014","AAV2.0.0.13","3.0.1.1413","PSt7-10","180509-002","6/18/2019 6:15:17 AM","0000-00","0","no battery","V"
"07/13/2019","06:23:31","9","default","116269760","OXY_CH9","16.555","min","244.789","μmol/L","Humid","20.956","deg","110581","µV","20.144","°C","1013.000","hPa","36.5","pmil","0","55.690","deg","20.000","°C","100.000","%a.s.","22.400","deg","20.000","°C","962.000","hPa","0.861","-0.02617","0.00035","0","0","13.56","Humid","35.35","0","78.50","296317.26","SABD0002000014","AAV2.0.0.13","3.0.1.1413","PSt7-10","180509-002","6/18/2019 6:15:17 AM","0000-00","0","no battery","V"
"07/13/2019","06:23:32","9","default","116269760","OXY_CH9","16.572","min","244.810","μmol/L","Humid","20.957","deg","110584","µV","20.138","°C","1013.000","hPa","36.5","pmil","0","55.690","deg","20.000","°C","100.000","%a.s.","22.400","deg","20.000","°C","962.000","hPa","0.861","-0.02617","0.00035","0","0","13.56","Humid","35.35","0","78.50","296322.40","SABD0002000014","AAV2.0.0.13","3.0.1.1413","PSt7-10","180509-002","6/18/2019 6:15:17 AM","0000-00","0","no battery","V"
"07/13/2019","06:23:33","9","default","116269760","OXY_CH9","16.589","min","244.919","μmol/L","Humid","20.952","deg","110572","µV","20.138","°C","1013.000","hPa","36.5","pmil","0","55.690","deg","20.000","°C","100.000","%a.s.","22.400","deg","20.000","°C","962.000","hPa","0.861","-0.02617","0.00035","0","0","13.56","Humid","35.35","0","78.50","296341.59","SABD0002000014","AAV2.0.0.13","3.0.1.1413","PSt7-10","180509-002","6/18/2019 6:15:17 AM","0000-00","0","no battery","V"
"07/13/2019","06:23:34","9","default","116269760","OXY_CH9","16.606","min","244.789","μmol/L","Humid","20.958","deg","110560","µV","20.138","°C","1013.000","hPa","36.5","pmil","0","55.690","deg","20.000","°C","100.000","%a.s.","22.400","deg","20.000","°C","962.000","hPa","0.861","-0.02617","0.00035","0","0","13.56","Humid","35.35","0","78.50","296315.74","SABD0002000014","AAV2.0.0.13","3.0.1.1413","PSt7-10","180509-002","6/18/2019 6:15:17 AM","0000-00","0","no battery","V"
"07/13/2019","06:23:35","9","default","116269760","OXY_CH9","16.622","min","244.854","μmol/L","Humid","20.953","deg","110550","µV","20.144","°C","1013.000","hPa","36.5","pmil","0","55.690","deg","20.000","°C","100.000","%a.s.","22.400","deg","20.000","°C","962.000","hPa","0.861","-0.02617","0.00035","0","0","13.56","Humid","35.35","0","78.50","296322.49","SABD0002000014","AAV2.0.0.13","3.0.1.1413","PSt7-10","180509-002","6/18/2019 6:15:17 AM","0000-00","0","no battery","V"
"07/13/2019","06:23:36","9","default","116269760","OXY_CH9","16.639","min","244.919","μmol/L","Humid","20.952","deg","110548","µV","20.138","°C","1013.000","hPa","36.5","pmil","0","55.690","deg","20.000","°C","100.000","%a.s.","22.400","deg","20.000","°C","962.000","hPa","0.861","-0.02617","0.00035","0","0","13.56","Humid","35.35","0","78.50","296327.02","SABD0002000014","AAV2.0.0.13","3.0.1.1413","PSt7-10","180509-002","6/18/2019 6:15:17 AM","0000-00","0","no battery","V"
"07/13/2019","06:23:37","9","default","116269760","OXY_CH9","16.655","min","245.049","μmol/L","Humid","20.946","deg","110528","µV","20.138","°C","1013.000","hPa","36.5","pmil","0","55.690","deg","20.000","°C","100.000","%a.s.","22.400","deg","20.000","°C","962.000","hPa","0.861","-0.02617","0.00035","0","0","13.56","Humid","35.35","0","78.50","296326.85","SABD0002000014","AAV2.0.0.13","3.0.1.1413","PSt7-10","180509-002","6/18/2019 6:15:17 AM","0000-00","0","no battery","V"
"07/13/2019","06:23:38","9","default","116269760","OXY_CH9","16.672","min","245.005","μmol/L","Humid","20.946","deg","110519","µV","20.144","°C","1013.000","hPa","36.5","pmil","0","55.690","deg","20.000","°C","100.000","%a.s.","22.400","deg","20.000","°C","962.000","hPa","0.861","-0.02617","0.00035","0","0","13.56","Humid","35.35","0","78.50","296327.70","SABD0002000014","AAV2.0.0.13","3.0.1.1413","PSt7-10","180509-002","6/18/2019 6:15:17 AM","0000-00","0","no battery","V"
"07/13/2019","06:23:39","9","default","116269760","OXY_CH9","16.689","min","245.092","μmol/L","Humid","20.944","deg","110520","µV","20.138","°C","1013.000","hPa","36.5","pmil","0","55.690","deg","20.000","°C","100.000","%a.s.","22.400","deg","20.000","°C","962.000","hPa","0.861","-0.02617","0.00035","0","0","13.56","Humid","35.35","0","78.50","296329.90","SABD0002000014","AAV2.0.0.13","3.0.1.1413","PSt7-10","180509-002","6/18/2019 6:15:17 AM","0000-00","0","no battery","V"
"07/13/2019","06:23:40","9","default","116269760","OXY_CH9","16.705","min","245.092","μmol/L","Humid","20.946","deg","110501","µV","20.132","°C","1013.000","hPa","36.5","pmil","0","55.690","deg","20.000","°C","100.000","%a.s.","22.400","deg","20.000","°C","962.000","hPa","0.861","-0.02617","0.00035","0","0","13.56","Humid","35.35","0","78.50","296323.60","SABD0002000014","AAV2.0.0.13","3.0.1.1413","PSt7-10","180509-002","6/18/2019 6:15:17 AM","0000-00","0","no battery","V"
"07/13/2019","06:23:41","9","default","116269760","OXY_CH9","16.722","min","245.027","μmol/L","Humid","20.945","deg","110498","µV","20.144","°C","1013.000","hPa","36.5","pmil","0","55.690","deg","20.000","°C","100.000","%a.s.","22.400","deg","20.000","°C","962.000","hPa","0.861","-0.02617","0.00035","0","0","13.56","Humid","35.35","0","78.50","296324.70","SABD0002000014","AAV2.0.0.13","3.0.1.1413","PSt7-10","180509-002","6/18/2019 6:15:17 AM","0000-00","0","no battery","V"
"07/13/2019","06:23:42","9","default","116269760","OXY_CH9","16.739","min","245.071","μmol/L","Humid","20.943","deg","110491","µV","20.144","°C","1013.000","hPa","36.5","pmil","0","55.690","deg","20.000","°C","100.000","%a.s.","22.400","deg","20.000","°C","962.000","hPa","0.861","-0.02617","0.00035","0","0","13.56","Humid","35.35","0","78.50","296315.19","SABD0002000014","AAV2.0.0.13","3.0.1.1413","PSt7-10","180509-002","6/18/2019 6:15:17 AM","0000-00","0","no battery","V"
"07/13/2019","06:23:43","9","default","116269760","OXY_CH9","16.756","min","245.201","μmol/L","Humid","20.939","deg","110478","µV","20.138","°C","1013.000","hPa","36.5","pmil","0","55.690","deg","20.000","°C","100.000","%a.s.","22.400","deg","20.000","°C","962.000","hPa","0.861","-0.02617","0.00035","0","0","13.56","Humid","35.35","0","78.50","296340.49","SABD0002000014","AAV2.0.0.13","3.0.1.1413","PSt7-10","180509-002","6/18/2019 6:15:17 AM","0000-00","0","no battery","V"
"07/13/2019","06:23:44","9","default","116269760","OXY_CH9","16.772","min","245.092","μmol/L","Humid","20.942","deg","110468","µV","20.144","°C","1013.000","hPa","36.5","pmil","0","55.690","deg","20.000","°C","100.000","%a.s.","22.400","deg","20.000","°C","962.000","hPa","0.861","-0.02617","0.00035","0","0","13.56","Humid","35.35","0","78.50","296322.68","SABD0002000014","AAV2.0.0.13","3.0.1.1413","PSt7-10","180509-002","6/18/2019 6:15:17 AM","0000-00","0","no battery","V"
"07/13/2019","06:23:45","9","default","116269760","OXY_CH9","16.789","min","245.201","μmol/L","Humid","20.941","deg","110458","µV","20.132","°C","1013.000","hPa","36.5","pmil","0","55.690","deg","20.000","°C","100.000","%a.s.","22.400","deg","20.000","°C","962.000","hPa","0.861","-0.02617","0.00035","0","0","13.56","Humid","35.35","0","78.50","296328.90","SABD0002000014","AAV2.0.0.13","3.0.1.1413","PSt7-10","180509-002","6/18/2019 6:15:17 AM","0000-00","0","no battery","V"
"07/13/2019","06:23:46","9","default","116269760","OXY_CH9","16.806","min","245.157","μmol/L","Humid","20.939","deg","110447","µV","20.144","°C","1013.000","hPa","36.5","pmil","0","55.690","deg","20.000","°C","100.000","%a.s.","22.400","deg","20.000","°C","962.000","hPa","0.861","-0.02617","0.00035","0","0","13.56","Humid","35.35","0","78.50","296321.68","SABD0002000014","AAV2.0.0.13","3.0.1.1413","PSt7-10","180509-002","6/18/2019 6:15:17 AM","0000-00","0","no battery","V"
"07/13/2019","06:23:47","9","default","116269760","OXY_CH9","16.823","min","245.201","μmol/L","Humid","20.939","deg","110435","µV","20.138","°C","1013.000","hPa","36.5","pmil","0","55.690","deg","20.000","°C","100.000","%a.s.","22.400","deg","20.000","°C","962.000","hPa","0.861","-0.02617","0.00035","0","0","13.56","Humid","35.35","0","78.50","296327.72","SABD0002000014","AAV2.0.0.13","3.0.1.1413","PSt7-10","180509-002","6/18/2019 6:15:17 AM","0000-00","0","no battery","V"
"07/13/2019","06:23:48","9","default","116269760","OXY_CH9","16.839","min","245.309","μmol/L","Humid","20.934","deg","110427","µV","20.138","°C","1013.000","hPa","36.5","pmil","0","55.690","deg","20.000","°C","100.000","%a.s.","22.400","deg","20.000","°C","962.000","hPa","0.861","-0.02617","0.00035","0","0","13.56","Humid","35.35","0","78.50","296315.13","SABD0002000014","AAV2.0.0.13","3.0.1.1413","PSt7-10","180509-002","6/18/2019 6:15:17 AM","0000-00","0","no battery","V"
"07/13/2019","06:23:49","9","default","116269760","OXY_CH9","16.856","min","245.288","μmol/L","Humid","20.933","deg","110426","µV","20.144","°C","1013.000","hPa","36.5","pmil","0","55.690","deg","20.000","°C","100.000","%a.s.","22.400","deg","20.000","°C","962.000","hPa","0.861","-0.02617","0.00035","0","0","13.56","Humid","35.35","0","78.50","296327.92","SABD0002000014","AAV2.0.0.13","3.0.1.1413","PSt7-10","180509-002","6/18/2019 6:15:17 AM","0000-00","0","no battery","V"
"07/13/2019","06:23:50","9","default","116269760","OXY_CH9","16.872","min","245.353","μmol/L","Humid","20.930","deg","110407","µV","20.144","°C","1013.000","hPa","36.5","pmil","0","55.690","deg","20.000","°C","100.000","%a.s.","22.400","deg","20.000","°C","962.000","hPa","0.861","-0.02617","0.00035","0","0","13.56","Humid","35.35","0","78.50","296340.02","SABD0002000014","AAV2.0.0.13","3.0.1.1413","PSt7-10","180509-002","6/18/2019 6:15:17 AM","0000-00","0","no battery","V"
"07/13/2019","06:23:51","9","default","116269760","OXY_CH9","16.889","min","245.353","μmol/L","Humid","20.932","deg","110392","µV","20.138","°C","1013.000","hPa","36.5","pmil","0","55.690","deg","20.000","°C","100.000","%a.s.","22.400","deg","20.000","°C","962.000","hPa","0.861","-0.02617","0.00035","0","0","13.56","Humid","35.35","0","78.50","296319.79","SABD0002000014","AAV2.0.0.13","3.0.1.1413","PSt7-10","180509-002","6/18/2019 6:15:17 AM","0000-00","0","no battery","V"
"07/13/2019","06:23:52","9","default","116269760","OXY_CH9","16.906","min","245.396","μmol/L","Humid","20.930","deg","110396","µV","20.138","°C","1013.000","hPa","36.5","pmil","0","55.690","deg","20.000","°C","100.000","%a.s.","22.400","deg","20.000","°C","962.000","hPa","0.861","-0.02617","0.00035","0","0","13.56","Humid","35.35","0","78.50","296331.60","SABD0002000014","AAV2.0.0.13","3.0.1.1413","PSt7-10","180509-002","6/18/2019 6:15:17 AM","0000-00","0","no battery","V"
"07/13/2019","06:23:53","9","default","116269760","OXY_CH9","16.922","min","245.505","μmol/L","Humid","20.925","deg","110380","µV","20.138","°C","1013.000","hPa","36.5","pmil","0","55.690","deg","20.000","°C","100.000","%a.s.","22.400","deg","20.000","°C","962.000","hPa","0.861","-0.02617","0.00035","0","0","13.56","Humid","35.35","0","78.50","296326.37","SABD0002000014","AAV2.0.0.13","3.0.1.1413","PSt7-10","180509-002","6/18/2019 6:15:17 AM","0000-00","0","no battery","V"
"07/13/2019","06:23:54","9","default","116269760","OXY_CH9","16.939","min","245.418","μmol/L","Humid","20.929","deg","110372","µV","20.138","°C","1013.000","hPa","36.5","pmil","0","55.690","deg","20.000","°C","100.000","%a.s.","22.400","deg","20.000","°C","962.000","hPa","0.861","-0.02617","0.00035","0","0","13.56","Humid","35.35","0","78.50","296324.23","SABD0002000014","AAV2.0.0.13","3.0.1.1413","PSt7-10","180509-002","6/18/2019 6:15:17 AM","0000-00","0","no battery","V"
"07/13/2019","06:23:55","9","default","116269760","OXY_CH9","16.956","min","245.549","μmol/L","Humid","20.923","deg","110366","µV","20.138","°C","1013.000","hPa","36.5","pmil","0","55.690","deg","20.000","°C","100.000","%a.s.","22.400","deg","20.000","°C","962.000","hPa","0.861","-0.02617","0.00035","0","0","13.56","Humid","35.35","0","78.50","296328.97","SABD0002000014","AAV2.0.0.13","3.0.1.1413","PSt7-10","180509-002","6/18/2019 6:15:17 AM","0000-00","0","no battery","V"
"07/13/2019","06:23:56","9","default","116269760","OXY_CH9","16.972","min","245.505","μmol/L","Humid","20.925","deg","110356","µV","20.138","°C","1013.000","hPa","36.5","pmil","0","55.690","deg","20.000","°C","100.000","%a.s.","22.400","deg","20.000","°C","962.000","hPa","0.861","-0.02617","0.00035","0","0","13.56","Humid","35.35","0","78.50","296315.19","SABD0002000014","AAV2.0.0.13","3.0.1.1413","PSt7-10","180509-002","6/18/2019 6:15:17 AM","0000-00","0","no battery","V"
"07/13/2019","06:23:57","9","default","116269760","OXY_CH9","16.989","min","245.592","μmol/L","Humid","20.919","deg","110347","µV","20.144","°C","1013.000","hPa","36.5","pmil","0","55.690","deg","20.000","°C","100.000","%a.s.","22.400","deg","20.000","°C","962.000","hPa","0.861","-0.02617","0.00035","0","0","13.56","Humid","35.35","0","78.50","296324.68","SABD0002000014","AAV2.0.0.13","3.0.1.1413","PSt7-10","180509-002","6/18/2019 6:15:17 AM","0000-00","0","no battery","V"
"07/13/2019","06:23:58","9","default","116269760","OXY_CH9","17.005","min","245.592","μmol/L","Humid","20.919","deg","110338","µV","20.144","°C","1013.000","hPa","36.5","pmil","0","55.690","deg","20.000","°C","100.000","%a.s.","22.400","deg","20.000","°C","962.000","hPa","0.861","-0.02617","0.00035","0","0","13.56","Humid","35.35","0","78.50","296312.01","SABD0002000014","AAV2.0.0.13","3.0.1.1413","PSt7-10","180509-002","6/18/2019 6:15:17 AM","0000-00","0","no battery","V"
"07/13/2019","06:23:59","9","default","116269760","OXY_CH9","17.023","min","245.614","μmol/L","Humid","20.920","deg","110326","µV","20.138","°C","1013.000","hPa","36.5","pmil","0","55.690","deg","20.000","°C","100.000","%a.s.","22.400","deg","20.000","°C","962.000","hPa","0.861","-0.02617","0.00035","0","0","13.56","Humid","35.35","0","78.50","296329.26","SABD0002000014","AAV2.0.0.13","3.0.1.1413","PSt7-10","180509-002","6/18/2019 6:15:17 AM","0000-00","0","no battery","V"
"07/13/2019","06:24:00","9","default","116269760","OXY_CH9","17.039","min","245.679","μmol/L","Humid","20.915","deg","110311","µV","20.144","°C","1013.000","hPa","36.5","pmil","0","55.690","deg","20.000","°C","100.000","%a.s.","22.400","deg","20.000","°C","962.000","hPa","0.861","-0.02617","0.00035","0","0","13.56","Humid","35.35","0","78.50","296326.17","SABD0002000014","AAV2.0.0.13","3.0.1.1413","PSt7-10","180509-002","6/18/2019 6:15:17 AM","0000-00","0","no battery","V"
"07/13/2019","06:24:01","9","default","116269760","OXY_CH9","17.056","min","245.592","μmol/L","Humid","20.919","deg","110306","µV","20.144","°C","1013.000","hPa","36.5","pmil","0","55.690","deg","20.000","°C","100.000","%a.s.","22.400","deg","20.000","°C","962.000","hPa","0.861","-0.02617","0.00035","0","0","13.56","Humid","35.35","0","78.50","296328.96","SABD0002000014","AAV2.0.0.13","3.0.1.1413","PSt7-10","180509-002","6/18/2019 6:15:17 AM","0000-00","0","no battery","V"
"07/13/2019","06:24:02","9","default","116269760","OXY_CH9","17.072","min","245.679","μmol/L","Humid","20.915","deg","110292","µV","20.144","°C","1013.000","hPa","36.5","pmil","0","55.690","deg","20.000","°C","100.000","%a.s.","22.400","deg","20.000","°C","962.000","hPa","0.861","-0.02617","0.00035","0","0","13.56","Humid","35.35","0","78.50","296321.03","SABD0002000014","AAV2.0.0.13","3.0.1.1413","PSt7-10","180509-002","6/18/2019 6:15:17 AM","0000-00","0","no battery","V"
"07/13/2019","06:24:03","9","default","116269760","OXY_CH9","17.089","min","245.788","μmol/L","Humid","20.912","deg","110282","µV","20.138","°C","1013.000","hPa","36.5","pmil","0","55.690","deg","20.000","°C","100.000","%a.s.","22.400","deg","20.000","°C","962.000","hPa","0.861","-0.02617","0.00035","0","0","13.56","Humid","35.35","0","78.50","296315.62","SABD0002000014","AAV2.0.0.13","3.0.1.1413","PSt7-10","180509-002","6/18/2019 6:15:17 AM","0000-00","0","no battery","V"
"07/13/2019","06:24:04","9","default","116269760","OXY_CH9","17.105","min","245.788","μmol/L","Humid","20.910","deg","110277","µV","20.144","°C","1013.000","hPa","36.5","pmil","0","55.690","deg","20.000","°C","100.000","%a.s.","22.400","deg","20.000","°C","962.000","hPa","0.861","-0.02617","0.00035","0","0","13.56","Humid","35.35","0","78.50","296316.51","SABD0002000014","AAV2.0.0.13","3.0.1.1413","PSt7-10","180509-002","6/18/2019 6:15:17 AM","0000-00","0","no battery","V"
"07/13/2019","06:24:05","9","default","116269760","OXY_CH9","17.122","min","245.679","μmol/L","Humid","20.913","deg","110267","µV","20.150","°C","1013.000","hPa","36.5","pmil","0","55.690","deg","20.000","°C","100.000","%a.s.","22.400","deg","20.000","°C","962.000","hPa","0.861","-0.02617","0.00035","0","0","13.56","Humid","35.35","0","78.50","296319.91","SABD0002000014","AAV2.0.0.13","3.0.1.1413","PSt7-10","180509-002","6/18/2019 6:15:17 AM","0000-00","0","no battery","V"
"07/13/2019","06:24:06","9","default","116269760","OXY_CH9","17.139","min","245.766","μmol/L","Humid","20.911","deg","110257","µV","20.144","°C","1013.000","hPa","36.5","pmil","0","55.690","deg","20.000","°C","100.000","%a.s.","22.400","deg","20.000","°C","962.000","hPa","0.861","-0.02617","0.00035","0","0","13.56","Humid","35.35","0","78.50","296322.21","SABD0002000014","AAV2.0.0.13","3.0.1.1413","PSt7-10","180509-002","6/18/2019 6:15:17 AM","0000-00","0","no battery","V"
"07/13/2019","06:24:07","9","default","116269760","OXY_CH9","17.156","min","245.897","μmol/L","Humid","20.905","deg","110247","µV","20.144","°C","1013.000","hPa","36.5","pmil","0","55.690","deg","20.000","°C","100.000","%a.s.","22.400","deg","20.000","°C","962.000","hPa","0.861","-0.02617","0.00035","0","0","13.56","Humid","35.35","0","78.50","296312.18","SABD0002000014","AAV2.0.0.13","3.0.1.1413","PSt7-10","180509-002","6/18/2019 6:15:17 AM","0000-00","0","no battery","V"
"07/13/2019","06:24:08","9","default","116269760","OXY_CH9","17.172","min","245.941","μmol/L","Humid","20.905","deg","110243","µV","20.138","°C","1013.000","hPa","36.5","pmil","0","55.690","deg","20.000","°C","100.000","%a.s.","22.400","deg","20.000","°C","962.000","hPa","0.861","-0.02617","0.00035","0","0","13.56","Humid","35.35","0","78.50","296315.67","SABD0002000014","AAV2.0.0.13","3.0.1.1413","PSt7-10","180509-002","6/18/2019 6:15:17 AM","0000-00","0","no battery","V"
"07/13/2019","06:24:09","9","default","116269760","OXY_CH9","17.189","min","245.941","μmol/L","Humid","20.905","deg","110232","µV","20.138","°C","1013.000","hPa","36.5","pmil","0","55.690","deg","20.000","°C","100.000","%a.s.","22.400","deg","20.000","°C","962.000","hPa","0.861","-0.02617","0.00035","0","0","13.56","Humid","35.35","0","78.50","296320.06","SABD0002000014","AAV2.0.0.13","3.0.1.1413","PSt7-10","180509-002","6/18/2019 6:15:17 AM","0000-00","0","no battery","V"
"07/13/2019","06:24:10","9","default","116269760","OXY_CH9","17.205","min","246.050","μmol/L","Humid","20.900","deg","110220","µV","20.138","°C","1013.000","hPa","36.5","pmil","0","55.690","deg","20.000","°C","100.000","%a.s.","22.400","deg","20.000","°C","962.000","hPa","0.861","-0.02617","0.00035","0","0","13.56","Humid","35.35","0","78.50","296323.38","SABD0002000014","AAV2.0.0.13","3.0.1.1413","PSt7-10","180509-002","6/18/2019 6:15:17 AM","0000-00","0","no battery","V"
"07/13/2019","06:24:11","9","default","116269760","OXY_CH9","17.222","min","246.159","μmol/L","Humid","20.895","deg","110209","µV","20.138","°C","1013.000","hPa","36.5","pmil","0","55.690","deg","20.000","°C","100.000","%a.s.","22.400","deg","20.000","°C","962.000","hPa","0.861","-0.02617","0.00035","0","0","13.56","Humid","35.35","0","78.50","296320.54","SABD0002000014","AAV2.0.0.13","3.0.1.1413","PSt7-10","180509-002","6/18/2019 6:15:17 AM","0000-00","0","no battery","V"
"07/13/2019","06:24:12","9","default","116269760","OXY_CH9","17.239","min","246.137","μmol/L","Humid","20.896","deg","110181","µV","20.138","°C","1013.000","hPa","36.5","pmil","0","55.690","deg","20.000","°C","100.000","%a.s.","22.400","deg","20.000","°C","962.000","hPa","0.861","-0.02617","0.00035","0","0","13.56","Humid","35.35","0","78.50","296308.01","SABD0002000014","AAV2.0.0.13","3.0.1.1413","PSt7-10","180509-002","6/18/2019 6:15:17 AM","0000-00","0","no battery","V"
"07/13/2019","06:24:13","9","default","116269760","OXY_CH9","17.256","min","246.115","μmol/L","Humid","20.895","deg","110192","µV","20.144","°C","1013.000","hPa","36.5","pmil","0","55.690","deg","20.000","°C","100.000","%a.s.","22.400","deg","20.000","°C","962.000","hPa","0.861","-0.02617","0.00035","0","0","13.56","Humid","35.35","0","78.50","296321.53","SABD0002000014","AAV2.0.0.13","3.0.1.1413","PSt7-10","180509-002","6/18/2019 6:15:17 AM","0000-00","0","no battery","V"
"07/13/2019","06:24:14","9","default","116269760","OXY_CH9","17.272","min","246.181","μmol/L","Humid","20.892","deg","110174","µV","20.144","°C","1013.000","hPa","36.5","pmil","0","55.690","deg","20.000","°C","100.000","%a.s.","22.400","deg","20.000","°C","962.000","hPa","0.861","-0.02617","0.00035","0","0","13.56","Humid","35.35","0","78.50","296303.73","SABD0002000014","AAV2.0.0.13","3.0.1.1413","PSt7-10","180509-002","6/18/2019 6:15:17 AM","0000-00","0","no battery","V"
"07/13/2019","06:24:15","9","default","116269760","OXY_CH9","17.289","min","246.093","μmol/L","Humid","20.894","deg","110166","µV","20.150","°C","1013.000","hPa","36.5","pmil","0","55.690","deg","20.000","°C","100.000","%a.s.","22.400","deg","20.000","°C","962.000","hPa","0.861","-0.02617","0.00035","0","0","13.56","Humid","35.35","0","78.50","296313.51","SABD0002000014","AAV2.0.0.13","3.0.1.1413","PSt7-10","180509-002","6/18/2019 6:15:17 AM","0000-00","0","no battery","V"
"07/13/2019","06:24:16","9","default","116269760","OXY_CH9","17.305","min","246.181","μmol/L","Humid","20.894","deg","110155","µV","20.138","°C","1013.000","hPa","36.5","pmil","0","55.690","deg","20.000","°C","100.000","%a.s.","22.400","deg","20.000","°C","962.000","hPa","0.861","-0.02617","0.00035","0","0","13.56","Humid","35.35","0","78.50","296313.39","SABD0002000014","AAV2.0.0.13","3.0.1.1413","PSt7-10","180509-002","6/18/2019 6:15:17 AM","0000-00","0","no battery","V"
"07/13/2019","06:24:17","9","default","116269760","OXY_CH9","17.323","min","246.202","μmol/L","Humid","20.891","deg","110147","µV","20.144","°C","1013.000","hPa","36.5","pmil","0","55.690","deg","20.000","°C","100.000","%a.s.","22.400","deg","20.000","°C","962.000","hPa","0.861","-0.02617","0.00035","0","0","13.56","Humid","35.35","0","78.50","296319.64","SABD0002000014","AAV2.0.0.13","3.0.1.1413","PSt7-10","180509-002","6/18/2019 6:15:17 AM","0000-00","0","no battery","V"
"07/13/2019","06:24:18","9","default","116269760","OXY_CH9","17.339","min","246.355","μmol/L","Humid","20.886","deg","110134","µV","20.138","°C","1013.000","hPa","36.5","pmil","0","55.690","deg","20.000","°C","100.000","%a.s.","22.400","deg","20.000","°C","962.000","hPa","0.861","-0.02617","0.00035","0","0","13.56","Humid","35.35","0","78.50","296302.73","SABD0002000014","AAV2.0.0.13","3.0.1.1413","PSt7-10","180509-002","6/18/2019 6:15:17 AM","0000-00","0","no battery","V"
"07/13/2019","06:24:19","9","default","116269760","OXY_CH9","17.356","min","246.312","μmol/L","Humid","20.888","deg","110128","µV","20.138","°C","1013.000","hPa","36.5","pmil","0","55.690","deg","20.000","°C","100.000","%a.s.","22.400","deg","20.000","°C","962.000","hPa","0.861","-0.02617","0.00035","0","0","13.56","Humid","35.35","0","78.50","296311.52","SABD0002000014","AAV2.0.0.13","3.0.1.1413","PSt7-10","180509-002","6/18/2019 6:15:17 AM","0000-00","0","no battery","V"
"07/13/2019","06:24:20","9","default","116269760","OXY_CH9","17.372","min","246.355","μmol/L","Humid","20.884","deg","110130","µV","20.144","°C","1013.000","hPa","36.5","pmil","0","55.690","deg","20.000","°C","100.000","%a.s.","22.400","deg","20.000","°C","962.000","hPa","0.861","-0.02617","0.00035","0","0","13.56","Humid","35.35","0","78.50","296316.42","SABD0002000014","AAV2.0.0.13","3.0.1.1413","PSt7-10","180509-002","6/18/2019 6:15:17 AM","0000-00","0","no battery","V"
"07/13/2019","06:24:21","9","default","116269760","OXY_CH9","17.389","min","246.333","μmol/L","Humid","20.885","deg","110109","µV","20.144","°C","1013.000","hPa","36.5","pmil","0","55.690","deg","20.000","°C","100.000","%a.s.","22.400","deg","20.000","°C","962.000","hPa","0.861","-0.02617","0.00035","0","0","13.56","Humid","35.35","0","78.50","296315.00","SABD0002000014","AAV2.0.0.13","3.0.1.1413","PSt7-10","180509-002","6/18/2019 6:15:17 AM","0000-00","0","no battery","V"
"07/13/2019","06:24:22","9","default","116269760","OXY_CH9","17.405","min","246.377","μmol/L","Humid","20.883","deg","110103","µV","20.144","°C","1013.000","hPa","36.5","pmil","0","55.690","deg","20.000","°C","100.000","%a.s.","22.400","deg","20.000","°C","962.000","hPa","0.861","-0.02617","0.00035","0","0","13.56","Humid","35.35","0","78.50","296310.65","SABD0002000014","AAV2.0.0.13","3.0.1.1413","PSt7-10","180509-002","6/18/2019 6:15:17 AM","0000-00","0","no battery","V"
"07/13/2019","06:24:23","9","default","116269760","OXY_CH9","17.423","min","246.377","μmol/L","Humid","20.883","deg","110095","µV","20.144","°C","1013.000","hPa","36.5","pmil","0","55.690","deg","20.000","°C","100.000","%a.s.","22.400","deg","20.000","°C","962.000","hPa","0.861","-0.02617","0.00035","0","0","13.56","Humid","35.35","0","78.50","296308.00","SABD0002000014","AAV2.0.0.13","3.0.1.1413","PSt7-10","180509-002","6/18/2019 6:15:17 AM","0000-00","0","no battery","V"
"07/13/2019","06:24:24","9","default","116269760","OXY_CH9","17.439","min","246.399","μmol/L","Humid","20.880","deg","110083","µV","20.150","°C","1013.000","hPa","36.5","pmil","0","55.690","deg","20.000","°C","100.000","%a.s.","22.400","deg","20.000","°C","962.000","hPa","0.861","-0.02617","0.00035","0","0","13.56","Humid","35.35","0","78.50","296298.51","SABD0002000014","AAV2.0.0.13","3.0.1.1413","PSt7-10","180509-002","6/18/2019 6:15:17 AM","0000-00","0","no battery","V"
"07/13/2019","06:24:25","9","default","116269760","OXY_CH9","17.456","min","246.399","μmol/L","Humid","20.882","deg","110078","µV","20.144","°C","1013.000","hPa","36.5","pmil","0","55.690","deg","20.000","°C","100.000","%a.s.","22.400","deg","20.000","°C","962.000","hPa","0.861","-0.02617","0.00035","0","0","13.56","Humid","35.35","0","78.50","296317.43","SABD0002000014","AAV2.0.0.13","3.0.1.1413","PSt7-10","180509-002","6/18/2019 6:15:17 AM","0000-00","0","no battery","V"
"07/13/2019","06:24:26","9","default","116269760","OXY_CH9","17.472","min","246.443","μmol/L","Humid","20.878","deg","110070","µV","20.150","°C","1013.000","hPa","36.5","pmil","0","55.690","deg","20.000","°C","100.000","%a.s.","22.400","deg","20.000","°C","962.000","hPa","0.861","-0.02617","0.00035","0","0","13.56","Humid","35.35","0","78.50","296310.78","SABD0002000014","AAV2.0.0.13","3.0.1.1413","PSt7-10","180509-002","6/18/2019 6:15:17 AM","0000-00","0","no battery","V"
"07/13/2019","06:24:27","9","default","116269760","OXY_CH9","17.489","min","246.596","μmol/L","Humid","20.873","deg","110062","µV","20.144","°C","1013.000","hPa","36.5","pmil","0","55.690","deg","20.000","°C","100.000","%a.s.","22.400","deg","20.000","°C","962.000","hPa","0.861","-0.02617","0.00035","0","0","13.56","Humid","35.35","0","78.50","296316.23","SABD0002000014","AAV2.0.0.13","3.0.1.1413","PSt7-10","180509-002","6/18/2019 6:15:17 AM","0000-00","0","no battery","V"
"07/13/2019","06:24:28","9","default","116269760","OXY_CH9","17.506","min","246.508","μmol/L","Humid","20.877","deg","110051","µV","20.144","°C","1013.000","hPa","36.5","pmil","0","55.690","deg","20.000","°C","100.000","%a.s.","22.400","deg","20.000","°C","962.000","hPa","0.861","-0.02617","0.00035","0","0","13.56","Humid","35.35","0","78.50","296310.38","SABD0002000014","AAV2.0.0.13","3.0.1.1413","PSt7-10","180509-002","6/18/2019 6:15:17 AM","0000-00","0","no battery","V"
"07/13/2019","06:24:29","9","default","116269760","OXY_CH9","17.522","min","246.530","μmol/L","Humid","20.876","deg","110048","µV","20.144","°C","1013.000","hPa","36.5","pmil","0","55.690","deg","20.000","°C","100.000","%a.s.","22.400","deg","20.000","°C","962.000","hPa","0.861","-0.02617","0.00035","0","0","13.56","Humid","35.35","0","78.50","296312.05","SABD0002000014","AAV2.0.0.13","3.0.1.1413","PSt7-10","180509-002","6/18/2019 6:15:17 AM","0000-00","0","no battery","V"
"07/13/2019","06:24:30","9","default","116269760","OXY_CH9","17.539","min","246.574","μmol/L","Humid","20.874","deg","110029","µV","20.144","°C","1013.000","hPa","36.5","pmil","0","55.690","deg","20.000","°C","100.000","%a.s.","22.400","deg","20.000","°C","962.000","hPa","0.861","-0.02617","0.00035","0","0","13.56","Humid","35.35","0","78.50","296320.86","SABD0002000014","AAV2.0.0.13","3.0.1.1413","PSt7-10","180509-002","6/18/2019 6:15:17 AM","0000-00","0","no battery","V"
"07/13/2019","06:24:31","9","default","116269760","OXY_CH9","17.555","min","246.640","μmol/L","Humid","20.869","deg","110022","µV","20.150","°C","1013.000","hPa","36.5","pmil","0","55.690","deg","20.000","°C","100.000","%a.s.","22.400","deg","20.000","°C","962.000","hPa","0.861","-0.02617","0.00035","0","0","13.56","Humid","35.35","0","78.50","296312.49","SABD0002000014","AAV2.0.0.13","3.0.1.1413","PSt7-10","180509-002","6/18/2019 6:15:17 AM","0000-00","0","no battery","V"
"07/13/2019","06:24:32","9","default","116269760","OXY_CH9","17.572","min","246.574","μmol/L","Humid","20.872","deg","110011","µV","20.150","°C","1013.000","hPa","36.5","pmil","0","55.690","deg","20.000","°C","100.000","%a.s.","22.400","deg","20.000","°C","962.000","hPa","0.861","-0.02617","0.00035","0","0","13.56","Humid","35.35","0","78.50","296312.58","SABD0002000014","AAV2.0.0.13","3.0.1.1413","PSt7-10","180509-002","6/18/2019 6:15:17 AM","0000-00","0","no battery","V"
"07/13/2019","06:24:33","9","default","116269760","OXY_CH9","17.589","min","246.727","μmol/L","Humid","20.865","deg","110007","µV","20.150","°C","1013.000","hPa","36.5","pmil","0","55.690","deg","20.000","°C","100.000","%a.s.","22.400","deg","20.000","°C","962.000","hPa","0.861","-0.02617","0.00035","0","0","13.56","Humid","35.35","0","78.50","296304.76","SABD0002000014","AAV2.0.0.13","3.0.1.1413","PSt7-10","180509-002","6/18/2019 6:15:17 AM","0000-00","0","no battery","V"
"07/13/2019","06:24:34","9","default","116269760","OXY_CH9","17.605","min","246.815","μmol/L","Humid","20.863","deg","109996","µV","20.144","°C","1013.000","hPa","36.5","pmil","0","55.690","deg","20.000","°C","100.000","%a.s.","22.400","deg","20.000","°C","962.000","hPa","0.861","-0.02617","0.00035","0","0","13.56","Humid","35.35","0","78.50","296290.46","SABD0002000014","AAV2.0.0.13","3.0.1.1413","PSt7-10","180509-002","6/18/2019 6:15:17 AM","0000-00","0","no battery","V"
"07/13/2019","06:24:35","9","default","116269760","OXY_CH9","17.622","min","246.727","μmol/L","Humid","20.865","deg","109983","µV","20.150","°C","1013.000","hPa","36.5","pmil","0","55.690","deg","20.000","°C","100.000","%a.s.","22.400","deg","20.000","°C","962.000","hPa","0.861","-0.02617","0.00035","0","0","13.56","Humid","35.35","0","78.50","296297.99","SABD0002000014","AAV2.0.0.13","3.0.1.1413","PSt7-10","180509-002","6/18/2019 6:15:17 AM","0000-00","0","no battery","V"
"07/13/2019","06:24:36","9","default","116269760","OXY_CH9","17.639","min","246.771","μmol/L","Humid","20.863","deg","109982","µV","20.150","°C","1013.000","hPa","36.5","pmil","0","55.690","deg","20.000","°C","100.000","%a.s.","22.400","deg","20.000","°C","962.000","hPa","0.861","-0.02617","0.00035","0","0","13.56","Humid","35.35","0","78.50","296301.11","SABD0002000014","AAV2.0.0.13","3.0.1.1413","PSt7-10","180509-002","6/18/2019 6:15:17 AM","0000-00","0","no battery","V"
"07/13/2019","06:24:37","9","default","116269760","OXY_CH9","17.656","min","246.793","μmol/L","Humid","20.862","deg","109969","µV","20.150","°C","1013.000","hPa","36.5","pmil","0","55.690","deg","20.000","°C","100.000","%a.s.","22.400","deg","20.000","°C","962.000","hPa","0.861","-0.02617","0.00035","0","0","13.56","Humid","35.35","0","78.50","296311.87","SABD0002000014","AAV2.0.0.13","3.0.1.1413","PSt7-10","180509-002","6/18/2019 6:15:17 AM","0000-00","0","no battery","V"
"07/13/2019","06:24:38","9","default","116269760","OXY_CH9","17.672","min","246.749","μmol/L","Humid","20.864","deg","109955","µV","20.150","°C","1013.000","hPa","36.5","pmil","0","55.690","deg","20.000","°C","100.000","%a.s.","22.400","deg","20.000","°C","962.000","hPa","0.861","-0.02617","0.00035","0","0","13.56","Humid","35.35","0","78.50","296302.53","SABD0002000014","AAV2.0.0.13","3.0.1.1413","PSt7-10","180509-002","6/18/2019 6:15:17 AM","0000-00","0","no battery","V"
"07/13/2019","06:24:39","9","default","116269760","OXY_CH9","17.689","min","246.902","μmol/L","Humid","20.857","deg","109949","µV","20.150","°C","1013.000","hPa","36.5","pmil","0","55.690","deg","20.000","°C","100.000","%a.s.","22.400","deg","20.000","°C","962.000","hPa","0.861","-0.02617","0.00035","0","0","13.56","Humid","35.35","0","78.50","296307.95","SABD0002000014","AAV2.0.0.13","3.0.1.1413","PSt7-10","180509-002","6/18/2019 6:15:17 AM","0000-00","0","no battery","V"
"07/13/2019","06:24:40","9","default","116269760","OXY_CH9","17.705","min","246.924","μmol/L","Humid","20.856","deg","109933","µV","20.150","°C","1013.000","hPa","36.5","pmil","0","55.690","deg","20.000","°C","100.000","%a.s.","22.400","deg","20.000","°C","962.000","hPa","0.861","-0.02617","0.00035","0","0","13.56","Humid","35.35","0","78.50","296298.39","SABD0002000014","AAV2.0.0.13","3.0.1.1413","PSt7-10","180509-002","6/18/2019 6:15:17 AM","0000-00","0","no battery","V"
"07/13/2019","06:24:41","9","default","116269760","OXY_CH9","17.723","min","246.990","μmol/L","Humid","20.855","deg","109928","µV","20.144","°C","1013.000","hPa","36.5","pmil","0","55.690","deg","20.000","°C","100.000","%a.s.","22.400","deg","20.000","°C","962.000","hPa","0.861","-0.02617","0.00035","0","0","13.56","Humid","35.35","0","78.50","296304.11","SABD0002000014","AAV2.0.0.13","3.0.1.1413","PSt7-10","180509-002","6/18/2019 6:15:17 AM","0000-00","0","no battery","V"
"07/13/2019","06:24:42","9","default","116269760","OXY_CH9","17.739","min","246.881","μmol/L","Humid","20.858","deg","109915","µV","20.150","°C","1013.000","hPa","36.5","pmil","0","55.690","deg","20.000","°C","100.000","%a.s.","22.400","deg","20.000","°C","962.000","hPa","0.861","-0.02617","0.00035","0","0","13.56","Humid","35.35","0","78.50","296291.16","SABD0002000014","AAV2.0.0.13","3.0.1.1413","PSt7-10","180509-002","6/18/2019 6:15:17 AM","0000-00","0","no battery","V"
"07/13/2019","06:24:43","9","default","116269760","OXY_CH9","17.756","min","247.012","μmol/L","Humid","20.856","deg","109907","µV","20.138","°C","1013.000","hPa","36.5","pmil","0","55.690","deg","20.000","°C","100.000","%a.s.","22.400","deg","20.000","°C","962.000","hPa","0.861","-0.02617","0.00035","0","0","13.56","Humid","35.35","0","78.50","296300.50","SABD0002000014","AAV2.0.0.13","3.0.1.1413","PSt7-10","180509-002","6/18/2019 6:15:17 AM","0000-00","0","no battery","V"
"07/13/2019","06:24:44","9","default","116269760","OXY_CH9","17.772","min","247.100","μmol/L","Humid","20.850","deg","109908","µV","20.144","°C","1013.000","hPa","36.5","pmil","0","55.690","deg","20.000","°C","100.000","%a.s.","22.400","deg","20.000","°C","962.000","hPa","0.861","-0.02617","0.00035","0","0","13.56","Humid","35.35","0","78.50","296294.13","SABD0002000014","AAV2.0.0.13","3.0.1.1413","PSt7-10","180509-002","6/18/2019 6:15:17 AM","0000-00","0","no battery","V"
"07/13/2019","06:24:45","9","default","116269760","OXY_CH9","17.789","min","247.012","μmol/L","Humid","20.850","deg","109893","µV","20.156","°C","1013.000","hPa","36.5","pmil","0","55.690","deg","20.000","°C","100.000","%a.s.","22.400","deg","20.000","°C","962.000","hPa","0.861","-0.02617","0.00035","0","0","13.56","Humid","35.35","0","78.50","296280.53","SABD0002000014","AAV2.0.0.13","3.0.1.1413","PSt7-10","180509-002","6/18/2019 6:15:17 AM","0000-00","0","no battery","V"
"07/13/2019","06:24:46","9","default","116269760","OXY_CH9","17.806","min","247.165","μmol/L","Humid","20.849","deg","109879","µV","20.138","°C","1013.000","hPa","36.5","pmil","0","55.690","deg","20.000","°C","100.000","%a.s.","22.400","deg","20.000","°C","962.000","hPa","0.861","-0.02617","0.00035","0","0","13.56","Humid","35.35","0","78.50","296291.68","SABD0002000014","AAV2.0.0.13","3.0.1.1413","PSt7-10","180509-002","6/18/2019 6:15:17 AM","0000-00","0","no battery","V"
"07/13/2019","06:24:47","9","default","116269760","OXY_CH9","17.823","min","247.187","μmol/L","Humid","20.846","deg","109875","µV","20.144","°C","1013.000","hPa","36.5","pmil","0","55.690","deg","20.000","°C","100.000","%a.s.","22.400","deg","20.000","°C","962.000","hPa","0.861","-0.02617","0.00035","0","0","13.56","Humid","35.35","0","78.50","296301.12","SABD0002000014","AAV2.0.0.13","3.0.1.1413","PSt7-10","180509-002","6/18/2019 6:15:17 AM","0000-00","0","no battery","V"
"07/13/2019","06:24:48","9","default","116269760","OXY_CH9","17.839","min","247.165","μmol/L","Humid","20.847","deg","109864","µV","20.144","°C","1013.000","hPa","36.5","pmil","0","55.690","deg","20.000","°C","100.000","%a.s.","22.400","deg","20.000","°C","962.000","hPa","0.861","-0.02617","0.00035","0","0","13.56","Humid","35.35","0","78.50","296304.88","SABD0002000014","AAV2.0.0.13","3.0.1.1413","PSt7-10","180509-002","6/18/2019 6:15:17 AM","0000-00","0","no battery","V"
"07/13/2019","06:24:49","9","default","116269760","OXY_CH9","17.856","min","247.210","μmol/L","Humid","20.843","deg","109859","µV","20.150","°C","1013.000","hPa","36.5","pmil","0","55.690","deg","20.000","°C","100.000","%a.s.","22.400","deg","20.000","°C","962.000","hPa","0.861","-0.02617","0.00035","0","0","13.56","Humid","35.35","0","78.50","296295.45","SABD0002000014","AAV2.0.0.13","3.0.1.1413","PSt7-10","180509-002","6/18/2019 6:15:17 AM","0000-00","0","no battery","V"
"07/13/2019","06:24:50","9","default","116269760","OXY_CH9","17.872","min","247.210","μmol/L","Humid","20.843","deg","109842","µV","20.150","°C","1013.000","hPa","36.5","pmil","0","55.690","deg","20.000","°C","100.000","%a.s.","22.400","deg","20.000","°C","962.000","hPa","0.861","-0.02617","0.00035","0","0","13.56","Humid","35.35","0","78.50","296289.50","SABD0002000014","AAV2.0.0.13","3.0.1.1413","PSt7-10","180509-002","6/18/2019 6:15:17 AM","0000-00","0","no battery","V"
"07/13/2019","06:24:51","9","default","116269760","OXY_CH9","17.889","min","247.166","μmol/L","Humid","20.845","deg","109835","µV","20.150","°C","1013.000","hPa","36.5","pmil","0","55.690","deg","20.000","°C","100.000","%a.s.","22.400","deg","20.000","°C","962.000","hPa","0.861","-0.02617","0.00035","0","0","13.56","Humid","35.35","0","78.50","296290.94","SABD0002000014","AAV2.0.0.13","3.0.1.1413","PSt7-10","180509-002","6/18/2019 6:15:17 AM","0000-00","0","no battery","V"
"07/13/2019","06:24:52","9","default","116269760","OXY_CH9","17.905","min","247.210","μmol/L","Humid","20.843","deg","109825","µV","20.150","°C","1013.000","hPa","36.5","pmil","0","55.690","deg","20.000","°C","100.000","%a.s.","22.400","deg","20.000","°C","962.000","hPa","0.861","-0.02617","0.00035","0","0","13.56","Humid","35.35","0","78.50","296289.29","SABD0002000014","AAV2.0.0.13","3.0.1.1413","PSt7-10","180509-002","6/18/2019 6:15:17 AM","0000-00","0","no battery","V"
"07/13/2019","06:24:53","9","default","116269760","OXY_CH9","17.923","min","247.232","μmol/L","Humid","20.840","deg","109828","µV","20.156","°C","1013.000","hPa","36.5","pmil","0","55.690","deg","20.000","°C","100.000","%a.s.","22.400","deg","20.000","°C","962.000","hPa","0.861","-0.02617","0.00035","0","0","13.56","Humid","35.35","0","78.50","296293.92","SABD0002000014","AAV2.0.0.13","3.0.1.1413","PSt7-10","180509-002","6/18/2019 6:15:17 AM","0000-00","0","no battery","V"
"07/13/2019","06:24:54","9","default","116269760","OXY_CH9","17.939","min","247.253","μmol/L","Humid","20.843","deg","109813","µV","20.144","°C","1013.000","hPa","36.5","pmil","0","55.690","deg","20.000","°C","100.000","%a.s.","22.400","deg","20.000","°C","962.000","hPa","0.861","-0.02617","0.00035","0","0","13.56","Humid","35.35","0","78.50","296283.04","SABD0002000014","AAV2.0.0.13","3.0.1.1413","PSt7-10","180509-002","6/18/2019 6:15:17 AM","0000-00","0","no battery","V"
"07/13/2019","06:24:55","9","default","116269760","OXY_CH9","17.955","min","247.363","μmol/L","Humid","20.838","deg","109800","µV","20.144","°C","1013.000","hPa","36.5","pmil","0","55.690","deg","20.000","°C","100.000","%a.s.","22.400","deg","20.000","°C","962.000","hPa","0.861","-0.02617","0.00035","0","0","13.56","Humid","35.35","0","78.50","296292.83","SABD0002000014","AAV2.0.0.13","3.0.1.1413","PSt7-10","180509-002","6/18/2019 6:15:17 AM","0000-00","0","no battery","V"
"07/13/2019","06:24:56","9","default","116269760","OXY_CH9","17.972","min","247.341","μmol/L","Humid","20.839","deg","109793","µV","20.144","°C","1013.000","hPa","36.5","pmil","0","55.690","deg","20.000","°C","100.000","%a.s.","22.400","deg","20.000","°C","962.000","hPa","0.861","-0.02617","0.00035","0","0","13.56","Humid","35.35","0","78.50","296288.75","SABD0002000014","AAV2.0.0.13","3.0.1.1413","PSt7-10","180509-002","6/18/2019 6:15:17 AM","0000-00","0","no battery","V"
"07/13/2019","06:24:57","9","default","116269760","OXY_CH9","17.989","min","247.385","μmol/L","Humid","20.833","deg","109787","µV","20.156","°C","1013.000","hPa","36.5","pmil","0","55.690","deg","20.000","°C","100.000","%a.s.","22.400","deg","20.000","°C","962.000","hPa","0.861","-0.02617","0.00035","0","0","13.56","Humid","35.35","0","78.50","296288.51","SABD0002000014","AAV2.0.0.13","3.0.1.1413","PSt7-10","180509-002","6/18/2019 6:15:17 AM","0000-00","0","no battery","V"
"07/13/2019","06:24:58","9","default","116269760","OXY_CH9","18.006","min","247.495","μmol/L","Humid","20.832","deg","109780","µV","20.144","°C","1013.000","hPa","36.5","pmil","0","55.690","deg","20.000","°C","100.000","%a.s.","22.400","deg","20.000","°C","962.000","hPa","0.861","-0.02617","0.00035","0","0","13.56","Humid","35.35","0","78.50","296292.27","SABD0002000014","AAV2.0.0.13","3.0.1.1413","PSt7-10","180509-002","6/18/2019 6:15:17 AM","0000-00","0","no battery","V"
"07/13/2019","06:24:59","9","default","116269760","OXY_CH9","18.022","min","247.451","μmol/L","Humid","20.830","deg","109768","µV","20.156","°C","1013.000","hPa","36.5","pmil","0","55.690","deg","20.000","°C","100.000","%a.s.","22.400","deg","20.000","°C","962.000","hPa","0.861","-0.02617","0.00035","0","0","13.56","Humid","35.35","0","78.50","296288.36","SABD0002000014","AAV2.0.0.13","3.0.1.1413","PSt7-10","180509-002","6/18/2019 6:15:17 AM","0000-00","0","no battery","V"
"07/13/2019","06:25:00","9","default","116269760","OXY_CH9","18.039","min","247.561","μmol/L","Humid","20.829","deg","109760","µV","20.144","°C","1013.000","hPa","36.5","pmil","0","55.690","deg","20.000","°C","100.000","%a.s.","22.400","deg","20.000","°C","962.000","hPa","0.861","-0.02617","0.00035","0","0","13.56","Humid","35.35","0","78.50","296289.08","SABD0002000014","AAV2.0.0.13","3.0.1.1413","PSt7-10","180509-002","6/18/2019 6:15:17 AM","0000-00","0","no battery","V"
"07/13/2019","06:25:01","9","default","116269760","OXY_CH9","18.055","min","247.539","μmol/L","Humid","20.830","deg","109752","µV","20.144","°C","1013.000","hPa","36.5","pmil","0","55.690","deg","20.000","°C","100.000","%a.s.","22.400","deg","20.000","°C","962.000","hPa","0.861","-0.02617","0.00035","0","0","13.56","Humid","35.35","0","78.50","296277.51","SABD0002000014","AAV2.0.0.13","3.0.1.1413","PSt7-10","180509-002","6/18/2019 6:15:17 AM","0000-00","0","no battery","V"
"07/13/2019","06:25:02","9","default","116269760","OXY_CH9","18.072","min","247.583","μmol/L","Humid","20.828","deg","109743","µV","20.144","°C","1013.000","hPa","36.5","pmil","0","55.690","deg","20.000","°C","100.000","%a.s.","22.400","deg","20.000","°C","962.000","hPa","0.861","-0.02617","0.00035","0","0","13.56","Humid","35.35","0","78.50","296289.81","SABD0002000014","AAV2.0.0.13","3.0.1.1413","PSt7-10","180509-002","6/18/2019 6:15:17 AM","0000-00","0","no battery","V"
"07/13/2019","06:25:03","9","default","116269760","OXY_CH9","18.089","min","247.649","μmol/L","Humid","20.825","deg","109735","µV","20.144","°C","1013.000","hPa","36.5","pmil","0","55.690","deg","20.000","°C","100.000","%a.s.","22.400","deg","20.000","°C","962.000","hPa","0.861","-0.02617","0.00035","0","0","13.56","Humid","35.35","0","78.50","296293.18","SABD0002000014","AAV2.0.0.13","3.0.1.1413","PSt7-10","180509-002","6/18/2019 6:15:17 AM","0000-00","0","no battery","V"
"07/13/2019","06:25:04","9","default","116269760","OXY_CH9","18.105","min","247.583","μmol/L","Humid","20.826","deg","109721","µV","20.150","°C","1013.000","hPa","36.5","pmil","0","55.690","deg","20.000","°C","100.000","%a.s.","22.400","deg","20.000","°C","962.000","hPa","0.861","-0.02617","0.00035","0","0","13.56","Humid","35.35","0","78.50","296271.20","SABD0002000014","AAV2.0.0.13","3.0.1.1413","PSt7-10","180509-002","6/18/2019 6:15:17 AM","0000-00","0","no battery","V"
"07/13/2019","06:25:05","9","default","116269760","OXY_CH9","18.123","min","247.627","μmol/L","Humid","20.824","deg","109717","µV","20.150","°C","1013.000","hPa","36.5","pmil","0","55.690","deg","20.000","°C","100.000","%a.s.","22.400","deg","20.000","°C","962.000","hPa","0.861","-0.02617","0.00035","0","0","13.56","Humid","35.35","0","78.50","296277.54","SABD0002000014","AAV2.0.0.13","3.0.1.1413","PSt7-10","180509-002","6/18/2019 6:15:17 AM","0000-00","0","no battery","V"
"07/13/2019","06:25:06","9","default","116269760","OXY_CH9","18.139","min","247.627","μmol/L","Humid","20.822","deg","109704","µV","20.156","°C","1013.000","hPa","36.5","pmil","0","55.690","deg","20.000","°C","100.000","%a.s.","22.400","deg","20.000","°C","962.000","hPa","0.861","-0.02617","0.00035","0","0","13.56","Humid","35.35","0","78.50","296288.91","SABD0002000014","AAV2.0.0.13","3.0.1.1413","PSt7-10","180509-002","6/18/2019 6:15:17 AM","0000-00","0","no battery","V"
"07/13/2019","06:25:07","9","default","116269760","OXY_CH9","18.156","min","247.803","μmol/L","Humid","20.820","deg","109696","µV","20.138","°C","1013.000","hPa","36.5","pmil","0","55.690","deg","20.000","°C","100.000","%a.s.","22.400","deg","20.000","°C","962.000","hPa","0.861","-0.02617","0.00035","0","0","13.56","Humid","35.35","0","78.50","296273.28","SABD0002000014","AAV2.0.0.13","3.0.1.1413","PSt7-10","180509-002","6/18/2019 6:15:17 AM","0000-00","0","no battery","V"
"07/13/2019","06:25:08","9","default","116269760","OXY_CH9","18.172","min","247.935","μmol/L","Humid","20.812","deg","109677","µV","20.144","°C","1013.000","hPa","36.5","pmil","0","55.690","deg","20.000","°C","100.000","%a.s.","22.400","deg","20.000","°C","962.000","hPa","0.861","-0.02617","0.00035","0","0","13.56","Humid","35.35","0","78.50","296269.45","SABD0002000014","AAV2.0.0.13","3.0.1.1413","PSt7-10","180509-002","6/18/2019 6:15:17 AM","0000-00","0","no battery","V"
"07/13/2019","06:25:09","9","default","116269760","OXY_CH9","18.189","min","247.803","μmol/L","Humid","20.818","deg","109673","µV","20.144","°C","1013.000","hPa","36.5","pmil","0","55.690","deg","20.000","°C","100.000","%a.s.","22.400","deg","20.000","°C","962.000","hPa","0.861","-0.02617","0.00035","0","0","13.56","Humid","35.35","0","78.50","296261.56","SABD0002000014","AAV2.0.0.13","3.0.1.1413","PSt7-10","180509-002","6/18/2019 6:15:17 AM","0000-00","0","no battery","V"
"07/13/2019","06:25:10","9","default","116269760","OXY_CH9","18.205","min","247.891","μmol/L","Humid","20.814","deg","109661","µV","20.144","°C","1013.000","hPa","36.5","pmil","0","55.690","deg","20.000","°C","100.000","%a.s.","22.400","deg","20.000","°C","962.000","hPa","0.861","-0.02617","0.00035","0","0","13.56","Humid","35.35","0","78.50","296285.98","SABD0002000014","AAV2.0.0.13","3.0.1.1413","PSt7-10","180509-002","6/18/2019 6:15:17 AM","0000-00","0","no battery","V"
"07/13/2019","06:25:11","9","default","116269760","OXY_CH9","18.223","min","247.979","μmol/L","Humid","20.810","deg","109655","µV","20.144","°C","1013.000","hPa","36.5","pmil","0","55.690","deg","20.000","°C","100.000","%a.s.","22.400","deg","20.000","°C","962.000","hPa","0.861","-0.02617","0.00035","0","0","13.56","Humid","35.35","0","78.50","296285.43","SABD0002000014","AAV2.0.0.13","3.0.1.1413","PSt7-10","180509-002","6/18/2019 6:15:17 AM","0000-00","0","no battery","V"
"07/13/2019","06:25:12","9","default","116269760","OXY_CH9","18.239","min","247.869","μmol/L","Humid","20.811","deg","109644","µV","20.156","°C","1013.000","hPa","36.5","pmil","0","55.690","deg","20.000","°C","100.000","%a.s.","22.400","deg","20.000","°C","962.000","hPa","0.861","-0.02617","0.00035","0","0","13.56","Humid","35.35","0","78.50","296277.96","SABD0002000014","AAV2.0.0.13","3.0.1.1413","PSt7-10","180509-002","6/18/2019 6:15:17 AM","0000-00","0","no battery","V"
"07/13/2019","06:25:13","9","default","116269760","OXY_CH9","18.255","min","247.935","μmol/L","Humid","20.810","deg","109637","µV","20.150","°C","1013.000","hPa","36.5","pmil","0","55.690","deg","20.000","°C","100.000","%a.s.","22.400","deg","20.000","°C","962.000","hPa","0.861","-0.02617","0.00035","0","0","13.56","Humid","35.35","0","78.50","296279.41","SABD0002000014","AAV2.0.0.13","3.0.1.1413","PSt7-10","180509-002","6/18/2019 6:15:17 AM","0000-00","0","no battery","V"
"07/13/2019","06:25:14","9","default","116269760","OXY_CH9","18.272","min","248.023","μmol/L","Humid","20.808","deg","109632","µV","20.144","°C","1013.000","hPa","36.5","pmil","0","55.690","deg","20.000","°C","100.000","%a.s.","22.400","deg","20.000","°C","962.000","hPa","0.861","-0.02617","0.00035","0","0","13.56","Humid","35.35","0","78.50","296277.16","SABD0002000014","AAV2.0.0.13","3.0.1.1413","PSt7-10","180509-002","6/18/2019 6:15:17 AM","0000-00","0","no battery","V"
"07/13/2019","06:25:15","9","default","116269760","OXY_CH9","18.289","min","247.979","μmol/L","Humid","20.808","deg","109615","µV","20.150","°C","1013.000","hPa","36.5","pmil","0","55.690","deg","20.000","°C","100.000","%a.s.","22.400","deg","20.000","°C","962.000","hPa","0.861","-0.02617","0.00035","0","0","13.56","Humid","35.35","0","78.50","296274.15","SABD0002000014","AAV2.0.0.13","3.0.1.1413","PSt7-10","180509-002","6/18/2019 6:15:17 AM","0000-00","0","no battery","V"
"07/13/2019","06:25:16","9","default","116269760","OXY_CH9","18.306","min","248.023","μmol/L","Humid","20.806","deg","109609","µV","20.150","°C","1013.000","hPa","36.5","pmil","0","55.690","deg","20.000","°C","100.000","%a.s.","22.400","deg","20.000","°C","962.000","hPa","0.861","-0.02617","0.00035","0","0","13.56","Humid","35.35","0","78.50","296283.84","SABD0002000014","AAV2.0.0.13","3.0.1.1413","PSt7-10","180509-002","6/18/2019 6:15:17 AM","0000-00","0","no battery","V"
"07/13/2019","06:25:17","9","default","116269760","OXY_CH9","18.322","min","248.089","μmol/L","Humid","20.805","deg","109598","µV","20.144","°C","1013.000","hPa","36.5","pmil","0","55.690","deg","20.000","°C","100.000","%a.s.","22.400","deg","20.000","°C","962.000","hPa","0.861","-0.02617","0.00035","0","0","13.56","Humid","35.35","0","78.50","296276.66","SABD0002000014","AAV2.0.0.13","3.0.1.1413","PSt7-10","180509-002","6/18/2019 6:15:17 AM","0000-00","0","no battery","V"
"07/13/2019","06:25:18","9","default","116269760","OXY_CH9","18.339","min","248.068","μmol/L","Humid","20.802","deg","109590","µV","20.156","°C","1013.000","hPa","36.5","pmil","0","55.690","deg","20.000","°C","100.000","%a.s.","22.400","deg","20.000","°C","962.000","hPa","0.861","-0.02617","0.00035","0","0","13.56","Humid","35.35","0","78.50","296284.04","SABD0002000014","AAV2.0.0.13","3.0.1.1413","PSt7-10","180509-002","6/18/2019 6:15:17 AM","0000-00","0","no battery","V"
"07/13/2019","06:25:19","9","default","116269760","OXY_CH9","18.355","min","248.112","μmol/L","Humid","20.802","deg","109579","µV","20.150","°C","1013.000","hPa","36.5","pmil","0","55.690","deg","20.000","°C","100.000","%a.s.","22.400","deg","20.000","°C","962.000","hPa","0.861","-0.02617","0.00035","0","0","13.56","Humid","35.35","0","78.50","296278.63","SABD0002000014","AAV2.0.0.13","3.0.1.1413","PSt7-10","180509-002","6/18/2019 6:15:17 AM","0000-00","0","no battery","V"
"07/13/2019","06:25:20","9","default","116269760","OXY_CH9","18.372","min","248.112","μmol/L","Humid","20.802","deg","109570","µV","20.150","°C","1013.000","hPa","36.5","pmil","0","55.690","deg","20.000","°C","100.000","%a.s.","22.400","deg","20.000","°C","962.000","hPa","0.861","-0.02617","0.00035","0","0","13.56","Humid","35.35","0","78.50","296275.56","SABD0002000014","AAV2.0.0.13","3.0.1.1413","PSt7-10","180509-002","6/18/2019 6:15:17 AM","0000-00","0","no battery","V"
"07/13/2019","06:25:21","9","default","116269760","OXY_CH9","18.389","min","248.200","μmol/L","Humid","20.798","deg","109568","µV","20.150","°C","1013.000","hPa","36.5","pmil","0","55.690","deg","20.000","°C","100.000","%a.s.","22.400","deg","20.000","°C","962.000","hPa","0.861","-0.02617","0.00035","0","0","13.56","Humid","35.35","0","78.50","296285.05","SABD0002000014","AAV2.0.0.13","3.0.1.1413","PSt7-10","180509-002","6/18/2019 6:15:17 AM","0000-00","0","no battery","V"
"07/13/2019","06:25:22","9","default","116269760","OXY_CH9","18.406","min","248.134","μmol/L","Humid","20.801","deg","109552","µV","20.150","°C","1013.000","hPa","36.5","pmil","0","55.690","deg","20.000","°C","100.000","%a.s.","22.400","deg","20.000","°C","962.000","hPa","0.861","-0.02617","0.00035","0","0","13.56","Humid","35.35","0","78.50","296269.90","SABD0002000014","AAV2.0.0.13","3.0.1.1413","PSt7-10","180509-002","6/18/2019 6:15:17 AM","0000-00","0","no battery","V"
"07/13/2019","06:25:23","9","default","116269760","OXY_CH9","18.423","min","248.156","μmol/L","Humid","20.796","deg","109535","µV","20.162","°C","1013.000","hPa","36.5","pmil","0","55.690","deg","20.000","°C","100.000","%a.s.","22.400","deg","20.000","°C","962.000","hPa","0.861","-0.02617","0.00035","0","0","13.56","Humid","35.35","0","78.50","296277.76","SABD0002000014","AAV2.0.0.13","3.0.1.1413","PSt7-10","180509-002","6/18/2019 6:15:17 AM","0000-00","0","no battery","V"
"07/13/2019","06:25:24","9","default","116269760","OXY_CH9","18.439","min","248.112","μmol/L","Humid","20.798","deg","109531","µV","20.162","°C","1013.000","hPa","36.5","pmil","0","55.690","deg","20.000","°C","100.000","%a.s.","22.400","deg","20.000","°C","962.000","hPa","0.861","-0.02617","0.00035","0","0","13.56","Humid","35.35","0","78.50","296267.00","SABD0002000014","AAV2.0.0.13","3.0.1.1413","PSt7-10","180509-002","6/18/2019 6:15:17 AM","0000-00","0","no battery","V"
"07/13/2019","06:25:25","9","default","116269760","OXY_CH9","18.456","min","248.222","μmol/L","Humid","20.795","deg","109521","µV","20.156","°C","1013.000","hPa","36.5","pmil","0","55.690","deg","20.000","°C","100.000","%a.s.","22.400","deg","20.000","°C","962.000","hPa","0.861","-0.02617","0.00035","0","0","13.56","Humid","35.35","0","78.50","296278.70","SABD0002000014","AAV2.0.0.13","3.0.1.1413","PSt7-10","180509-002","6/18/2019 6:15:17 AM","0000-00","0","no battery","V"
"07/13/2019","06:25:26","9","default","116269760","OXY_CH9","18.472","min","248.266","μmol/L","Humid","20.793","deg","109511","µV","20.156","°C","1013.000","hPa","36.5","pmil","0","55.690","deg","20.000","°C","100.000","%a.s.","22.400","deg","20.000","°C","962.000","hPa","0.861","-0.02617","0.00035","0","0","13.56","Humid","35.35","0","78.50","296276.74","SABD0002000014","AAV2.0.0.13","3.0.1.1413","PSt7-10","180509-002","6/18/2019 6:15:17 AM","0000-00","0","no battery","V"
"07/13/2019","06:25:27","9","default","116269760","OXY_CH9","18.489","min","248.288","μmol/L","Humid","20.792","deg","109501","µV","20.156","°C","1013.000","hPa","36.5","pmil","0","55.690","deg","20.000","°C","100.000","%a.s.","22.400","deg","20.000","°C","962.000","hPa","0.861","-0.02617","0.00035","0","0","13.56","Humid","35.35","0","78.50","296262.04","SABD0002000014","AAV2.0.0.13","3.0.1.1413","PSt7-10","180509-002","6/18/2019 6:15:17 AM","0000-00","0","no battery","V"
"07/13/2019","06:25:28","9","default","116269760","OXY_CH9","18.505","min","248.487","μmol/L","Humid","20.785","deg","109488","µV","20.150","°C","1013.000","hPa","36.5","pmil","0","55.690","deg","20.000","°C","100.000","%a.s.","22.400","deg","20.000","°C","962.000","hPa","0.861","-0.02617","0.00035","0","0","13.56","Humid","35.35","0","78.50","296278.27","SABD0002000014","AAV2.0.0.13","3.0.1.1413","PSt7-10","180509-002","6/18/2019 6:15:17 AM","0000-00","0","no battery","V"
"07/13/2019","06:25:29","9","default","116269760","OXY_CH9","18.523","min","248.421","μmol/L","Humid","20.788","deg","109493","µV","20.150","°C","1013.000","hPa","36.5","pmil","0","55.690","deg","20.000","°C","100.000","%a.s.","22.400","deg","20.000","°C","962.000","hPa","0.861","-0.02617","0.00035","0","0","13.56","Humid","35.35","0","78.50","296268.87","SABD0002000014","AAV2.0.0.13","3.0.1.1413","PSt7-10","180509-002","6/18/2019 6:15:17 AM","0000-00","0","no battery","V"
"07/13/2019","06:25:30","9","default","116269760","OXY_CH9","18.539","min","248.443","μmol/L","Humid","20.785","deg","109468","µV","20.156","°C","1013.000","hPa","36.5","pmil","0","55.690","deg","20.000","°C","100.000","%a.s.","22.400","deg","20.000","°C","962.000","hPa","0.861","-0.02617","0.00035","0","0","13.56","Humid","35.35","0","78.50","296264.75","SABD0002000014","AAV2.0.0.13","3.0.1.1413","PSt7-10","180509-002","6/18/2019 6:15:17 AM","0000-00","0","no battery","V"
"07/13/2019","06:25:31","9","default","116269760","OXY_CH9","18.556","min","248.509","μmol/L","Humid","20.784","deg","109457","µV","20.150","°C","1013.000","hPa","36.5","pmil","0","55.690","deg","20.000","°C","100.000","%a.s.","22.400","deg","20.000","°C","962.000","hPa","0.861","-0.02617","0.00035","0","0","13.56","Humid","35.35","0","78.50","296268.69","SABD0002000014","AAV2.0.0.13","3.0.1.1413","PSt7-10","180509-002","6/18/2019 6:15:17 AM","0000-00","0","no battery","V"
"07/13/2019","06:25:32","9","default","116269760","OXY_CH9","18.572","min","248.553","μmol/L","Humid","20.782","deg","109465","µV","20.150","°C","1013.000","hPa","36.5","pmil","0","55.690","deg","20.000","°C","100.000","%a.s.","22.400","deg","20.000","°C","962.000","hPa","0.861","-0.02617","0.00035","0","0","13.56","Humid","35.35","0","78.50","296266.50","SABD0002000014","AAV2.0.0.13","3.0.1.1413","PSt7-10","180509-002","6/18/2019 6:15:17 AM","0000-00","0","no battery","V"
"07/13/2019","06:25:33","9","default","116269760","OXY_CH9","18.589","min","248.553","μmol/L","Humid","20.782","deg","109441","µV","20.150","°C","1013.000","hPa","36.5","pmil","0","55.690","deg","20.000","°C","100.000","%a.s.","22.400","deg","20.000","°C","962.000","hPa","0.861","-0.02617","0.00035","0","0","13.56","Humid","35.35","0","78.50","296265.61","SABD0002000014","AAV2.0.0.13","3.0.1.1413","PSt7-10","180509-002","6/18/2019 6:15:17 AM","0000-00","0","no battery","V"
"07/13/2019","06:25:34","9","default","116269760","OXY_CH9","18.606","min","248.553","μmol/L","Humid","20.782","deg","109435","µV","20.150","°C","1013.000","hPa","36.5","pmil","0","55.690","deg","20.000","°C","100.000","%a.s.","22.400","deg","20.000","°C","962.000","hPa","0.861","-0.02617","0.00035","0","0","13.56","Humid","35.35","0","78.50","296271.45","SABD0002000014","AAV2.0.0.13","3.0.1.1413","PSt7-10","180509-002","6/18/2019 6:15:17 AM","0000-00","0","no battery","V"
"07/13/2019","06:25:35","9","default","116269760","OXY_CH9","18.623","min","248.664","μmol/L","Humid","20.775","deg","109422","µV","20.156","°C","1013.000","hPa","36.5","pmil","0","55.690","deg","20.000","°C","100.000","%a.s.","22.400","deg","20.000","°C","962.000","hPa","0.861","-0.02617","0.00035","0","0","13.56","Humid","35.35","0","78.50","296274.42","SABD0002000014","AAV2.0.0.13","3.0.1.1413","PSt7-10","180509-002","6/18/2019 6:15:17 AM","0000-00","0","no battery","V"
"07/13/2019","06:25:36","9","default","116269760","OXY_CH9","18.639","min","248.730","μmol/L","Humid","20.774","deg","109416","µV","20.150","°C","1013.000","hPa","36.5","pmil","0","55.690","deg","20.000","°C","100.000","%a.s.","22.400","deg","20.000","°C","962.000","hPa","0.861","-0.02617","0.00035","0","0","13.56","Humid","35.35","0","78.50","296257.43","SABD0002000014","AAV2.0.0.13","3.0.1.1413","PSt7-10","180509-002","6/18/2019 6:15:17 AM","0000-00","0","no battery","V"
"07/13/2019","06:25:37","9","default","116269760","OXY_CH9","18.656","min","248.774","μmol/L","Humid","20.772","deg","109396","µV","20.150","°C","1013.000","hPa","36.5","pmil","0","55.690","deg","20.000","°C","100.000","%a.s.","22.400","deg","20.000","°C","962.000","hPa","0.861","-0.02617","0.00035","0","0","13.56","Humid","35.35","0","78.50","296274.81","SABD0002000014","AAV2.0.0.13","3.0.1.1413","PSt7-10","180509-002","6/18/2019 6:15:17 AM","0000-00","0","no battery","V"
"07/13/2019","06:25:38","9","default","116269760","OXY_CH9","18.672","min","248.686","μmol/L","Humid","20.776","deg","109392","µV","20.150","°C","1013.000","hPa","36.5","pmil","0","55.690","deg","20.000","°C","100.000","%a.s.","22.400","deg","20.000","°C","962.000","hPa","0.861","-0.02617","0.00035","0","0","13.56","Humid","35.35","0","78.50","296283.73","SABD0002000014","AAV2.0.0.13","3.0.1.1413","PSt7-10","180509-002","6/18/2019 6:15:17 AM","0000-00","0","no battery","V"
"07/13/2019","06:25:39","9","default","116269760","OXY_CH9","18.689","min","248.752","μmol/L","Humid","20.771","deg","109378","µV","20.156","°C","1013.000","hPa","36.5","pmil","0","55.690","deg","20.000","°C","100.000","%a.s.","22.400","deg","20.000","°C","962.000","hPa","0.861","-0.02617","0.00035","0","0","13.56","Humid","35.35","0","78.50","296269.10","SABD0002000014","AAV2.0.0.13","3.0.1.1413","PSt7-10","180509-002","6/18/2019 6:15:17 AM","0000-00","0","no battery","V"
"07/13/2019","06:25:40","9","default","116269760","OXY_CH9","18.706","min","248.752","μmol/L","Humid","20.771","deg","109374","µV","20.156","°C","1013.000","hPa","36.5","pmil","0","55.690","deg","20.000","°C","100.000","%a.s.","22.400","deg","20.000","°C","962.000","hPa","0.861","-0.02617","0.00035","0","0","13.56","Humid","35.35","0","78.50","296279.10","SABD0002000014","AAV2.0.0.13","3.0.1.1413","PSt7-10","180509-002","6/18/2019 6:15:17 AM","0000-00","0","no battery","V"
"07/13/2019","06:25:41","9","default","116269760","OXY_CH9","18.723","min","248.819","μmol/L","Humid","20.768","deg","109369","µV","20.156","°C","1013.000","hPa","36.5","pmil","0","55.690","deg","20.000","°C","100.000","%a.s.","22.400","deg","20.000","°C","962.000","hPa","0.861","-0.02617","0.00035","0","0","13.56","Humid","35.35","0","78.50","296270.65","SABD0002000014","AAV2.0.0.13","3.0.1.1413","PSt7-10","180509-002","6/18/2019 6:15:17 AM","0000-00","0","no battery","V"
"07/13/2019","06:25:42","9","default","116269760","OXY_CH9","18.739","min","248.819","μmol/L","Humid","20.768","deg","109362","µV","20.156","°C","1013.000","hPa","36.5","pmil","0","55.690","deg","20.000","°C","100.000","%a.s.","22.400","deg","20.000","°C","962.000","hPa","0.861","-0.02617","0.00035","0","0","13.56","Humid","35.35","0","78.50","296264.39","SABD0002000014","AAV2.0.0.13","3.0.1.1413","PSt7-10","180509-002","6/18/2019 6:15:17 AM","0000-00","0","no battery","V"
"07/13/2019","06:25:43","9","default","116269760","OXY_CH9","18.755","min","248.841","μmol/L","Humid","20.767","deg","109338","µV","20.156","°C","1013.000","hPa","36.5","pmil","0","55.690","deg","20.000","°C","100.000","%a.s.","22.400","deg","20.000","°C","962.000","hPa","0.861","-0.02617","0.00035","0","0","13.56","Humid","35.35","0","78.50","296266.08","SABD0002000014","AAV2.0.0.13","3.0.1.1413","PSt7-10","180509-002","6/18/2019 6:15:17 AM","0000-00","0","no battery","V"
"07/13/2019","06:25:44","9","default","116269760","OXY_CH9","18.772","min","248.907","μmol/L","Humid","20.764","deg","109344","µV","20.156","°C","1013.000","hPa","36.5","pmil","0","55.690","deg","20.000","°C","100.000","%a.s.","22.400","deg","20.000","°C","962.000","hPa","0.861","-0.02617","0.00035","0","0","13.56","Humid","35.35","0","78.50","296271.14","SABD0002000014","AAV2.0.0.13","3.0.1.1413","PSt7-10","180509-002","6/18/2019 6:15:17 AM","0000-00","0","no battery","V"
"07/13/2019","06:25:45","9","default","116269760","OXY_CH9","18.789","min","248.951","μmol/L","Humid","20.764","deg","109333","µV","20.150","°C","1013.000","hPa","36.5","pmil","0","55.690","deg","20.000","°C","100.000","%a.s.","22.400","deg","20.000","°C","962.000","hPa","0.861","-0.02617","0.00035","0","0","13.56","Humid","35.35","0","78.50","296256.61","SABD0002000014","AAV2.0.0.13","3.0.1.1413","PSt7-10","180509-002","6/18/2019 6:15:17 AM","0000-00","0","no battery","V"
"07/13/2019","06:25:46","9","default","116269760","OXY_CH9","18.805","min","249.040","μmol/L","Humid","20.760","deg","109327","µV","20.150","°C","1013.000","hPa","36.5","pmil","0","55.690","deg","20.000","°C","100.000","%a.s.","22.400","deg","20.000","°C","962.000","hPa","0.861","-0.02617","0.00035","0","0","13.56","Humid","35.35","0","78.50","296272.80","SABD0002000014","AAV2.0.0.13","3.0.1.1413","PSt7-10","180509-002","6/18/2019 6:15:17 AM","0000-00","0","no battery","V"
"07/13/2019","06:25:47","9","default","116269760","OXY_CH9","18.822","min","249.040","μmol/L","Humid","20.760","deg","109318","µV","20.150","°C","1013.000","hPa","36.5","pmil","0","55.690","deg","20.000","°C","100.000","%a.s.","22.400","deg","20.000","°C","962.000","hPa","0.861","-0.02617","0.00035","0","0","13.56","Humid","35.35","0","78.50","296263.12","SABD0002000014","AAV2.0.0.13","3.0.1.1413","PSt7-10","180509-002","6/18/2019 6:15:17 AM","0000-00","0","no battery","V"
"07/13/2019","06:25:48","9","default","116269760","OXY_CH9","18.839","min","249.040","μmol/L","Humid","20.758","deg","109303","µV","20.156","°C","1013.000","hPa","36.5","pmil","0","55.690","deg","20.000","°C","100.000","%a.s.","22.400","deg","20.000","°C","962.000","hPa","0.861","-0.02617","0.00035","0","0","13.56","Humid","35.35","0","78.50","296260.34","SABD0002000014","AAV2.0.0.13","3.0.1.1413","PSt7-10","180509-002","6/18/2019 6:15:17 AM","0000-00","0","no battery","V"
"07/13/2019","06:25:49","9","default","116269760","OXY_CH9","18.856","min","249.018","μmol/L","Humid","20.759","deg","109292","µV","20.156","°C","1013.000","hPa","36.5","pmil","0","55.690","deg","20.000","°C","100.000","%a.s.","22.400","deg","20.000","°C","962.000","hPa","0.861","-0.02617","0.00035","0","0","13.56","Humid","35.35","0","78.50","296271.48","SABD0002000014","AAV2.0.0.13","3.0.1.1413","PSt7-10","180509-002","6/18/2019 6:15:17 AM","0000-00","0","no battery","V"
"07/13/2019","06:25:50","9","default","116269760","OXY_CH9","18.872","min","249.085","μmol/L","Humid","20.756","deg","109285","µV","20.156","°C","1013.000","hPa","36.5","pmil","0","55.690","deg","20.000","°C","100.000","%a.s.","22.400","deg","20.000","°C","962.000","hPa","0.861","-0.02617","0.00035","0","0","13.56","Humid","35.35","0","78.50","296268.65","SABD0002000014","AAV2.0.0.13","3.0.1.1413","PSt7-10","180509-002","6/18/2019 6:15:17 AM","0000-00","0","no battery","V"
"07/13/2019","06:25:51","9","default","116269760","OXY_CH9","18.889","min","249.085","μmol/L","Humid","20.756","deg","109279","µV","20.156","°C","1013.000","hPa","36.5","pmil","0","55.690","deg","20.000","°C","100.000","%a.s.","22.400","deg","20.000","°C","962.000","hPa","0.861","-0.02617","0.00035","0","0","13.56","Humid","35.35","0","78.50","296266.49","SABD0002000014","AAV2.0.0.13","3.0.1.1413","PSt7-10","180509-002","6/18/2019 6:15:17 AM","0000-00","0","no battery","V"
"07/13/2019","06:25:52","9","default","116269760","OXY_CH9","18.906","min","249.196","μmol/L","Humid","20.749","deg","109275","µV","20.162","°C","1013.000","hPa","36.5","pmil","0","55.690","deg","20.000","°C","100.000","%a.s.","22.400","deg","20.000","°C","962.000","hPa","0.861","-0.02617","0.00035","0","0","13.56","Humid","35.35","0","78.50","296270.71","SABD0002000014","AAV2.0.0.13","3.0.1.1413","PSt7-10","180509-002","6/18/2019 6:15:17 AM","0000-00","0","no battery","V"
"07/13/2019","06:25:53","9","default","116269760","OXY_CH9","18.922","min","249.218","μmol/L","Humid","20.750","deg","109255","µV","20.156","°C","1013.000","hPa","36.5","pmil","0","55.690","deg","20.000","°C","100.000","%a.s.","22.400","deg","20.000","°C","962.000","hPa","0.861","-0.02617","0.00035","0","0","13.56","Humid","35.35","0","78.50","296258.49","SABD0002000014","AAV2.0.0.13","3.0.1.1413","PSt7-10","180509-002","6/18/2019 6:15:17 AM","0000-00","0","no battery","V"
"07/13/2019","06:25:54","9","default","116269760","OXY_CH9","18.939","min","249.151","μmol/L","Humid","20.751","deg","109248","µV","20.162","°C","1013.000","hPa","36.5","pmil","0","55.690","deg","20.000","°C","100.000","%a.s.","22.400","deg","20.000","°C","962.000","hPa","0.861","-0.02617","0.00035","0","0","13.56","Humid","35.35","0","78.50","296267.71","SABD0002000014","AAV2.0.0.13","3.0.1.1413","PSt7-10","180509-002","6/18/2019 6:15:17 AM","0000-00","0","no battery","V"
"07/13/2019","06:25:55","9","default","116269760","OXY_CH9","18.956","min","249.262","μmol/L","Humid","20.748","deg","109227","µV","20.156","°C","1013.000","hPa","36.5","pmil","0","55.690","deg","20.000","°C","100.000","%a.s.","22.400","deg","20.000","°C","962.000","hPa","0.861","-0.02617","0.00035","0","0","13.56","Humid","35.35","0","78.50","296261.06","SABD0002000014","AAV2.0.0.13","3.0.1.1413","PSt7-10","180509-002","6/18/2019 6:15:17 AM","0000-00","0","no battery","V"
"07/13/2019","06:25:56","9","default","116269760","OXY_CH9","18.972","min","249.372","μmol/L","Humid","20.747","deg","109223","µV","20.144","°C","1013.000","hPa","36.5","pmil","0","55.690","deg","20.000","°C","100.000","%a.s.","22.400","deg","20.000","°C","962.000","hPa","0.861","-0.02617","0.00035","0","0","13.56","Humid","35.35","0","78.50","296248.47","SABD0002000014","AAV2.0.0.13","3.0.1.1413","PSt7-10","180509-002","6/18/2019 6:15:17 AM","0000-00","0","no battery","V"
"07/13/2019","06:25:57","9","default","116269760","OXY_CH9","18.989","min","249.306","μmol/L","Humid","20.746","deg","109208","µV","20.156","°C","1013.000","hPa","36.5","pmil","0","55.690","deg","20.000","°C","100.000","%a.s.","22.400","deg","20.000","°C","962.000","hPa","0.861","-0.02617","0.00035","0","0","13.56","Humid","35.35","0","78.50","296270.56","SABD0002000014","AAV2.0.0.13","3.0.1.1413","PSt7-10","180509-002","6/18/2019 6:15:17 AM","0000-00","0","no battery","V"
"07/13/2019","06:25:58","9","default","116269760","OXY_CH9","19.005","min","249.351","μmol/L","Humid","20.744","deg","109193","µV","20.156","°C","1013.000","hPa","36.5","pmil","0","55.690","deg","20.000","°C","100.000","%a.s.","22.400","deg","20.000","°C","962.000","hPa","0.861","-0.02617","0.00035","0","0","13.56","Humid","35.35","0","78.50","296258.20","SABD0002000014","AAV2.0.0.13","3.0.1.1413","PSt7-10","180509-002","6/18/2019 6:15:17 AM","0000-00","0","no battery","V"
"07/13/2019","06:25:59","9","default","116269760","OXY_CH9","19.023","min","249.417","μmol/L","Humid","20.741","deg","109187","µV","20.156","°C","1013.000","hPa","36.5","pmil","0","55.690","deg","20.000","°C","100.000","%a.s.","22.400","deg","20.000","°C","962.000","hPa","0.861","-0.02617","0.00035","0","0","13.56","Humid","35.35","0","78.50","296258.59","SABD0002000014","AAV2.0.0.13","3.0.1.1413","PSt7-10","180509-002","6/18/2019 6:15:17 AM","0000-00","0","no battery","V"
"07/13/2019","06:26:00","9","default","116269760","OXY_CH9","19.039","min","249.418","μmol/L","Humid","20.739","deg","109177","µV","20.162","°C","1013.000","hPa","36.5","pmil","0","55.690","deg","20.000","°C","100.000","%a.s.","22.400","deg","20.000","°C","962.000","hPa","0.861","-0.02617","0.00035","0","0","13.56","Humid","35.35","0","78.50","296253.69","SABD0002000014","AAV2.0.0.13","3.0.1.1413","PSt7-10","180509-002","6/18/2019 6:15:17 AM","0000-00","0","no battery","V"
"07/13/2019","06:26:01","9","default","116269760","OXY_CH9","19.056","min","249.595","μmol/L","Humid","20.733","deg","109169","µV","20.156","°C","1013.000","hPa","36.5","pmil","0","55.690","deg","20.000","°C","100.000","%a.s.","22.400","deg","20.000","°C","962.000","hPa","0.861","-0.02617","0.00035","0","0","13.56","Humid","35.35","0","78.50","296259.25","SABD0002000014","AAV2.0.0.13","3.0.1.1413","PSt7-10","180509-002","6/18/2019 6:15:17 AM","0000-00","0","no battery","V"
"07/13/2019","06:26:02","9","default","116269760","OXY_CH9","19.072","min","249.506","μmol/L","Humid","20.737","deg","109154","µV","20.156","°C","1013.000","hPa","36.5","pmil","0","55.690","deg","20.000","°C","100.000","%a.s.","22.400","deg","20.000","°C","962.000","hPa","0.861","-0.02617","0.00035","0","0","13.56","Humid","35.35","0","78.50","296230.19","SABD0002000014","AAV2.0.0.13","3.0.1.1413","PSt7-10","180509-002","6/18/2019 6:15:17 AM","0000-00","0","no battery","V"
"07/13/2019","06:26:03","9","default","116269760","OXY_CH9","19.089","min","249.551","μmol/L","Humid","20.735","deg","109142","µV","20.156","°C","1013.000","hPa","36.5","pmil","0","55.690","deg","20.000","°C","100.000","%a.s.","22.400","deg","20.000","°C","962.000","hPa","0.861","-0.02617","0.00035","0","0","13.56","Humid","35.35","0","78.50","296244.85","SABD0002000014","AAV2.0.0.13","3.0.1.1413","PSt7-10","180509-002","6/18/2019 6:15:17 AM","0000-00","0","no battery","V"
"07/13/2019","06:26:04","9","default","116269760","OXY_CH9","19.106","min","249.551","μmol/L","Humid","20.735","deg","109141","µV","20.156","°C","1013.000","hPa","36.5","pmil","0","55.690","deg","20.000","°C","100.000","%a.s.","22.400","deg","20.000","°C","962.000","hPa","0.861","-0.02617","0.00035","0","0","13.56","Humid","35.35","0","78.50","296254.61","SABD0002000014","AAV2.0.0.13","3.0.1.1413","PSt7-10","180509-002","6/18/2019 6:15:17 AM","0000-00","0","no battery","V"
"07/13/2019","06:26:05","9","default","116269760","OXY_CH9","19.122","min","249.595","μmol/L","Humid","20.733","deg","109125","µV","20.156","°C","1013.000","hPa","36.5","pmil","0","55.690","deg","20.000","°C","100.000","%a.s.","22.400","deg","20.000","°C","962.000","hPa","0.861","-0.02617","0.00035","0","0","13.56","Humid","35.35","0","78.50","296248.67","SABD0002000014","AAV2.0.0.13","3.0.1.1413","PSt7-10","180509-002","6/18/2019 6:15:17 AM","0000-00","0","no battery","V"
"07/13/2019","06:26:06","9","default","116269760","OXY_CH9","19.139","min","249.684","μmol/L","Humid","20.729","deg","109121","µV","20.156","°C","1013.000","hPa","36.5","pmil","0","55.690","deg","20.000","°C","100.000","%a.s.","22.400","deg","20.000","°C","962.000","hPa","0.861","-0.02617","0.00035","0","0","13.56","Humid","35.35","0","78.50","296255.54","SABD0002000014","AAV2.0.0.13","3.0.1.1413","PSt7-10","180509-002","6/18/2019 6:15:17 AM","0000-00","0","no battery","V"
"07/13/2019","06:26:07","9","default","116269760","OXY_CH9","19.155","min","249.706","μmol/L","Humid","20.728","deg","109109","µV","20.156","°C","1013.000","hPa","36.5","pmil","0","55.690","deg","20.000","°C","100.000","%a.s.","22.400","deg","20.000","°C","962.000","hPa","0.861","-0.02617","0.00035","0","0","13.56","Humid","35.35","0","78.50","296257.52","SABD0002000014","AAV2.0.0.13","3.0.1.1413","PSt7-10","180509-002","6/18/2019 6:15:17 AM","0000-00","0","no battery","V"
"07/13/2019","06:26:08","9","default","116269760","OXY_CH9","19.172","min","249.684","μmol/L","Humid","20.729","deg","109104","µV","20.156","°C","1013.000","hPa","36.5","pmil","0","55.690","deg","20.000","°C","100.000","%a.s.","22.400","deg","20.000","°C","962.000","hPa","0.861","-0.02617","0.00035","0","0","13.56","Humid","35.35","0","78.50","296257.59","SABD0002000014","AAV2.0.0.13","3.0.1.1413","PSt7-10","180509-002","6/18/2019 6:15:17 AM","0000-00","0","no battery","V"
"07/13/2019","06:26:09","9","default","116269760","OXY_CH9","19.189","min","249.750","μmol/L","Humid","20.728","deg","109089","µV","20.150","°C","1013.000","hPa","36.5","pmil","0","55.690","deg","20.000","°C","100.000","%a.s.","22.400","deg","20.000","°C","962.000","hPa","0.861","-0.02617","0.00035","0","0","13.56","Humid","35.35","0","78.50","296241.53","SABD0002000014","AAV2.0.0.13","3.0.1.1413","PSt7-10","180509-002","6/18/2019 6:15:17 AM","0000-00","0","no battery","V"
"07/13/2019","06:26:10","9","default","116269760","OXY_CH9","19.206","min","249.707","μmol/L","Humid","20.726","deg","109081","µV","20.162","°C","1013.000","hPa","36.5","pmil","0","55.690","deg","20.000","°C","100.000","%a.s.","22.400","deg","20.000","°C","962.000","hPa","0.861","-0.02617","0.00035","0","0","13.56","Humid","35.35","0","78.50","296252.92","SABD0002000014","AAV2.0.0.13","3.0.1.1413","PSt7-10","180509-002","6/18/2019 6:15:17 AM","0000-00","0","no battery","V"
"07/13/2019","06:26:11","9","default","116269760","OXY_CH9","19.222","min","249.773","μmol/L","Humid","20.723","deg","109070","µV","20.162","°C","1013.000","hPa","36.5","pmil","0","55.690","deg","20.000","°C","100.000","%a.s.","22.400","deg","20.000","°C","962.000","hPa","0.861","-0.02617","0.00035","0","0","13.56","Humid","35.35","0","78.50","296250.23","SABD0002000014","AAV2.0.0.13","3.0.1.1413","PSt7-10","180509-002","6/18/2019 6:15:17 AM","0000-00","0","no battery","V"
"07/13/2019","06:26:12","9","default","116269760","OXY_CH9","19.239","min","249.840","μmol/L","Humid","20.720","deg","109060","µV","20.162","°C","1013.000","hPa","36.5","pmil","0","55.690","deg","20.000","°C","100.000","%a.s.","22.400","deg","20.000","°C","962.000","hPa","0.861","-0.02617","0.00035","0","0","13.56","Humid","35.35","0","78.50","296261.23","SABD0002000014","AAV2.0.0.13","3.0.1.1413","PSt7-10","180509-002","6/18/2019 6:15:17 AM","0000-00","0","no battery","V"
"07/13/2019","06:26:13","9","default","116269760","OXY_CH9","19.256","min","249.862","μmol/L","Humid","20.719","deg","109053","µV","20.162","°C","1013.000","hPa","36.5","pmil","0","55.690","deg","20.000","°C","100.000","%a.s.","22.400","deg","20.000","°C","962.000","hPa","0.861","-0.02617","0.00035","0","0","13.56","Humid","35.35","0","78.50","296269.13","SABD0002000014","AAV2.0.0.13","3.0.1.1413","PSt7-10","180509-002","6/18/2019 6:15:17 AM","0000-00","0","no battery","V"
"07/13/2019","06:26:14","9","default","116269760","OXY_CH9","19.272","min","249.906","μmol/L","Humid","20.719","deg","109042","µV","20.156","°C","1013.000","hPa","36.5","pmil","0","55.690","deg","20.000","°C","100.000","%a.s.","22.400","deg","20.000","°C","962.000","hPa","0.861","-0.02617","0.00035","0","0","13.56","Humid","35.35","0","78.50","296250.53","SABD0002000014","AAV2.0.0.13","3.0.1.1413","PSt7-10","180509-002","6/18/2019 6:15:17 AM","0000-00","0","no battery","V"
"07/13/2019","06:26:15","9","default","116269760","OXY_CH9","19.289","min","249.884","μmol/L","Humid","20.720","deg","109037","µV","20.156","°C","1013.000","hPa","36.5","pmil","0","55.690","deg","20.000","°C","100.000","%a.s.","22.400","deg","20.000","°C","962.000","hPa","0.861","-0.02617","0.00035","0","0","13.56","Humid","35.35","0","78.50","296240.57","SABD0002000014","AAV2.0.0.13","3.0.1.1413","PSt7-10","180509-002","6/18/2019 6:15:17 AM","0000-00","0","no battery","V"
"07/13/2019","06:26:16","9","default","116269760","OXY_CH9","19.306","min","249.818","μmol/L","Humid","20.721","deg","109027","µV","20.162","°C","1013.000","hPa","36.5","pmil","0","55.690","deg","20.000","°C","100.000","%a.s.","22.400","deg","20.000","°C","962.000","hPa","0.861","-0.02617","0.00035","0","0","13.56","Humid","35.35","0","78.50","296251.93","SABD0002000014","AAV2.0.0.13","3.0.1.1413","PSt7-10","180509-002","6/18/2019 6:15:17 AM","0000-00","0","no battery","V"
"07/13/2019","06:26:17","9","default","116269760","OXY_CH9","19.322","min","249.929","μmol/L","Humid","20.716","deg","109014","µV","20.162","°C","1013.000","hPa","36.5","pmil","0","55.690","deg","20.000","°C","100.000","%a.s.","22.400","deg","20.000","°C","962.000","hPa","0.861","-0.02617","0.00035","0","0","13.56","Humid","35.35","0","78.50","296249.47","SABD0002000014","AAV2.0.0.13","3.0.1.1413","PSt7-10","180509-002","6/18/2019 6:15:17 AM","0000-00","0","no battery","V"
"07/13/2019","06:26:18","9","default","116269760","OXY_CH9","19.339","min","250.107","μmol/L","Humid","20.712","deg","109002","µV","20.150","°C","1013.000","hPa","36.5","pmil","0","55.690","deg","20.000","°C","100.000","%a.s.","22.400","deg","20.000","°C","962.000","hPa","0.861","-0.02617","0.00035","0","0","13.56","Humid","35.35","0","78.50","296246.25","SABD0002000014","AAV2.0.0.13","3.0.1.1413","PSt7-10","180509-002","6/18/2019 6:15:17 AM","0000-00","0","no battery","V"
"07/13/2019","06:26:19","9","default","116269760","OXY_CH9","19.355","min","249.952","μmol/L","Humid","20.713","deg","108998","µV","20.168","°C","1013.000","hPa","36.5","pmil","0","55.690","deg","20.000","°C","100.000","%a.s.","22.400","deg","20.000","°C","962.000","hPa","0.861","-0.02617","0.00035","0","0","13.56","Humid","35.35","0","78.50","296235.42","SABD0002000014","AAV2.0.0.13","3.0.1.1413","PSt7-10","180509-002","6/18/2019 6:15:17 AM","0000-00","0","no battery","V"
"07/13/2019","06:26:20","9","default","116269760","OXY_CH9","19.373","min","250.174","μmol/L","Humid","20.707","deg","108991","µV","20.156","°C","1013.000","hPa","36.5","pmil","0","55.690","deg","20.000","°C","100.000","%a.s.","22.400","deg","20.000","°C","962.000","hPa","0.861","-0.02617","0.00035","0","0","13.56","Humid","35.35","0","78.50","296241.39","SABD0002000014","AAV2.0.0.13","3.0.1.1413","PSt7-10","180509-002","6/18/2019 6:15:17 AM","0000-00","0","no battery","V"
"07/13/2019","06:26:21","9","default","116269760","OXY_CH9","19.389","min","250.107","μmol/L","Humid","20.710","deg","108982","µV","20.156","°C","1013.000","hPa","36.5","pmil","0","55.690","deg","20.000","°C","100.000","%a.s.","22.400","deg","20.000","°C","962.000","hPa","0.861","-0.02617","0.00035","0","0","13.56","Humid","35.35","0","78.50","296246.66","SABD0002000014","AAV2.0.0.13","3.0.1.1413","PSt7-10","180509-002","6/18/2019 6:15:17 AM","0000-00","0","no battery","V"
"07/13/2019","06:26:22","9","default","116269760","OXY_CH9","19.406","min","250.129","μmol/L","Humid","20.709","deg","108975","µV","20.156","°C","1013.000","hPa","36.5","pmil","0","55.690","deg","20.000","°C","100.000","%a.s.","22.400","deg","20.000","°C","962.000","hPa","0.861","-0.02617","0.00035","0","0","13.56","Humid","35.35","0","78.50","296246.73","SABD0002000014","AAV2.0.0.13","3.0.1.1413","PSt7-10","180509-002","6/18/2019 6:15:17 AM","0000-00","0","no battery","V"
"07/13/2019","06:26:23","9","default","116269760","OXY_CH9","19.422","min","250.130","μmol/L","Humid","20.707","deg","108961","µV","20.162","°C","1013.000","hPa","36.5","pmil","0","55.690","deg","20.000","°C","100.000","%a.s.","22.400","deg","20.000","°C","962.000","hPa","0.861","-0.02617","0.00035","0","0","13.56","Humid","35.35","0","78.50","296242.10","SABD0002000014","AAV2.0.0.13","3.0.1.1413","PSt7-10","180509-002","6/18/2019 6:15:17 AM","0000-00","0","no battery","V"
"07/13/2019","06:26:24","9","default","116269760","OXY_CH9","19.439","min","250.263","μmol/L","Humid","20.703","deg","108955","µV","20.156","°C","1013.000","hPa","36.5","pmil","0","55.690","deg","20.000","°C","100.000","%a.s.","22.400","deg","20.000","°C","962.000","hPa","0.861","-0.02617","0.00035","0","0","13.56","Humid","35.35","0","78.50","296238.22","SABD0002000014","AAV2.0.0.13","3.0.1.1413","PSt7-10","180509-002","6/18/2019 6:15:17 AM","0000-00","0","no battery","V"
"07/13/2019","06:26:25","9","default","116269760","OXY_CH9","19.456","min","250.174","μmol/L","Humid","20.705","deg","108945","µV","20.162","°C","1013.000","hPa","36.5","pmil","0","55.690","deg","20.000","°C","100.000","%a.s.","22.400","deg","20.000","°C","962.000","hPa","0.861","-0.02617","0.00035","0","0","13.56","Humid","35.35","0","78.50","296238.18","SABD0002000014","AAV2.0.0.13","3.0.1.1413","PSt7-10","180509-002","6/18/2019 6:15:17 AM","0000-00","0","no battery","V"
"07/13/2019","06:26:26","9","default","116269760","OXY_CH9","19.472","min","250.130","μmol/L","Humid","20.707","deg","108935","µV","20.162","°C","1013.000","hPa","36.5","pmil","0","55.690","deg","20.000","°C","100.000","%a.s.","22.400","deg","20.000","°C","962.000","hPa","0.861","-0.02617","0.00035","0","0","13.56","Humid","35.35","0","78.50","296242.13","SABD0002000014","AAV2.0.0.13","3.0.1.1413","PSt7-10","180509-002","6/18/2019 6:15:17 AM","0000-00","0","no battery","V"
"07/13/2019","06:26:27","9","default","116269760","OXY_CH9","19.489","min","250.285","μmol/L","Humid","20.702","deg","108922","µV","20.156","°C","1013.000","hPa","36.5","pmil","0","55.690","deg","20.000","°C","100.000","%a.s.","22.400","deg","20.000","°C","962.000","hPa","0.861","-0.02617","0.00035","0","0","13.56","Humid","35.35","0","78.50","296245.34","SABD0002000014","AAV2.0.0.13","3.0.1.1413","PSt7-10","180509-002","6/18/2019 6:15:17 AM","0000-00","0","no battery","V"
"07/13/2019","06:26:28","9","default","116269760","OXY_CH9","19.506","min","250.330","μmol/L","Humid","20.698","deg","108922","µV","20.162","°C","1013.000","hPa","36.5","pmil","0","55.690","deg","20.000","°C","100.000","%a.s.","22.400","deg","20.000","°C","962.000","hPa","0.861","-0.02617","0.00035","0","0","13.56","Humid","35.35","0","78.50","296231.16","SABD0002000014","AAV2.0.0.13","3.0.1.1413","PSt7-10","180509-002","6/18/2019 6:15:17 AM","0000-00","0","no battery","V"
"07/13/2019","06:26:29","9","default","116269760","OXY_CH9","19.522","min","250.286","μmol/L","Humid","20.700","deg","108908","µV","20.162","°C","1013.000","hPa","36.5","pmil","0","55.690","deg","20.000","°C","100.000","%a.s.","22.400","deg","20.000","°C","962.000","hPa","0.861","-0.02617","0.00035","0","0","13.56","Humid","35.35","0","78.50","296231.51","SABD0002000014","AAV2.0.0.13","3.0.1.1413","PSt7-10","180509-002","6/18/2019 6:15:17 AM","0000-00","0","no battery","V"
"07/13/2019","06:26:30","9","default","116269760","OXY_CH9","19.539","min","250.352","μmol/L","Humid","20.699","deg","108899","µV","20.156","°C","1013.000","hPa","36.5","pmil","0","55.690","deg","20.000","°C","100.000","%a.s.","22.400","deg","20.000","°C","962.000","hPa","0.861","-0.02617","0.00035","0","0","13.56","Humid","35.35","0","78.50","296256.16","SABD0002000014","AAV2.0.0.13","3.0.1.1413","PSt7-10","180509-002","6/18/2019 6:15:17 AM","0000-00","0","no battery","V"
"07/13/2019","06:26:31","9","default","116269760","OXY_CH9","19.556","min","250.464","μmol/L","Humid","20.694","deg","108895","µV","20.156","°C","1013.000","hPa","36.5","pmil","0","55.690","deg","20.000","°C","100.000","%a.s.","22.400","deg","20.000","°C","962.000","hPa","0.861","-0.02617","0.00035","0","0","13.56","Humid","35.35","0","78.50","296254.46","SABD0002000014","AAV2.0.0.13","3.0.1.1413","PSt7-10","180509-002","6/18/2019 6:15:17 AM","0000-00","0","no battery","V"
"07/13/2019","06:26:32","9","default","116269760","OXY_CH9","19.572","min","250.486","μmol/L","Humid","20.691","deg","108884","µV","20.162","°C","1013.000","hPa","36.5","pmil","0","55.690","deg","20.000","°C","100.000","%a.s.","22.400","deg","20.000","°C","962.000","hPa","0.861","-0.02617","0.00035","0","0","13.56","Humid","35.35","0","78.50","296243.20","SABD0002000014","AAV2.0.0.13","3.0.1.1413","PSt7-10","180509-002","6/18/2019 6:15:17 AM","0000-00","0","no battery","V"
"07/13/2019","06:26:33","9","default","116269760","OXY_CH9","19.589","min","250.531","μmol/L","Humid","20.691","deg","108869","µV","20.156","°C","1013.000","hPa","36.5","pmil","0","55.690","deg","20.000","°C","100.000","%a.s.","22.400","deg","20.000","°C","962.000","hPa","0.861","-0.02617","0.00035","0","0","13.56","Humid","35.35","0","78.50","296243.69","SABD0002000014","AAV2.0.0.13","3.0.1.1413","PSt7-10","180509-002","6/18/2019 6:15:17 AM","0000-00","0","no battery","V"
"07/13/2019","06:26:34","9","default","116269760","OXY_CH9","19.606","min","250.464","μmol/L","Humid","20.690","deg","108868","µV","20.168","°C","1013.000","hPa","36.5","pmil","0","55.690","deg","20.000","°C","100.000","%a.s.","22.400","deg","20.000","°C","962.000","hPa","0.861","-0.02617","0.00035","0","0","13.56","Humid","35.35","0","78.50","296241.10","SABD0002000014","AAV2.0.0.13","3.0.1.1413","PSt7-10","180509-002","6/18/2019 6:15:17 AM","0000-00","0","no battery","V"
"07/13/2019","06:26:35","9","default","116269760","OXY_CH9","19.622","min","250.531","μmol/L","Humid","20.689","deg","108843","µV","20.162","°C","1013.000","hPa","36.5","pmil","0","55.690","deg","20.000","°C","100.000","%a.s.","22.400","deg","20.000","°C","962.000","hPa","0.861","-0.02617","0.00035","0","0","13.56","Humid","35.35","0","78.50","296245.10","SABD0002000014","AAV2.0.0.13","3.0.1.1413","PSt7-10","180509-002","6/18/2019 6:15:17 AM","0000-00","0","no battery","V"
"07/13/2019","06:26:36","9","default","116269760","OXY_CH9","19.639","min","250.554","μmol/L","Humid","20.686","deg","108840","µV","20.168","°C","1013.000","hPa","36.5","pmil","0","55.690","deg","20.000","°C","100.000","%a.s.","22.400","deg","20.000","°C","962.000","hPa","0.861","-0.02617","0.00035","0","0","13.56","Humid","35.35","0","78.50","296241.74","SABD0002000014","AAV2.0.0.13","3.0.1.1413","PSt7-10","180509-002","6/18/2019 6:15:17 AM","0000-00","0","no battery","V"
"07/13/2019","06:26:37","9","default","116269760","OXY_CH9","19.656","min","250.598","μmol/L","Humid","20.686","deg","108840","µV","20.162","°C","1013.000","hPa","36.5","pmil","0","55.690","deg","20.000","°C","100.000","%a.s.","22.400","deg","20.000","°C","962.000","hPa","0.861","-0.02617","0.00035","0","0","13.56","Humid","35.35","0","78.50","296252.19","SABD0002000014","AAV2.0.0.13","3.0.1.1413","PSt7-10","180509-002","6/18/2019 6:15:17 AM","0000-00","0","no battery","V"
"07/13/2019","06:26:38","9","default","116269760","OXY_CH9","19.672","min","250.598","μmol/L","Humid","20.686","deg","108831","µV","20.162","°C","1013.000","hPa","36.5","pmil","0","55.690","deg","20.000","°C","100.000","%a.s.","22.400","deg","20.000","°C","962.000","hPa","0.861","-0.02617","0.00035","0","0","13.56","Humid","35.35","0","78.50","296239.00","SABD0002000014","AAV2.0.0.13","3.0.1.1413","PSt7-10","180509-002","6/18/2019 6:15:17 AM","0000-00","0","no battery","V"
"07/13/2019","06:26:39","9","default","116269760","OXY_CH9","19.689","min","250.576","μmol/L","Humid","20.687","deg","108824","µV","20.162","°C","1013.000","hPa","36.5","pmil","0","55.690","deg","20.000","°C","100.000","%a.s.","22.400","deg","20.000","°C","962.000","hPa","0.861","-0.02617","0.00035","0","0","13.56","Humid","35.35","0","78.50","296239.10","SABD0002000014","AAV2.0.0.13","3.0.1.1413","PSt7-10","180509-002","6/18/2019 6:15:17 AM","0000-00","0","no battery","V"
"07/13/2019","06:26:40","9","default","116269760","OXY_CH9","19.705","min","250.665","μmol/L","Humid","20.683","deg","108807","µV","20.162","°C","1013.000","hPa","36.5","pmil","0","55.690","deg","20.000","°C","100.000","%a.s.","22.400","deg","20.000","°C","962.000","hPa","0.861","-0.02617","0.00035","0","0","13.56","Humid","35.35","0","78.50","296240.77","SABD0002000014","AAV2.0.0.13","3.0.1.1413","PSt7-10","180509-002","6/18/2019 6:15:17 AM","0000-00","0","no battery","V"
"07/13/2019","06:26:41","9","default","116269760","OXY_CH9","19.722","min","250.822","μmol/L","Humid","20.676","deg","108805","µV","20.162","°C","1013.000","hPa","36.5","pmil","0","55.690","deg","20.000","°C","100.000","%a.s.","22.400","deg","20.000","°C","962.000","hPa","0.861","-0.02617","0.00035","0","0","13.56","Humid","35.35","0","78.50","296240.82","SABD0002000014","AAV2.0.0.13","3.0.1.1413","PSt7-10","180509-002","6/18/2019 6:15:17 AM","0000-00","0","no battery","V"
"07/13/2019","06:26:42","9","default","116269760","OXY_CH9","19.739","min","250.732","μmol/L","Humid","20.680","deg","108803","µV","20.162","°C","1013.000","hPa","36.5","pmil","0","55.690","deg","20.000","°C","100.000","%a.s.","22.400","deg","20.000","°C","962.000","hPa","0.861","-0.02617","0.00035","0","0","13.56","Humid","35.35","0","78.50","296258.30","SABD0002000014","AAV2.0.0.13","3.0.1.1413","PSt7-10","180509-002","6/18/2019 6:15:17 AM","0000-00","0","no battery","V"
"07/13/2019","06:26:43","9","default","116269760","OXY_CH9","19.755","min","250.755","μmol/L","Humid","20.679","deg","108788","µV","20.162","°C","1013.000","hPa","36.5","pmil","0","55.690","deg","20.000","°C","100.000","%a.s.","22.400","deg","20.000","°C","962.000","hPa","0.861","-0.02617","0.00035","0","0","13.56","Humid","35.35","0","78.50","296255.91","SABD0002000014","AAV2.0.0.13","3.0.1.1413","PSt7-10","180509-002","6/18/2019 6:15:17 AM","0000-00","0","no battery","V"
"07/13/2019","06:26:44","9","default","116269760","OXY_CH9","19.772","min","250.799","μmol/L","Humid","20.677","deg","108770","µV","20.162","°C","1013.000","hPa","36.5","pmil","0","55.690","deg","20.000","°C","100.000","%a.s.","22.400","deg","20.000","°C","962.000","hPa","0.861","-0.02617","0.00035","0","0","13.56","Humid","35.35","0","78.50","296245.68","SABD0002000014","AAV2.0.0.13","3.0.1.1413","PSt7-10","180509-002","6/18/2019 6:15:17 AM","0000-00","0","no battery","V"
"07/13/2019","06:26:45","9","default","116269760","OXY_CH9","19.789","min","250.889","μmol/L","Humid","20.673","deg","108764","µV","20.162","°C","1013.000","hPa","36.5","pmil","0","55.690","deg","20.000","°C","100.000","%a.s.","22.400","deg","20.000","°C","962.000","hPa","0.861","-0.02617","0.00035","0","0","13.56","Humid","35.35","0","78.50","296243.63","SABD0002000014","AAV2.0.0.13","3.0.1.1413","PSt7-10","180509-002","6/18/2019 6:15:17 AM","0000-00","0","no battery","V"
"07/13/2019","06:26:46","9","default","116269760","OXY_CH9","19.806","min","250.978","μmol/L","Humid","20.669","deg","108749","µV","20.162","°C","1013.000","hPa","36.5","pmil","0","55.690","deg","20.000","°C","100.000","%a.s.","22.400","deg","20.000","°C","962.000","hPa","0.861","-0.02617","0.00035","0","0","13.56","Humid","35.35","0","78.50","296236.47","SABD0002000014","AAV2.0.0.13","3.0.1.1413","PSt7-10","180509-002","6/18/2019 6:15:17 AM","0000-00","0","no battery","V"
"07/13/2019","06:26:47","9","default","116269760","OXY_CH9","19.822","min","250.911","μmol/L","Humid","20.672","deg","108738","µV","20.162","°C","1013.000","hPa","36.5","pmil","0","55.690","deg","20.000","°C","100.000","%a.s.","22.400","deg","20.000","°C","962.000","hPa","0.861","-0.02617","0.00035","0","0","13.56","Humid","35.35","0","78.50","296237.33","SABD0002000014","AAV2.0.0.13","3.0.1.1413","PSt7-10","180509-002","6/18/2019 6:15:17 AM","0000-00","0","no battery","V"
"07/13/2019","06:26:48","9","default","116269760","OXY_CH9","19.839","min","251.001","μmol/L","Humid","20.668","deg","108735","µV","20.162","°C","1013.000","hPa","36.5","pmil","0","55.690","deg","20.000","°C","100.000","%a.s.","22.400","deg","20.000","°C","962.000","hPa","0.861","-0.02617","0.00035","0","0","13.56","Humid","35.35","0","78.50","296244.74","SABD0002000014","AAV2.0.0.13","3.0.1.1413","PSt7-10","180509-002","6/18/2019 6:15:17 AM","0000-00","0","no battery","V"
"07/13/2019","06:26:49","9","default","116269760","OXY_CH9","19.856","min","251.045","μmol/L","Humid","20.666","deg","108726","µV","20.162","°C","1013.000","hPa","36.5","pmil","0","55.690","deg","20.000","°C","100.000","%a.s.","22.400","deg","20.000","°C","962.000","hPa","0.861","-0.02617","0.00035","0","0","13.56","Humid","35.35","0","78.50","296237.61","SABD0002000014","AAV2.0.0.13","3.0.1.1413","PSt7-10","180509-002","6/18/2019 6:15:17 AM","0000-00","0","no battery","V"
"07/13/2019","06:26:50","9","default","116269760","OXY_CH9","19.872","min","251.045","μmol/L","Humid","20.666","deg","108724","µV","20.162","°C","1013.000","hPa","36.5","pmil","0","55.690","deg","20.000","°C","100.000","%a.s.","22.400","deg","20.000","°C","962.000","hPa","0.861","-0.02617","0.00035","0","0","13.56","Humid","35.35","0","78.50","296231.89","SABD0002000014","AAV2.0.0.13","3.0.1.1413","PSt7-10","180509-002","6/18/2019 6:15:17 AM","0000-00","0","no battery","V"
"07/13/2019","06:26:51","9","default","116269760","OXY_CH9","19.889","min","251.023","μmol/L","Humid","20.667","deg","108700","µV","20.162","°C","1013.000","hPa","36.5","pmil","0","55.690","deg","20.000","°C","100.000","%a.s.","22.400","deg","20.000","°C","962.000","hPa","0.861","-0.02617","0.00035","0","0","13.56","Humid","35.35","0","78.50","296237.40","SABD0002000014","AAV2.0.0.13","3.0.1.1413","PSt7-10","180509-002","6/18/2019 6:15:17 AM","0000-00","0","no battery","V"
"07/13/2019","06:26:52","9","default","116269760","OXY_CH9","19.906","min","251.068","μmol/L","Humid","20.663","deg","108695","µV","20.168","°C","1013.000","hPa","36.5","pmil","0","55.690","deg","20.000","°C","100.000","%a.s.","22.400","deg","20.000","°C","962.000","hPa","0.861","-0.02617","0.00035","0","0","13.56","Humid","35.35","0","78.50","296244.04","SABD0002000014","AAV2.0.0.13","3.0.1.1413","PSt7-10","180509-002","6/18/2019 6:15:17 AM","0000-00","0","no battery","V"
"07/13/2019","06:26:53","9","default","116269760","OXY_CH9","19.922","min","251.157","μmol/L","Humid","20.661","deg","108676","µV","20.162","°C","1013.000","hPa","36.5","pmil","0","55.690","deg","20.000","°C","100.000","%a.s.","22.400","deg","20.000","°C","962.000","hPa","0.861","-0.02617","0.00035","0","0","13.56","Humid","35.35","0","78.50","296230.50","SABD0002000014","AAV2.0.0.13","3.0.1.1413","PSt7-10","180509-002","6/18/2019 6:15:17 AM","0000-00","0","no battery","V"
"07/13/2019","06:26:54","9","default","116269760","OXY_CH9","19.939","min","251.068","μmol/L","Humid","20.663","deg","108680","µV","20.168","°C","1013.000","hPa","36.5","pmil","0","55.690","deg","20.000","°C","100.000","%a.s.","22.400","deg","20.000","°C","962.000","hPa","0.861","-0.02617","0.00035","0","0","13.56","Humid","35.35","0","78.50","296236.94","SABD0002000014","AAV2.0.0.13","3.0.1.1413","PSt7-10","180509-002","6/18/2019 6:15:17 AM","0000-00","0","no battery","V"
"07/13/2019","06:26:55","9","default","116269760","OXY_CH9","19.956","min","251.068","μmol/L","Humid","20.663","deg","108664","µV","20.168","°C","1013.000","hPa","36.5","pmil","0","55.690","deg","20.000","°C","100.000","%a.s.","22.400","deg","20.000","°C","962.000","hPa","0.861","-0.02617","0.00035","0","0","13.56","Humid","35.35","0","78.50","296234.03","SABD0002000014","AAV2.0.0.13","3.0.1.1413","PSt7-10","180509-002","6/18/2019 6:15:17 AM","0000-00","0","no battery","V"
"07/13/2019","06:26:56","9","default","116269760","OXY_CH9","19.972","min","251.270","μmol/L","Humid","20.656","deg","108652","µV","20.162","°C","1013.000","hPa","36.5","pmil","0","55.690","deg","20.000","°C","100.000","%a.s.","22.400","deg","20.000","°C","962.000","hPa","0.861","-0.02617","0.00035","0","0","13.56","Humid","35.35","0","78.50","296244.76","SABD0002000014","AAV2.0.0.13","3.0.1.1413","PSt7-10","180509-002","6/18/2019 6:15:17 AM","0000-00","0","no battery","V"
"07/13/2019","06:26:57","9","default","116269760","OXY_CH9","19.989","min","251.226","μmol/L","Humid","20.654","deg","108640","µV","20.175","°C","1013.000","hPa","36.5","pmil","0","55.690","deg","20.000","°C","100.000","%a.s.","22.400","deg","20.000","°C","962.000","hPa","0.861","-0.02617","0.00035","0","0","13.56","Humid","35.35","0","78.50","296237.90","SABD0002000014","AAV2.0.0.13","3.0.1.1413","PSt7-10","180509-002","6/18/2019 6:15:17 AM","0000-00","0","no battery","V"
"07/13/2019","06:26:58","9","default","116269760","OXY_CH9","20.006","min","251.314","μmol/L","Humid","20.654","deg","108631","µV","20.162","°C","1013.000","hPa","36.5","pmil","0","55.690","deg","20.000","°C","100.000","%a.s.","22.400","deg","20.000","°C","962.000","hPa","0.861","-0.02617","0.00035","0","0","13.56","Humid","35.35","0","78.50","296244.45","SABD0002000014","AAV2.0.0.13","3.0.1.1413","PSt7-10","180509-002","6/18/2019 6:15:17 AM","0000-00","0","no battery","V"
"07/13/2019","06:26:59","9","default","116269760","OXY_CH9","20.022","min","251.360","μmol/L","Humid","20.650","deg","108622","µV","20.168","°C","1013.000","hPa","36.5","pmil","0","55.690","deg","20.000","°C","100.000","%a.s.","22.400","deg","20.000","°C","962.000","hPa","0.861","-0.02617","0.00035","0","0","13.56","Humid","35.35","0","78.50","296240.42","SABD0002000014","AAV2.0.0.13","3.0.1.1413","PSt7-10","180509-002","6/18/2019 6:15:17 AM","0000-00","0","no battery","V"
"07/13/2019","06:27:00","9","default","116269760","OXY_CH9","20.039","min","251.315","μmol/L","Humid","20.652","deg","108622","µV","20.168","°C","1013.000","hPa","36.5","pmil","0","55.690","deg","20.000","°C","100.000","%a.s.","22.400","deg","20.000","°C","962.000","hPa","0.861","-0.02617","0.00035","0","0","13.56","Humid","35.35","0","78.50","296251.22","SABD0002000014","AAV2.0.0.13","3.0.1.1413","PSt7-10","180509-002","6/18/2019 6:15:17 AM","0000-00","0","no battery","V"
"07/13/2019","06:27:01","9","default","116269760","OXY_CH9","20.056","min","251.292","μmol/L","Humid","20.655","deg","108607","µV","20.162","°C","1013.000","hPa","36.5","pmil","0","55.690","deg","20.000","°C","100.000","%a.s.","22.400","deg","20.000","°C","962.000","hPa","0.861","-0.02617","0.00035","0","0","13.56","Humid","35.35","0","78.50","296234.95","SABD0002000014","AAV2.0.0.13","3.0.1.1413","PSt7-10","180509-002","6/18/2019 6:15:17 AM","0000-00","0","no battery","V"
"07/13/2019","06:27:02","9","default","116269760","OXY_CH9","20.072","min","251.337","μmol/L","Humid","20.651","deg","108598","µV","20.168","°C","1013.000","hPa","36.5","pmil","0","55.690","deg","20.000","°C","100.000","%a.s.","22.400","deg","20.000","°C","962.000","hPa","0.861","-0.02617","0.00035","0","0","13.56","Humid","35.35","0","78.50","296227.42","SABD0002000014","AAV2.0.0.13","3.0.1.1413","PSt7-10","180509-002","6/18/2019 6:15:17 AM","0000-00","0","no battery","V"
"07/13/2019","06:27:03","9","default","116269760","OXY_CH9","20.089","min","251.427","μmol/L","Humid","20.647","deg","108582","µV","20.168","°C","1013.000","hPa","36.5","pmil","0","55.690","deg","20.000","°C","100.000","%a.s.","22.400","deg","20.000","°C","962.000","hPa","0.861","-0.02617","0.00035","0","0","13.56","Humid","35.35","0","78.50","296215.51","SABD0002000014","AAV2.0.0.13","3.0.1.1413","PSt7-10","180509-002","6/18/2019 6:15:17 AM","0000-00","0","no battery","V"
"07/13/2019","06:27:04","9","default","116269760","OXY_CH9","20.106","min","251.494","μmol/L","Humid","20.646","deg","108571","µV","20.162","°C","1013.000","hPa","36.5","pmil","0","55.690","deg","20.000","°C","100.000","%a.s.","22.400","deg","20.000","°C","962.000","hPa","0.861","-0.02617","0.00035","0","0","13.56","Humid","35.35","0","78.50","296228.36","SABD0002000014","AAV2.0.0.13","3.0.1.1413","PSt7-10","180509-002","6/18/2019 6:15:17 AM","0000-00","0","no battery","V"
"07/13/2019","06:27:05","9","default","116269760","OXY_CH9","20.122","min","251.584","μmol/L","Humid","20.642","deg","108562","µV","20.162","°C","1013.000","hPa","36.5","pmil","0","55.690","deg","20.000","°C","100.000","%a.s.","22.400","deg","20.000","°C","962.000","hPa","0.861","-0.02617","0.00035","0","0","13.56","Humid","35.35","0","78.50","296228.01","SABD0002000014","AAV2.0.0.13","3.0.1.1413","PSt7-10","180509-002","6/18/2019 6:15:17 AM","0000-00","0","no battery","V"
"07/13/2019","06:27:06","9","default","116269760","OXY_CH9","20.139","min","251.494","μmol/L","Humid","20.646","deg","108557","µV","20.162","°C","1013.000","hPa","36.5","pmil","0","55.690","deg","20.000","°C","100.000","%a.s.","22.400","deg","20.000","°C","962.000","hPa","0.861","-0.02617","0.00035","0","0","13.56","Humid","35.35","0","78.50","296227.96","SABD0002000014","AAV2.0.0.13","3.0.1.1413","PSt7-10","180509-002","6/18/2019 6:15:17 AM","0000-00","0","no battery","V"
"07/13/2019","06:27:07","9","default","116269760","OXY_CH9","20.156","min","251.651","μmol/L","Humid","20.639","deg","108551","µV","20.162","°C","1013.000","hPa","36.5","pmil","0","55.690","deg","20.000","°C","100.000","%a.s.","22.400","deg","20.000","°C","962.000","hPa","0.861","-0.02617","0.00035","0","0","13.56","Humid","35.35","0","78.50","296236.37","SABD0002000014","AAV2.0.0.13","3.0.1.1413","PSt7-10","180509-002","6/18/2019 6:15:17 AM","0000-00","0","no battery","V"
"07/13/2019","06:27:08","9","default","116269760","OXY_CH9","20.172","min","251.584","μmol/L","Humid","20.640","deg","108531","µV","20.168","°C","1013.000","hPa","36.5","pmil","0","55.690","deg","20.000","°C","100.000","%a.s.","22.400","deg","20.000","°C","962.000","hPa","0.861","-0.02617","0.00035","0","0","13.56","Humid","35.35","0","78.50","296231.80","SABD0002000014","AAV2.0.0.13","3.0.1.1413","PSt7-10","180509-002","6/18/2019 6:15:17 AM","0000-00","0","no battery","V"
"07/13/2019","06:27:09","9","default","116269760","OXY_CH9","20.189","min","251.540","μmol/L","Humid","20.640","deg","108527","µV","20.175","°C","1013.000","hPa","36.5","pmil","0","55.690","deg","20.000","°C","100.000","%a.s.","22.400","deg","20.000","°C","962.000","hPa","0.861","-0.02617","0.00035","0","0","13.56","Humid","35.35","0","78.50","296221.38","SABD0002000014","AAV2.0.0.13","3.0.1.1413","PSt7-10","180509-002","6/18/2019 6:15:17 AM","0000-00","0","no battery","V"
"07/13/2019","06:27:10","9","default","116269760","OXY_CH9","20.206","min","251.808","μmol/L","Humid","20.634","deg","108518","µV","20.156","°C","1013.000","hPa","36.5","pmil","0","55.690","deg","20.000","°C","100.000","%a.s.","22.400","deg","20.000","°C","962.000","hPa","0.861","-0.02617","0.00035","0","0","13.56","Humid","35.35","0","78.50","296222.51","SABD0002000014","AAV2.0.0.13","3.0.1.1413","PSt7-10","180509-002","6/18/2019 6:15:17 AM","0000-00","0","no battery","V"
"07/13/2019","06:27:11","9","default","116269760","OXY_CH9","20.222","min","251.651","μmol/L","Humid","20.637","deg","108507","µV","20.168","°C","1013.000","hPa","36.5","pmil","0","55.690","deg","20.000","°C","100.000","%a.s.","22.400","deg","20.000","°C","962.000","hPa","0.861","-0.02617","0.00035","0","0","13.56","Humid","35.35","0","78.50","296218.75","SABD0002000014","AAV2.0.0.13","3.0.1.1413","PSt7-10","180509-002","6/18/2019 6:15:17 AM","0000-00","0","no battery","V"
"07/13/2019","06:27:12","9","default","116269760","OXY_CH9","20.239","min","251.763","μmol/L","Humid","20.634","deg","108497","µV","20.162","°C","1013.000","hPa","36.5","pmil","0","55.690","deg","20.000","°C","100.000","%a.s.","22.400","deg","20.000","°C","962.000","hPa","0.861","-0.02617","0.00035","0","0","13.56","Humid","35.35","0","78.50","296239.74","SABD0002000014","AAV2.0.0.13","3.0.1.1413","PSt7-10","180509-002","6/18/2019 6:15:17 AM","0000-00","0","no battery","V"
"07/13/2019","06:27:13","9","default","116269760","OXY_CH9","20.256","min","251.719","μmol/L","Humid","20.634","deg","108498","µV","20.168","°C","1013.000","hPa","36.5","pmil","0","55.690","deg","20.000","°C","100.000","%a.s.","22.400","deg","20.000","°C","962.000","hPa","0.861","-0.02617","0.00035","0","0","13.56","Humid","35.35","0","78.50","296232.99","SABD0002000014","AAV2.0.0.13","3.0.1.1413","PSt7-10","180509-002","6/18/2019 6:15:17 AM","0000-00","0","no battery","V"
"07/13/2019","06:27:14","9","default","116269760","OXY_CH9","20.272","min","251.786","μmol/L","Humid","20.631","deg","108486","µV","20.168","°C","1013.000","hPa","36.5","pmil","0","55.690","deg","20.000","°C","100.000","%a.s.","22.400","deg","20.000","°C","962.000","hPa","0.861","-0.02617","0.00035","0","0","13.56","Humid","35.35","0","78.50","296230.88","SABD0002000014","AAV2.0.0.13","3.0.1.1413","PSt7-10","180509-002","6/18/2019 6:15:17 AM","0000-00","0","no battery","V"
"07/13/2019","06:27:15","9","default","116269760","OXY_CH9","20.289","min","251.898","μmol/L","Humid","20.628","deg","108476","µV","20.162","°C","1013.000","hPa","36.5","pmil","0","55.690","deg","20.000","°C","100.000","%a.s.","22.400","deg","20.000","°C","962.000","hPa","0.861","-0.02617","0.00035","0","0","13.56","Humid","35.35","0","78.50","296228.17","SABD0002000014","AAV2.0.0.13","3.0.1.1413","PSt7-10","180509-002","6/18/2019 6:15:17 AM","0000-00","0","no battery","V"
"07/13/2019","06:27:16","9","default","116269760","OXY_CH9","20.306","min","251.808","μmol/L","Humid","20.632","deg","108464","µV","20.162","°C","1013.000","hPa","36.5","pmil","0","55.690","deg","20.000","°C","100.000","%a.s.","22.400","deg","20.000","°C","962.000","hPa","0.861","-0.02617","0.00035","0","0","13.56","Humid","35.35","0","78.50","296230.90","SABD0002000014","AAV2.0.0.13","3.0.1.1413","PSt7-10","180509-002","6/18/2019 6:15:17 AM","0000-00","0","no battery","V"
"07/13/2019","06:27:17","9","default","116269760","OXY_CH9","20.322","min","252.056","μmol/L","Humid","20.621","deg","108452","µV","20.162","°C","1013.000","hPa","36.5","pmil","0","55.690","deg","20.000","°C","100.000","%a.s.","22.400","deg","20.000","°C","962.000","hPa","0.861","-0.02617","0.00035","0","0","13.56","Humid","35.35","0","78.50","296225.98","SABD0002000014","AAV2.0.0.13","3.0.1.1413","PSt7-10","180509-002","6/18/2019 6:15:17 AM","0000-00","0","no battery","V"
"07/13/2019","06:27:18","9","default","116269760","OXY_CH9","20.339","min","251.966","μmol/L","Humid","20.623","deg","108449","µV","20.168","°C","1013.000","hPa","36.5","pmil","0","55.690","deg","20.000","°C","100.000","%a.s.","22.400","deg","20.000","°C","962.000","hPa","0.861","-0.02617","0.00035","0","0","13.56","Humid","35.35","0","78.50","296232.86","SABD0002000014","AAV2.0.0.13","3.0.1.1413","PSt7-10","180509-002","6/18/2019 6:15:17 AM","0000-00","0","no battery","V"
"07/13/2019","06:27:19","9","default","116269760","OXY_CH9","20.355","min","251.988","μmol/L","Humid","20.624","deg","108441","µV","20.162","°C","1013.000","hPa","36.5","pmil","0","55.690","deg","20.000","°C","100.000","%a.s.","22.400","deg","20.000","°C","962.000","hPa","0.861","-0.02617","0.00035","0","0","13.56","Humid","35.35","0","78.50","296227.98","SABD0002000014","AAV2.0.0.13","3.0.1.1413","PSt7-10","180509-002","6/18/2019 6:15:17 AM","0000-00","0","no battery","V"
"07/13/2019","06:27:20","9","default","116269760","OXY_CH9","20.372","min","251.989","μmol/L","Humid","20.622","deg","108433","µV","20.168","°C","1013.000","hPa","36.5","pmil","0","55.690","deg","20.000","°C","100.000","%a.s.","22.400","deg","20.000","°C","962.000","hPa","0.861","-0.02617","0.00035","0","0","13.56","Humid","35.35","0","78.50","296227.46","SABD0002000014","AAV2.0.0.13","3.0.1.1413","PSt7-10","180509-002","6/18/2019 6:15:17 AM","0000-00","0","no battery","V"
"07/13/2019","06:27:21","9","default","116269760","OXY_CH9","20.389","min","252.056","μmol/L","Humid","20.621","deg","108415","µV","20.162","°C","1013.000","hPa","36.5","pmil","0","55.690","deg","20.000","°C","100.000","%a.s.","22.400","deg","20.000","°C","962.000","hPa","0.861","-0.02617","0.00035","0","0","13.56","Humid","35.35","0","78.50","296222.26","SABD0002000014","AAV2.0.0.13","3.0.1.1413","PSt7-10","180509-002","6/18/2019 6:15:17 AM","0000-00","0","no battery","V"
"07/13/2019","06:27:22","9","default","116269760","OXY_CH9","20.406","min","251.989","μmol/L","Humid","20.622","deg","108410","µV","20.168","°C","1013.000","hPa","36.5","pmil","0","55.690","deg","20.000","°C","100.000","%a.s.","22.400","deg","20.000","°C","962.000","hPa","0.861","-0.02617","0.00035","0","0","13.56","Humid","35.35","0","78.50","296227.49","SABD0002000014","AAV2.0.0.13","3.0.1.1413","PSt7-10","180509-002","6/18/2019 6:15:17 AM","0000-00","0","no battery","V"
"07/13/2019","06:27:23","9","default","116269760","OXY_CH9","20.422","min","252.012","μmol/L","Humid","20.619","deg","108404","µV","20.175","°C","1013.000","hPa","36.5","pmil","0","55.690","deg","20.000","°C","100.000","%a.s.","22.400","deg","20.000","°C","962.000","hPa","0.861","-0.02617","0.00035","0","0","13.56","Humid","35.35","0","78.50","296219.92","SABD0002000014","AAV2.0.0.13","3.0.1.1413","PSt7-10","180509-002","6/18/2019 6:15:17 AM","0000-00","0","no battery","V"
"07/13/2019","06:27:24","9","default","116269760","OXY_CH9","20.439","min","252.124","μmol/L","Humid","20.616","deg","108387","µV","20.168","°C","1013.000","hPa","36.5","pmil","0","55.690","deg","20.000","°C","100.000","%a.s.","22.400","deg","20.000","°C","962.000","hPa","0.861","-0.02617","0.00035","0","0","13.56","Humid","35.35","0","78.50","296220.00","SABD0002000014","AAV2.0.0.13","3.0.1.1413","PSt7-10","180509-002","6/18/2019 6:15:17 AM","0000-00","0","no battery","V"
"07/13/2019","06:27:25","9","default","116269760","OXY_CH9","20.456","min","252.168","μmol/L","Humid","20.616","deg","108386","µV","20.162","°C","1013.000","hPa","36.5","pmil","0","55.690","deg","20.000","°C","100.000","%a.s.","22.400","deg","20.000","°C","962.000","hPa","0.861","-0.02617","0.00035","0","0","13.56","Humid","35.35","0","78.50","296237.20","SABD0002000014","AAV2.0.0.13","3.0.1.1413","PSt7-10","180509-002","6/18/2019 6:15:17 AM","0000-00","0","no battery","V"
"07/13/2019","06:27:26","9","default","116269760","OXY_CH9","20.472","min","252.191","μmol/L","Humid","20.613","deg","108357","µV","20.168","°C","1013.000","hPa","36.5","pmil","0","55.690","deg","20.000","°C","100.000","%a.s.","22.400","deg","20.000","°C","962.000","hPa","0.861","-0.02617","0.00035","0","0","13.56","Humid","35.35","0","78.50","296226.30","SABD0002000014","AAV2.0.0.13","3.0.1.1413","PSt7-10","180509-002","6/18/2019 6:15:17 AM","0000-00","0","no battery","V"
"07/13/2019","06:27:27","9","default","116269760","OXY_CH9","20.489","min","252.259","μmol/L","Humid","20.610","deg","108356","µV","20.168","°C","1013.000","hPa","36.5","pmil","0","55.690","deg","20.000","°C","100.000","%a.s.","22.400","deg","20.000","°C","962.000","hPa","0.861","-0.02617","0.00035","0","0","13.56","Humid","35.35","0","78.50","296238.65","SABD0002000014","AAV2.0.0.13","3.0.1.1413","PSt7-10","180509-002","6/18/2019 6:15:17 AM","0000-00","0","no battery","V"
"07/13/2019","06:27:28","9","default","116269760","OXY_CH9","20.506","min","252.259","μmol/L","Humid","20.612","deg","108335","µV","20.162","°C","1013.000","hPa","36.5","pmil","0","55.690","deg","20.000","°C","100.000","%a.s.","22.400","deg","20.000","°C","962.000","hPa","0.861","-0.02617","0.00035","0","0","13.56","Humid","35.35","0","78.50","296218.03","SABD0002000014","AAV2.0.0.13","3.0.1.1413","PSt7-10","180509-002","6/18/2019 6:15:17 AM","0000-00","0","no battery","V"
"07/13/2019","06:27:29","9","default","116269760","OXY_CH9","20.522","min","252.236","μmol/L","Humid","20.611","deg","108333","µV","20.168","°C","1013.000","hPa","36.5","pmil","0","55.690","deg","20.000","°C","100.000","%a.s.","22.400","deg","20.000","°C","962.000","hPa","0.861","-0.02617","0.00035","0","0","13.56","Humid","35.35","0","78.50","296222.85","SABD0002000014","AAV2.0.0.13","3.0.1.1413","PSt7-10","180509-002","6/18/2019 6:15:17 AM","0000-00","0","no battery","V"
"07/13/2019","06:27:30","9","default","116269760","OXY_CH9","20.539","min","252.282","μmol/L","Humid","20.609","deg","108320","µV","20.168","°C","1013.000","hPa","36.5","pmil","0","55.690","deg","20.000","°C","100.000","%a.s.","22.400","deg","20.000","°C","962.000","hPa","0.861","-0.02617","0.00035","0","0","13.56","Humid","35.35","0","78.50","296213.65","SABD0002000014","AAV2.0.0.13","3.0.1.1413","PSt7-10","180509-002","6/18/2019 6:15:17 AM","0000-00","0","no battery","V"
"07/13/2019","06:27:31","9","default","116269760","OXY_CH9","20.555","min","252.305","μmol/L","Humid","20.606","deg","108324","µV","20.175","°C","1013.000","hPa","36.5","pmil","0","55.690","deg","20.000","°C","100.000","%a.s.","22.400","deg","20.000","°C","962.000","hPa","0.861","-0.02617","0.00035","0","0","13.56","Humid","35.35","0","78.50","296217.50","SABD0002000014","AAV2.0.0.13","3.0.1.1413","PSt7-10","180509-002","6/18/2019 6:15:17 AM","0000-00","0","no battery","V"
"07/13/2019","06:27:32","9","default","116269760","OXY_CH9","20.572","min","252.349","μmol/L","Humid","20.606","deg","108312","µV","20.168","°C","1013.000","hPa","36.5","pmil","0","55.690","deg","20.000","°C","100.000","%a.s.","22.400","deg","20.000","°C","962.000","hPa","0.861","-0.02617","0.00035","0","0","13.56","Humid","35.35","0","78.50","296219.02","SABD0002000014","AAV2.0.0.13","3.0.1.1413","PSt7-10","180509-002","6/18/2019 6:15:17 AM","0000-00","0","no battery","V"
"07/13/2019","06:27:33","9","default","116269760","OXY_CH9","20.589","min","252.439","μmol/L","Humid","20.602","deg","108304","µV","20.168","°C","1013.000","hPa","36.5","pmil","0","55.690","deg","20.000","°C","100.000","%a.s.","22.400","deg","20.000","°C","962.000","hPa","0.861","-0.02617","0.00035","0","0","13.56","Humid","35.35","0","78.50","296215.30","SABD0002000014","AAV2.0.0.13","3.0.1.1413","PSt7-10","180509-002","6/18/2019 6:15:17 AM","0000-00","0","no battery","V"
"07/13/2019","06:27:34","9","default","116269760","OXY_CH9","20.606","min","252.350","μmol/L","Humid","20.604","deg","108306","µV","20.175","°C","1013.000","hPa","36.5","pmil","0","55.690","deg","20.000","°C","100.000","%a.s.","22.400","deg","20.000","°C","962.000","hPa","0.861","-0.02617","0.00035","0","0","13.56","Humid","35.35","0","78.50","296224.19","SABD0002000014","AAV2.0.0.13","3.0.1.1413","PSt7-10","180509-002","6/18/2019 6:15:17 AM","0000-00","0","no battery","V"
"07/13/2019","06:27:35","9","default","116269760","OXY_CH9","20.622","min","252.507","μmol/L","Humid","20.601","deg","108298","µV","20.162","°C","1013.000","hPa","36.5","pmil","0","55.690","deg","20.000","°C","100.000","%a.s.","22.400","deg","20.000","°C","962.000","hPa","0.861","-0.02617","0.00035","0","0","13.56","Humid","35.35","0","78.50","296220.19","SABD0002000014","AAV2.0.0.13","3.0.1.1413","PSt7-10","180509-002","6/18/2019 6:15:17 AM","0000-00","0","no battery","V"
"07/13/2019","06:27:36","9","default","116269760","OXY_CH9","20.639","min","252.665","μmol/L","Humid","20.594","deg","108275","µV","20.162","°C","1013.000","hPa","36.5","pmil","0","55.690","deg","20.000","°C","100.000","%a.s.","22.400","deg","20.000","°C","962.000","hPa","0.861","-0.02617","0.00035","0","0","13.56","Humid","35.35","0","78.50","296219.49","SABD0002000014","AAV2.0.0.13","3.0.1.1413","PSt7-10","180509-002","6/18/2019 6:15:17 AM","0000-00","0","no battery","V"
"07/13/2019","06:27:37","9","default","116269760","OXY_CH9","20.655","min","252.552","μmol/L","Humid","20.599","deg","108267","µV","20.162","°C","1013.000","hPa","36.5","pmil","0","55.690","deg","20.000","°C","100.000","%a.s.","22.400","deg","20.000","°C","962.000","hPa","0.861","-0.02617","0.00035","0","0","13.56","Humid","35.35","0","78.50","296223.57","SABD0002000014","AAV2.0.0.13","3.0.1.1413","PSt7-10","180509-002","6/18/2019 6:15:17 AM","0000-00","0","no battery","V"
"07/13/2019","06:27:38","9","default","116269760","OXY_CH9","20.672","min","252.597","μmol/L","Humid","20.597","deg","108255","µV","20.162","°C","1013.000","hPa","36.5","pmil","0","55.690","deg","20.000","°C","100.000","%a.s.","22.400","deg","20.000","°C","962.000","hPa","0.861","-0.02617","0.00035","0","0","13.56","Humid","35.35","0","78.50","296214.83","SABD0002000014","AAV2.0.0.13","3.0.1.1413","PSt7-10","180509-002","6/18/2019 6:15:17 AM","0000-00","0","no battery","V"
"07/13/2019","06:27:39","9","default","116269760","OXY_CH9","20.689","min","252.687","μmol/L","Humid","20.593","deg","108234","µV","20.162","°C","1013.000","hPa","36.5","pmil","0","55.690","deg","20.000","°C","100.000","%a.s.","22.400","deg","20.000","°C","962.000","hPa","0.861","-0.02617","0.00035","0","0","13.56","Humid","35.35","0","78.50","296218.76","SABD0002000014","AAV2.0.0.13","3.0.1.1413","PSt7-10","180509-002","6/18/2019 6:15:17 AM","0000-00","0","no battery","V"
"07/13/2019","06:27:40","9","default","116269760","OXY_CH9","20.706","min","252.642","μmol/L","Humid","20.593","deg","108233","µV","20.168","°C","1013.000","hPa","36.5","pmil","0","55.690","deg","20.000","°C","100.000","%a.s.","22.400","deg","20.000","°C","962.000","hPa","0.861","-0.02617","0.00035","0","0","13.56","Humid","35.35","0","78.50","296225.29","SABD0002000014","AAV2.0.0.13","3.0.1.1413","PSt7-10","180509-002","6/18/2019 6:15:17 AM","0000-00","0","no battery","V"
"07/13/2019","06:27:41","9","default","116269760","OXY_CH9","20.722","min","252.733","μmol/L","Humid","20.589","deg","108221","µV","20.168","°C","1013.000","hPa","36.5","pmil","0","55.690","deg","20.000","°C","100.000","%a.s.","22.400","deg","20.000","°C","962.000","hPa","0.861","-0.02617","0.00035","0","0","13.56","Humid","35.35","0","78.50","296216.30","SABD0002000014","AAV2.0.0.13","3.0.1.1413","PSt7-10","180509-002","6/18/2019 6:15:17 AM","0000-00","0","no battery","V"
"07/13/2019","06:27:42","9","default","116269760","OXY_CH9","20.739","min","252.778","μmol/L","Humid","20.587","deg","108222","µV","20.168","°C","1013.000","hPa","36.5","pmil","0","55.690","deg","20.000","°C","100.000","%a.s.","22.400","deg","20.000","°C","962.000","hPa","0.861","-0.02617","0.00035","0","0","13.56","Humid","35.35","0","78.50","296214.83","SABD0002000014","AAV2.0.0.13","3.0.1.1413","PSt7-10","180509-002","6/18/2019 6:15:17 AM","0000-00","0","no battery","V"
"07/13/2019","06:27:43","9","default","116269760","OXY_CH9","20.756","min","252.778","μmol/L","Humid","20.587","deg","108207","µV","20.168","°C","1013.000","hPa","36.5","pmil","0","55.690","deg","20.000","°C","100.000","%a.s.","22.400","deg","20.000","°C","962.000","hPa","0.861","-0.02617","0.00035","0","0","13.56","Humid","35.35","0","78.50","296210.61","SABD0002000014","AAV2.0.0.13","3.0.1.1413","PSt7-10","180509-002","6/18/2019 6:15:17 AM","0000-00","0","no battery","V"
"07/13/2019","06:27:44","9","default","116269760","OXY_CH9","20.772","min","252.779","μmol/L","Humid","20.585","deg","108196","µV","20.175","°C","1013.000","hPa","36.5","pmil","0","55.690","deg","20.000","°C","100.000","%a.s.","22.400","deg","20.000","°C","962.000","hPa","0.861","-0.02617","0.00035","0","0","13.56","Humid","35.35","0","78.50","296213.38","SABD0002000014","AAV2.0.0.13","3.0.1.1413","PSt7-10","180509-002","6/18/2019 6:15:17 AM","0000-00","0","no battery","V"
"07/13/2019","06:27:45","9","default","116269760","OXY_CH9","20.789","min","252.914","μmol/L","Humid","20.581","deg","108185","µV","20.168","°C","1013.000","hPa","36.5","pmil","0","55.690","deg","20.000","°C","100.000","%a.s.","22.400","deg","20.000","°C","962.000","hPa","0.861","-0.02617","0.00035","0","0","13.56","Humid","35.35","0","78.50","296214.04","SABD0002000014","AAV2.0.0.13","3.0.1.1413","PSt7-10","180509-002","6/18/2019 6:15:17 AM","0000-00","0","no battery","V"
"07/13/2019","06:27:46","9","default","116269760","OXY_CH9","20.806","min","252.892","μmol/L","Humid","20.580","deg","108170","µV","20.175","°C","1013.000","hPa","36.5","pmil","0","55.690","deg","20.000","°C","100.000","%a.s.","22.400","deg","20.000","°C","962.000","hPa","0.861","-0.02617","0.00035","0","0","13.56","Humid","35.35","0","78.50","296202.81","SABD0002000014","AAV2.0.0.13","3.0.1.1413","PSt7-10","180509-002","6/18/2019 6:15:17 AM","0000-00","0","no battery","V"
"07/13/2019","06:27:47","9","default","116269760","OXY_CH9","20.823","min","252.869","μmol/L","Humid","20.581","deg","108165","µV","20.175","°C","1013.000","hPa","36.5","pmil","0","55.690","deg","20.000","°C","100.000","%a.s.","22.400","deg","20.000","°C","962.000","hPa","0.861","-0.02617","0.00035","0","0","13.56","Humid","35.35","0","78.50","296206.66","SABD0002000014","AAV2.0.0.13","3.0.1.1413","PSt7-10","180509-002","6/18/2019 6:15:17 AM","0000-00","0","no battery","V"
"07/13/2019","06:27:48","9","default","116269760","OXY_CH9","20.839","min","252.869","μmol/L","Humid","20.581","deg","108165","µV","20.175","°C","1013.000","hPa","36.5","pmil","0","55.690","deg","20.000","°C","100.000","%a.s.","22.400","deg","20.000","°C","962.000","hPa","0.861","-0.02617","0.00035","0","0","13.56","Humid","35.35","0","78.50","296205.41","SABD0002000014","AAV2.0.0.13","3.0.1.1413","PSt7-10","180509-002","6/18/2019 6:15:17 AM","0000-00","0","no battery","V"
"07/13/2019","06:27:49","9","default","116269760","OXY_CH9","20.856","min","252.982","μmol/L","Humid","20.576","deg","108154","µV","20.175","°C","1013.000","hPa","36.5","pmil","0","55.690","deg","20.000","°C","100.000","%a.s.","22.400","deg","20.000","°C","962.000","hPa","0.861","-0.02617","0.00035","0","0","13.56","Humid","35.35","0","78.50","296205.83","SABD0002000014","AAV2.0.0.13","3.0.1.1413","PSt7-10","180509-002","6/18/2019 6:15:17 AM","0000-00","0","no battery","V"
"07/13/2019","06:27:50","9","default","116269760","OXY_CH9","20.872","min","253.027","μmol/L","Humid","20.576","deg","108137","µV","20.168","°C","1013.000","hPa","36.5","pmil","0","55.690","deg","20.000","°C","100.000","%a.s.","22.400","deg","20.000","°C","962.000","hPa","0.861","-0.02617","0.00035","0","0","13.56","Humid","35.35","0","78.50","296210.80","SABD0002000014","AAV2.0.0.13","3.0.1.1413","PSt7-10","180509-002","6/18/2019 6:15:17 AM","0000-00","0","no battery","V"
"07/13/2019","06:27:51","9","default","116269760","OXY_CH9","20.889","min","253.005","μmol/L","Humid","20.575","deg","108121","µV","20.175","°C","1013.000","hPa","36.5","pmil","0","55.690","deg","20.000","°C","100.000","%a.s.","22.400","deg","20.000","°C","962.000","hPa","0.861","-0.02617","0.00035","0","0","13.56","Humid","35.35","0","78.50","296202.32","SABD0002000014","AAV2.0.0.13","3.0.1.1413","PSt7-10","180509-002","6/18/2019 6:15:17 AM","0000-00","0","no battery","V"
"07/13/2019","06:27:52","9","default","116269760","OXY_CH9","20.906","min","252.982","μmol/L","Humid","20.576","deg","108122","µV","20.175","°C","1013.000","hPa","36.5","pmil","0","55.690","deg","20.000","°C","100.000","%a.s.","22.400","deg","20.000","°C","962.000","hPa","0.861","-0.02617","0.00035","0","0","13.56","Humid","35.35","0","78.50","296217.26","SABD0002000014","AAV2.0.0.13","3.0.1.1413","PSt7-10","180509-002","6/18/2019 6:15:17 AM","0000-00","0","no battery","V"
"07/13/2019","06:27:53","9","default","116269760","OXY_CH9","20.922","min","253.095","μmol/L","Humid","20.573","deg","108106","µV","20.168","°C","1013.000","hPa","36.5","pmil","0","55.690","deg","20.000","°C","100.000","%a.s.","22.400","deg","20.000","°C","962.000","hPa","0.861","-0.02617","0.00035","0","0","13.56","Humid","35.35","0","78.50","296198.94","SABD0002000014","AAV2.0.0.13","3.0.1.1413","PSt7-10","180509-002","6/18/2019 6:15:17 AM","0000-00","0","no battery","V"
"07/13/2019","06:27:54","9","default","116269760","OXY_CH9","20.939","min","253.208","μmol/L","Humid","20.566","deg","108101","µV","20.175","°C","1013.000","hPa","36.5","pmil","0","55.690","deg","20.000","°C","100.000","%a.s.","22.400","deg","20.000","°C","962.000","hPa","0.861","-0.02617","0.00035","0","0","13.56","Humid","35.35","0","78.50","296200.31","SABD0002000014","AAV2.0.0.13","3.0.1.1413","PSt7-10","180509-002","6/18/2019 6:15:17 AM","0000-00","0","no battery","V"
"07/13/2019","06:27:55","9","default","116269760","OXY_CH9","20.955","min","253.276","μmol/L","Humid","20.565","deg","108090","µV","20.168","°C","1013.000","hPa","36.5","pmil","0","55.690","deg","20.000","°C","100.000","%a.s.","22.400","deg","20.000","°C","962.000","hPa","0.861","-0.02617","0.00035","0","0","13.56","Humid","35.35","0","78.50","296224.65","SABD0002000014","AAV2.0.0.13","3.0.1.1413","PSt7-10","180509-002","6/18/2019 6:15:17 AM","0000-00","0","no battery","V"
"07/13/2019","06:27:56","9","default","116269760","OXY_CH9","20.972","min","253.073","μmol/L","Humid","20.572","deg","108081","µV","20.175","°C","1013.000","hPa","36.5","pmil","0","55.690","deg","20.000","°C","100.000","%a.s.","22.400","deg","20.000","°C","962.000","hPa","0.861","-0.02617","0.00035","0","0","13.56","Humid","35.35","0","78.50","296212.05","SABD0002000014","AAV2.0.0.13","3.0.1.1413","PSt7-10","180509-002","6/18/2019 6:15:17 AM","0000-00","0","no battery","V"
"07/13/2019","06:27:57","9","default","116269760","OXY_CH9","20.989","min","253.163","μmol/L","Humid","20.568","deg","108076","µV","20.175","°C","1013.000","hPa","36.5","pmil","0","55.690","deg","20.000","°C","100.000","%a.s.","22.400","deg","20.000","°C","962.000","hPa","0.861","-0.02617","0.00035","0","0","13.56","Humid","35.35","0","78.50","296202.05","SABD0002000014","AAV2.0.0.13","3.0.1.1413","PSt7-10","180509-002","6/18/2019 6:15:17 AM","0000-00","0","no battery","V"
"07/13/2019","06:27:58","9","default","116269760","OXY_CH9","21.006","min","253.253","μmol/L","Humid","20.566","deg","108054","µV","20.168","°C","1013.000","hPa","36.5","pmil","0","55.690","deg","20.000","°C","100.000","%a.s.","22.400","deg","20.000","°C","962.000","hPa","0.861","-0.02617","0.00035","0","0","13.56","Humid","35.35","0","78.50","296199.65","SABD0002000014","AAV2.0.0.13","3.0.1.1413","PSt7-10","180509-002","6/18/2019 6:15:17 AM","0000-00","0","no battery","V"
"07/13/2019","06:27:59","9","default","116269760","OXY_CH9","21.022","min","253.231","μmol/L","Humid","20.565","deg","108049","µV","20.175","°C","1013.000","hPa","36.5","pmil","0","55.690","deg","20.000","°C","100.000","%a.s.","22.400","deg","20.000","°C","962.000","hPa","0.861","-0.02617","0.00035","0","0","13.56","Humid","35.35","0","78.50","296211.02","SABD0002000014","AAV2.0.0.13","3.0.1.1413","PSt7-10","180509-002","6/18/2019 6:15:17 AM","0000-00","0","no battery","V"
"07/13/2019","06:28:00","9","default","116269760","OXY_CH9","21.039","min","253.299","μmol/L","Humid","20.562","deg","108041","µV","20.175","°C","1013.000","hPa","36.5","pmil","0","55.690","deg","20.000","°C","100.000","%a.s.","22.400","deg","20.000","°C","962.000","hPa","0.861","-0.02617","0.00035","0","0","13.56","Humid","35.35","0","78.50","296201.19","SABD0002000014","AAV2.0.0.13","3.0.1.1413","PSt7-10","180509-002","6/18/2019 6:15:17 AM","0000-00","0","no battery","V"
"07/13/2019","06:28:01","9","default","116269760","OXY_CH9","21.055","min","253.367","μmol/L","Humid","20.559","deg","108054","µV","20.175","°C","1013.000","hPa","36.5","pmil","0","55.690","deg","20.000","°C","100.000","%a.s.","22.400","deg","20.000","°C","962.000","hPa","0.861","-0.02617","0.00035","0","0","13.56","Humid","35.35","0","78.50","296212.93","SABD0002000014","AAV2.0.0.13","3.0.1.1413","PSt7-10","180509-002","6/18/2019 6:15:17 AM","0000-00","0","no battery","V"
"07/13/2019","06:28:02","9","default","116269760","OXY_CH9","21.073","min","253.435","μmol/L","Humid","20.556","deg","108043","µV","20.175","°C","1013.000","hPa","36.5","pmil","0","55.690","deg","20.000","°C","100.000","%a.s.","22.400","deg","20.000","°C","962.000","hPa","0.861","-0.02617","0.00035","0","0","13.56","Humid","35.35","0","78.50","296206.92","SABD0002000014","AAV2.0.0.13","3.0.1.1413","PSt7-10","180509-002","6/18/2019 6:15:17 AM","0000-00","0","no battery","V"
"07/13/2019","06:28:03","9","default","116269760","OXY_CH9","21.089","min","253.435","μmol/L","Humid","20.556","deg","108023","µV","20.175","°C","1013.000","hPa","36.5","pmil","0","55.690","deg","20.000","°C","100.000","%a.s.","22.400","deg","20.000","°C","962.000","hPa","0.861","-0.02617","0.00035","0","0","13.56","Humid","35.35","0","78.50","296202.47","SABD0002000014","AAV2.0.0.13","3.0.1.1413","PSt7-10","180509-002","6/18/2019 6:15:17 AM","0000-00","0","no battery","V"
"07/13/2019","06:28:04","9","default","116269760","OXY_CH9","21.106","min","253.390","μmol/L","Humid","20.558","deg","108012","µV","20.175","°C","1013.000","hPa","36.5","pmil","0","55.690","deg","20.000","°C","100.000","%a.s.","22.400","deg","20.000","°C","962.000","hPa","0.861","-0.02617","0.00035","0","0","13.56","Humid","35.35","0","78.50","296220.64","SABD0002000014","AAV2.0.0.13","3.0.1.1413","PSt7-10","180509-002","6/18/2019 6:15:17 AM","0000-00","0","no battery","V"
"07/13/2019","06:28:05","9","default","116269760","OXY_CH9","21.123","min","253.502","μmol/L","Humid","20.555","deg","108000","µV","20.168","°C","1013.000","hPa","36.5","pmil","0","55.690","deg","20.000","°C","100.000","%a.s.","22.400","deg","20.000","°C","962.000","hPa","0.861","-0.02617","0.00035","0","0","13.56","Humid","35.35","0","78.50","296225.52","SABD0002000014","AAV2.0.0.13","3.0.1.1413","PSt7-10","180509-002","6/18/2019 6:15:17 AM","0000-00","0","no battery","V"
"07/13/2019","06:28:06","9","default","116269760","OXY_CH9","21.140","min","253.503","μmol/L","Humid","20.553","deg","107992","µV","20.175","°C","1013.000","hPa","36.5","pmil","0","55.690","deg","20.000","°C","100.000","%a.s.","22.400","deg","20.000","°C","962.000","hPa","0.861","-0.02617","0.00035","0","0","13.56","Humid","35.35","0","78.50","296217.25","SABD0002000014","AAV2.0.0.13","3.0.1.1413","PSt7-10","180509-002","6/18/2019 6:15:17 AM","0000-00","0","no battery","V"
"07/13/2019","06:28:07","9","default","116269760","OXY_CH9","21.156","min","253.480","μmol/L","Humid","20.554","deg","107978","µV","20.175","°C","1013.000","hPa","36.5","pmil","0","55.690","deg","20.000","°C","100.000","%a.s.","22.400","deg","20.000","°C","962.000","hPa","0.861","-0.02617","0.00035","0","0","13.56","Humid","35.35","0","78.50","296200.02","SABD0002000014","AAV2.0.0.13","3.0.1.1413","PSt7-10","180509-002","6/18/2019 6:15:17 AM","0000-00","0","no battery","V"
"07/13/2019","06:28:08","9","default","116269760","OXY_CH9","21.172","min","253.639","μmol/L","Humid","20.547","deg","107969","µV","20.175","°C","1013.000","hPa","36.5","pmil","0","55.690","deg","20.000","°C","100.000","%a.s.","22.400","deg","20.000","°C","962.000","hPa","0.861","-0.02617","0.00035","0","0","13.56","Humid","35.35","0","78.50","296213.86","SABD0002000014","AAV2.0.0.13","3.0.1.1413","PSt7-10","180509-002","6/18/2019 6:15:17 AM","0000-00","0","no battery","V"
"07/13/2019","06:28:09","9","default","116269760","OXY_CH9","21.189","min","253.571","μmol/L","Humid","20.550","deg","107956","µV","20.175","°C","1013.000","hPa","36.5","pmil","0","55.690","deg","20.000","°C","100.000","%a.s.","22.400","deg","20.000","°C","962.000","hPa","0.861","-0.02617","0.00035","0","0","13.56","Humid","35.35","0","78.50","296200.55","SABD0002000014","AAV2.0.0.13","3.0.1.1413","PSt7-10","180509-002","6/18/2019 6:15:17 AM","0000-00","0","no battery","V"
"07/13/2019","06:28:10","9","default","116269760","OXY_CH9","21.206","min","253.707","μmol/L","Humid","20.546","deg","107954","µV","20.168","°C","1013.000","hPa","36.5","pmil","0","55.690","deg","20.000","°C","100.000","%a.s.","22.400","deg","20.000","°C","962.000","hPa","0.861","-0.02617","0.00035","0","0","13.56","Humid","35.35","0","78.50","296202.19","SABD0002000014","AAV2.0.0.13","3.0.1.1413","PSt7-10","180509-002","6/18/2019 6:15:17 AM","0000-00","0","no battery","V"
"07/13/2019","06:28:11","9","default","116269760","OXY_CH9","21.223","min","253.617","μmol/L","Humid","20.546","deg","107942","µV","20.181","°C","1013.000","hPa","36.5","pmil","0","55.690","deg","20.000","°C","100.000","%a.s.","22.400","deg","20.000","°C","962.000","hPa","0.861","-0.02617","0.00035","0","0","13.56","Humid","35.35","0","78.50","296207.07","SABD0002000014","AAV2.0.0.13","3.0.1.1413","PSt7-10","180509-002","6/18/2019 6:15:17 AM","0000-00","0","no battery","V"
"07/13/2019","06:28:12","9","default","116269760","OXY_CH9","21.239","min","253.662","μmol/L","Humid","20.546","deg","107925","µV","20.175","°C","1013.000","hPa","36.5","pmil","0","55.690","deg","20.000","°C","100.000","%a.s.","22.400","deg","20.000","°C","962.000","hPa","0.861","-0.02617","0.00035","0","0","13.56","Humid","35.35","0","78.50","296201.85","SABD0002000014","AAV2.0.0.13","3.0.1.1413","PSt7-10","180509-002","6/18/2019 6:15:17 AM","0000-00","0","no battery","V"
"07/13/2019","06:28:13","9","default","116269760","OXY_CH9","21.256","min","253.844","μmol/L","Humid","20.538","deg","107917","µV","20.175","°C","1013.000","hPa","36.5","pmil","0","55.690","deg","20.000","°C","100.000","%a.s.","22.400","deg","20.000","°C","962.000","hPa","0.861","-0.02617","0.00035","0","0","13.56","Humid","35.35","0","78.50","296205.31","SABD0002000014","AAV2.0.0.13","3.0.1.1413","PSt7-10","180509-002","6/18/2019 6:15:17 AM","0000-00","0","no battery","V"
"07/13/2019","06:28:14","9","default","116269760","OXY_CH9","21.273","min","253.730","μmol/L","Humid","20.543","deg","107906","µV","20.175","°C","1013.000","hPa","36.5","pmil","0","55.690","deg","20.000","°C","100.000","%a.s.","22.400","deg","20.000","°C","962.000","hPa","0.861","-0.02617","0.00035","0","0","13.56","Humid","35.35","0","78.50","296199.57","SABD0002000014","AAV2.0.0.13","3.0.1.1413","PSt7-10","180509-002","6/18/2019 6:15:17 AM","0000-00","0","no battery","V"
"07/13/2019","06:28:15","9","default","116269760","OXY_CH9","21.289","min","253.730","μmol/L","Humid","20.543","deg","107896","µV","20.175","°C","1013.000","hPa","36.5","pmil","0","55.690","deg","20.000","°C","100.000","%a.s.","22.400","deg","20.000","°C","962.000","hPa","0.861","-0.02617","0.00035","0","0","13.56","Humid","35.35","0","78.50","296201.58","SABD0002000014","AAV2.0.0.13","3.0.1.1413","PSt7-10","180509-002","6/18/2019 6:15:17 AM","0000-00","0","no battery","V"
"07/13/2019","06:28:16","9","default","116269760","OXY_CH9","21.306","min","253.844","μmol/L","Humid","20.536","deg","107889","µV","20.181","°C","1013.000","hPa","36.5","pmil","0","55.690","deg","20.000","°C","100.000","%a.s.","22.400","deg","20.000","°C","962.000","hPa","0.861","-0.02617","0.00035","0","0","13.56","Humid","35.35","0","78.50","296191.28","SABD0002000014","AAV2.0.0.13","3.0.1.1413","PSt7-10","180509-002","6/18/2019 6:15:17 AM","0000-00","0","no battery","V"
"07/13/2019","06:28:17","9","default","116269760","OXY_CH9","21.323","min","253.799","μmol/L","Humid","20.538","deg","107876","µV","20.181","°C","1013.000","hPa","36.5","pmil","0","55.690","deg","20.000","°C","100.000","%a.s.","22.400","deg","20.000","°C","962.000","hPa","0.861","-0.02617","0.00035","0","0","13.56","Humid","35.35","0","78.50","296211.58","SABD0002000014","AAV2.0.0.13","3.0.1.1413","PSt7-10","180509-002","6/18/2019 6:15:17 AM","0000-00","0","no battery","V"
"07/13/2019","06:28:18","9","default","116269760","OXY_CH9","21.339","min","253.912","μmol/L","Humid","20.535","deg","107867","µV","20.175","°C","1013.000","hPa","36.5","pmil","0","55.690","deg","20.000","°C","100.000","%a.s.","22.400","deg","20.000","°C","962.000","hPa","0.861","-0.02617","0.00035","0","0","13.56","Humid","35.35","0","78.50","296198.47","SABD0002000014","AAV2.0.0.13","3.0.1.1413","PSt7-10","180509-002","6/18/2019 6:15:17 AM","0000-00","0","no battery","V"
"07/13/2019","06:28:19","9","default","116269760","OXY_CH9","21.356","min","253.957","μmol/L","Humid","20.533","deg","107859","µV","20.175","°C","1013.000","hPa","36.5","pmil","0","55.690","deg","20.000","°C","100.000","%a.s.","22.400","deg","20.000","°C","962.000","hPa","0.861","-0.02617","0.00035","0","0","13.56","Humid","35.35","0","78.50","296205.47","SABD0002000014","AAV2.0.0.13","3.0.1.1413","PSt7-10","180509-002","6/18/2019 6:15:17 AM","0000-00","0","no battery","V"
"07/13/2019","06:28:20","9","default","116269760","OXY_CH9","21.373","min","253.980","μmol/L","Humid","20.530","deg","107853","µV","20.181","°C","1013.000","hPa","36.5","pmil","0","55.690","deg","20.000","°C","100.000","%a.s.","22.400","deg","20.000","°C","962.000","hPa","0.861","-0.02617","0.00035","0","0","13.56","Humid","35.35","0","78.50","296216.79","SABD0002000014","AAV2.0.0.13","3.0.1.1413","PSt7-10","180509-002","6/18/2019 6:15:17 AM","0000-00","0","no battery","V"
"07/13/2019","06:28:21","9","default","116269760","OXY_CH9","21.389","min","254.071","μmol/L","Humid","20.528","deg","107843","µV","20.175","°C","1013.000","hPa","36.5","pmil","0","55.690","deg","20.000","°C","100.000","%a.s.","22.400","deg","20.000","°C","962.000","hPa","0.861","-0.02617","0.00035","0","0","13.56","Humid","35.35","0","78.50","296200.64","SABD0002000014","AAV2.0.0.13","3.0.1.1413","PSt7-10","180509-002","6/18/2019 6:15:17 AM","0000-00","0","no battery","V"
"07/13/2019","06:28:22","9","default","116269760","OXY_CH9","21.406","min","254.161","μmol/L","Humid","20.526","deg","107844","µV","20.168","°C","1013.000","hPa","36.5","pmil","0","55.690","deg","20.000","°C","100.000","%a.s.","22.400","deg","20.000","°C","962.000","hPa","0.861","-0.02617","0.00035","0","0","13.56","Humid","35.35","0","78.50","296214.51","SABD0002000014","AAV2.0.0.13","3.0.1.1413","PSt7-10","180509-002","6/18/2019 6:15:17 AM","0000-00","0","no battery","V"
"07/13/2019","06:28:23","9","default","116269760","OXY_CH9","21.422","min","254.094","μmol/L","Humid","20.527","deg","107825","µV","20.175","°C","1013.000","hPa","36.5","pmil","0","55.690","deg","20.000","°C","100.000","%a.s.","22.400","deg","20.000","°C","962.000","hPa","0.861","-0.02617","0.00035","0","0","13.56","Humid","35.35","0","78.50","296207.65","SABD0002000014","AAV2.0.0.13","3.0.1.1413","PSt7-10","180509-002","6/18/2019 6:15:17 AM","0000-00","0","no battery","V"
"07/13/2019","06:28:24","9","default","116269760","OXY_CH9","21.439","min","254.116","μmol/L","Humid","20.526","deg","107814","µV","20.175","°C","1013.000","hPa","36.5","pmil","0","55.690","deg","20.000","°C","100.000","%a.s.","22.400","deg","20.000","°C","962.000","hPa","0.861","-0.02617","0.00035","0","0","13.56","Humid","35.35","0","78.50","296200.29","SABD0002000014","AAV2.0.0.13","3.0.1.1413","PSt7-10","180509-002","6/18/2019 6:15:17 AM","0000-00","0","no battery","V"
"07/13/2019","06:28:25","9","default","116269760","OXY_CH9","21.455","min","254.139","μmol/L","Humid","20.525","deg","107808","µV","20.175","°C","1013.000","hPa","36.5","pmil","0","55.690","deg","20.000","°C","100.000","%a.s.","22.400","deg","20.000","°C","962.000","hPa","0.861","-0.02617","0.00035","0","0","13.56","Humid","35.35","0","78.50","296211.46","SABD0002000014","AAV2.0.0.13","3.0.1.1413","PSt7-10","180509-002","6/18/2019 6:15:17 AM","0000-00","0","no battery","V"
"07/13/2019","06:28:26","9","default","116269760","OXY_CH9","21.473","min","254.117","μmol/L","Humid","20.524","deg","107806","µV","20.181","°C","1013.000","hPa","36.5","pmil","0","55.690","deg","20.000","°C","100.000","%a.s.","22.400","deg","20.000","°C","962.000","hPa","0.861","-0.02617","0.00035","0","0","13.56","Humid","35.35","0","78.50","296213.44","SABD0002000014","AAV2.0.0.13","3.0.1.1413","PSt7-10","180509-002","6/18/2019 6:15:17 AM","0000-00","0","no battery","V"
"07/13/2019","06:28:27","9","default","116269760","OXY_CH9","21.489","min","254.162","μmol/L","Humid","20.524","deg","107785","µV","20.175","°C","1013.000","hPa","36.5","pmil","0","55.690","deg","20.000","°C","100.000","%a.s.","22.400","deg","20.000","°C","962.000","hPa","0.861","-0.02617","0.00035","0","0","13.56","Humid","35.35","0","78.50","296206.14","SABD0002000014","AAV2.0.0.13","3.0.1.1413","PSt7-10","180509-002","6/18/2019 6:15:17 AM","0000-00","0","no battery","V"
"07/13/2019","06:28:28","9","default","116269760","OXY_CH9","21.505","min","254.230","μmol/L","Humid","20.521","deg","107780","µV","20.175","°C","1013.000","hPa","36.5","pmil","0","55.690","deg","20.000","°C","100.000","%a.s.","22.400","deg","20.000","°C","962.000","hPa","0.861","-0.02617","0.00035","0","0","13.56","Humid","35.35","0","78.50","296206.64","SABD0002000014","AAV2.0.0.13","3.0.1.1413","PSt7-10","180509-002","6/18/2019 6:15:17 AM","0000-00","0","no battery","V"
"07/13/2019","06:28:29","9","default","116269760","OXY_CH9","21.522","min","254.163","μmol/L","Humid","20.520","deg","107767","µV","20.187","°C","1013.000","hPa","36.5","pmil","0","55.690","deg","20.000","°C","100.000","%a.s.","22.400","deg","20.000","°C","962.000","hPa","0.861","-0.02617","0.00035","0","0","13.56","Humid","35.35","0","78.50","296202.28","SABD0002000014","AAV2.0.0.13","3.0.1.1413","PSt7-10","180509-002","6/18/2019 6:15:17 AM","0000-00","0","no battery","V"
"07/13/2019","06:28:30","9","default","116269760","OXY_CH9","21.539","min","254.276","μmol/L","Humid","20.517","deg","107760","µV","20.181","°C","1013.000","hPa","36.5","pmil","0","55.690","deg","20.000","°C","100.000","%a.s.","22.400","deg","20.000","°C","962.000","hPa","0.861","-0.02617","0.00035","0","0","13.56","Humid","35.35","0","78.50","296208.04","SABD0002000014","AAV2.0.0.13","3.0.1.1413","PSt7-10","180509-002","6/18/2019 6:15:17 AM","0000-00","0","no battery","V"
"07/13/2019","06:28:31","9","default","116269760","OXY_CH9","21.555","min","254.208","μmol/L","Humid","20.520","deg","107748","µV","20.181","°C","1013.000","hPa","36.5","pmil","0","55.690","deg","20.000","°C","100.000","%a.s.","22.400","deg","20.000","°C","962.000","hPa","0.861","-0.02617","0.00035","0","0","13.56","Humid","35.35","0","78.50","296210.21","SABD0002000014","AAV2.0.0.13","3.0.1.1413","PSt7-10","180509-002","6/18/2019 6:15:17 AM","0000-00","0","no battery","V"
"07/13/2019","06:28:32","9","default","116269760","OXY_CH9","21.572","min","254.367","μmol/L","Humid","20.515","deg","107742","µV","20.175","°C","1013.000","hPa","36.5","pmil","0","55.690","deg","20.000","°C","100.000","%a.s.","22.400","deg","20.000","°C","962.000","hPa","0.861","-0.02617","0.00035","0","0","13.56","Humid","35.35","0","78.50","296191.00","SABD0002000014","AAV2.0.0.13","3.0.1.1413","PSt7-10","180509-002","6/18/2019 6:15:17 AM","0000-00","0","no battery","V"
"07/13/2019","06:28:33","9","default","116269760","OXY_CH9","21.588","min","254.344","μmol/L","Humid","20.516","deg","107733","µV","20.175","°C","1013.000","hPa","36.5","pmil","0","55.690","deg","20.000","°C","100.000","%a.s.","22.400","deg","20.000","°C","962.000","hPa","0.861","-0.02617","0.00035","0","0","13.56","Humid","35.35","0","78.50","296205.96","SABD0002000014","AAV2.0.0.13","3.0.1.1413","PSt7-10","180509-002","6/18/2019 6:15:17 AM","0000-00","0","no battery","V"
"07/13/2019","06:28:34","9","default","116269760","OXY_CH9","21.606","min","254.322","μmol/L","Humid","20.515","deg","107727","µV","20.181","°C","1013.000","hPa","36.5","pmil","0","55.690","deg","20.000","°C","100.000","%a.s.","22.400","deg","20.000","°C","962.000","hPa","0.861","-0.02617","0.00035","0","0","13.56","Humid","35.35","0","78.50","296199.45","SABD0002000014","AAV2.0.0.13","3.0.1.1413","PSt7-10","180509-002","6/18/2019 6:15:17 AM","0000-00","0","no battery","V"
"07/13/2019","06:28:35","9","default","116269760","OXY_CH9","21.622","min","254.412","μmol/L","Humid","20.513","deg","107721","µV","20.175","°C","1013.000","hPa","36.5","pmil","0","55.690","deg","20.000","°C","100.000","%a.s.","22.400","deg","20.000","°C","962.000","hPa","0.861","-0.02617","0.00035","0","0","13.56","Humid","35.35","0","78.50","296198.84","SABD0002000014","AAV2.0.0.13","3.0.1.1413","PSt7-10","180509-002","6/18/2019 6:15:17 AM","0000-00","0","no battery","V"
"07/13/2019","06:28:36","9","default","116269760","OXY_CH9","21.639","min","254.526","μmol/L","Humid","20.510","deg","107718","µV","20.168","°C","1013.000","hPa","36.5","pmil","0","55.690","deg","20.000","°C","100.000","%a.s.","22.400","deg","20.000","°C","962.000","hPa","0.861","-0.02617","0.00035","0","0","13.56","Humid","35.35","0","78.50","296200.05","SABD0002000014","AAV2.0.0.13","3.0.1.1413","PSt7-10","180509-002","6/18/2019 6:15:17 AM","0000-00","0","no battery","V"
"07/13/2019","06:28:37","9","default","116269760","OXY_CH9","21.655","min","254.527","μmol/L","Humid","20.506","deg","107704","µV","20.181","°C","1013.000","hPa","36.5","pmil","0","55.690","deg","20.000","°C","100.000","%a.s.","22.400","deg","20.000","°C","962.000","hPa","0.861","-0.02617","0.00035","0","0","13.56","Humid","35.35","0","78.50","296201.05","SABD0002000014","AAV2.0.0.13","3.0.1.1413","PSt7-10","180509-002","6/18/2019 6:15:17 AM","0000-00","0","no battery","V"
"07/13/2019","06:28:38","9","default","116269760","OXY_CH9","21.673","min","254.527","μmol/L","Humid","20.506","deg","107697","µV","20.181","°C","1013.000","hPa","36.5","pmil","0","55.690","deg","20.000","°C","100.000","%a.s.","22.400","deg","20.000","°C","962.000","hPa","0.861","-0.02617","0.00035","0","0","13.56","Humid","35.35","0","78.50","296201.54","SABD0002000014","AAV2.0.0.13","3.0.1.1413","PSt7-10","180509-002","6/18/2019 6:15:17 AM","0000-00","0","no battery","V"
"07/13/2019","06:28:39","9","default","116269760","OXY_CH9","21.689","min","254.504","μmol/L","Humid","20.507","deg","107695","µV","20.181","°C","1013.000","hPa","36.5","pmil","0","55.690","deg","20.000","°C","100.000","%a.s.","22.400","deg","20.000","°C","962.000","hPa","0.861","-0.02617","0.00035","0","0","13.56","Humid","35.35","0","78.50","296197.71","SABD0002000014","AAV2.0.0.13","3.0.1.1413","PSt7-10","180509-002","6/18/2019 6:15:17 AM","0000-00","0","no battery","V"
"07/13/2019","06:28:40","9","default","116269760","OXY_CH9","21.706","min","254.595","μmol/L","Humid","20.505","deg","107684","µV","20.175","°C","1013.000","hPa","36.5","pmil","0","55.690","deg","20.000","°C","100.000","%a.s.","22.400","deg","20.000","°C","962.000","hPa","0.861","-0.02617","0.00035","0","0","13.56","Humid","35.35","0","78.50","296207.74","SABD0002000014","AAV2.0.0.13","3.0.1.1413","PSt7-10","180509-002","6/18/2019 6:15:17 AM","0000-00","0","no battery","V"
"07/13/2019","06:28:41","9","default","116269760","OXY_CH9","21.722","min","254.595","μmol/L","Humid","20.503","deg","107672","µV","20.181","°C","1013.000","hPa","36.5","pmil","0","55.690","deg","20.000","°C","100.000","%a.s.","22.400","deg","20.000","°C","962.000","hPa","0.861","-0.02617","0.00035","0","0","13.56","Humid","35.35","0","78.50","296203.48","SABD0002000014","AAV2.0.0.13","3.0.1.1413","PSt7-10","180509-002","6/18/2019 6:15:17 AM","0000-00","0","no battery","V"
"07/13/2019","06:28:42","9","default","116269760","OXY_CH9","21.739","min","254.778","μmol/L","Humid","20.495","deg","107666","µV","20.181","°C","1013.000","hPa","36.5","pmil","0","55.690","deg","20.000","°C","100.000","%a.s.","22.400","deg","20.000","°C","962.000","hPa","0.861","-0.02617","0.00035","0","0","13.56","Humid","35.35","0","78.50","296211.22","SABD0002000014","AAV2.0.0.13","3.0.1.1413","PSt7-10","180509-002","6/18/2019 6:15:17 AM","0000-00","0","no battery","V"
"07/13/2019","06:28:43","9","default","116269760","OXY_CH9","21.755","min","254.641","μmol/L","Humid","20.501","deg","107649","µV","20.181","°C","1013.000","hPa","36.5","pmil","0","55.690","deg","20.000","°C","100.000","%a.s.","22.400","deg","20.000","°C","962.000","hPa","0.861","-0.02617","0.00035","0","0","13.56","Humid","35.35","0","78.50","296201.53","SABD0002000014","AAV2.0.0.13","3.0.1.1413","PSt7-10","180509-002","6/18/2019 6:15:17 AM","0000-00","0","no battery","V"
"07/13/2019","06:28:44","9","default","116269760","OXY_CH9","21.772","min","254.687","μmol/L","Humid","20.499","deg","107636","µV","20.181","°C","1013.000","hPa","36.5","pmil","0","55.690","deg","20.000","°C","100.000","%a.s.","22.400","deg","20.000","°C","962.000","hPa","0.861","-0.02617","0.00035","0","0","13.56","Humid","35.35","0","78.50","296195.25","SABD0002000014","AAV2.0.0.13","3.0.1.1413","PSt7-10","180509-002","6/18/2019 6:15:17 AM","0000-00","0","no battery","V"
"07/13/2019","06:28:45","9","default","116269760","OXY_CH9","21.789","min","254.778","μmol/L","Humid","20.495","deg","107634","µV","20.181","°C","1013.000","hPa","36.5","pmil","0","55.690","deg","20.000","°C","100.000","%a.s.","22.400","deg","20.000","°C","962.000","hPa","0.861","-0.02617","0.00035","0","0","13.56","Humid","35.35","0","78.50","296188.59","SABD0002000014","AAV2.0.0.13","3.0.1.1413","PSt7-10","180509-002","6/18/2019 6:15:17 AM","0000-00","0","no battery","V"
"07/13/2019","06:28:46","9","default","116269760","OXY_CH9","21.806","min","254.869","μmol/L","Humid","20.493","deg","107616","µV","20.175","°C","1013.000","hPa","36.5","pmil","0","55.690","deg","20.000","°C","100.000","%a.s.","22.400","deg","20.000","°C","962.000","hPa","0.861","-0.02617","0.00035","0","0","13.56","Humid","35.35","0","78.50","296191.92","SABD0002000014","AAV2.0.0.13","3.0.1.1413","PSt7-10","180509-002","6/18/2019 6:15:17 AM","0000-00","0","no battery","V"
"07/13/2019","06:28:47","9","default","116269760","OXY_CH9","21.822","min","254.914","μmol/L","Humid","20.491","deg","107601","µV","20.175","°C","1013.000","hPa","36.5","pmil","0","55.690","deg","20.000","°C","100.000","%a.s.","22.400","deg","20.000","°C","962.000","hPa","0.861","-0.02617","0.00035","0","0","13.56","Humid","35.35","0","78.50","296196.99","SABD0002000014","AAV2.0.0.13","3.0.1.1413","PSt7-10","180509-002","6/18/2019 6:15:17 AM","0000-00","0","no battery","V"
"07/13/2019","06:28:48","9","default","116269760","OXY_CH9","21.840","min","254.869","μmol/L","Humid","20.491","deg","107603","µV","20.181","°C","1013.000","hPa","36.5","pmil","0","55.690","deg","20.000","°C","100.000","%a.s.","22.400","deg","20.000","°C","962.000","hPa","0.861","-0.02617","0.00035","0","0","13.56","Humid","35.35","0","78.50","296208.35","SABD0002000014","AAV2.0.0.13","3.0.1.1413","PSt7-10","180509-002","6/18/2019 6:15:17 AM","0000-00","0","no battery","V"
"07/13/2019","06:28:49","9","default","116269760","OXY_CH9","21.856","min","254.938","μmol/L","Humid","20.488","deg","107579","µV","20.181","°C","1013.000","hPa","36.5","pmil","0","55.690","deg","20.000","°C","100.000","%a.s.","22.400","deg","20.000","°C","962.000","hPa","0.861","-0.02617","0.00035","0","0","13.56","Humid","35.35","0","78.50","296208.20","SABD0002000014","AAV2.0.0.13","3.0.1.1413","PSt7-10","180509-002","6/18/2019 6:15:17 AM","0000-00","0","no battery","V"
"07/13/2019","06:28:50","9","default","116269760","OXY_CH9","21.872","min","254.869","μmol/L","Humid","20.491","deg","107581","µV","20.181","°C","1013.000","hPa","36.5","pmil","0","55.690","deg","20.000","°C","100.000","%a.s.","22.400","deg","20.000","°C","962.000","hPa","0.861","-0.02617","0.00035","0","0","13.56","Humid","35.35","0","78.50","296196.92","SABD0002000014","AAV2.0.0.13","3.0.1.1413","PSt7-10","180509-002","6/18/2019 6:15:17 AM","0000-00","0","no battery","V"
"07/13/2019","06:28:51","9","default","116269760","OXY_CH9","21.889","min","255.006","μmol/L","Humid","20.487","deg","107571","µV","20.175","°C","1013.000","hPa","36.5","pmil","0","55.690","deg","20.000","°C","100.000","%a.s.","22.400","deg","20.000","°C","962.000","hPa","0.861","-0.02617","0.00035","0","0","13.56","Humid","35.35","0","78.50","296197.16","SABD0002000014","AAV2.0.0.13","3.0.1.1413","PSt7-10","180509-002","6/18/2019 6:15:17 AM","0000-00","0","no battery","V"
"07/13/2019","06:28:52","9","default","116269760","OXY_CH9","21.906","min","255.006","μmol/L","Humid","20.485","deg","107567","µV","20.181","°C","1013.000","hPa","36.5","pmil","0","55.690","deg","20.000","°C","100.000","%a.s.","22.400","deg","20.000","°C","962.000","hPa","0.861","-0.02617","0.00035","0","0","13.56","Humid","35.35","0","78.50","296194.51","SABD0002000014","AAV2.0.0.13","3.0.1.1413","PSt7-10","180509-002","6/18/2019 6:15:17 AM","0000-00","0","no battery","V"
"07/13/2019","06:28:53","9","default","116269760","OXY_CH9","21.922","min","255.052","μmol/L","Humid","20.483","deg","107553","µV","20.181","°C","1013.000","hPa","36.5","pmil","0","55.690","deg","20.000","°C","100.000","%a.s.","22.400","deg","20.000","°C","962.000","hPa","0.861","-0.02617","0.00035","0","0","13.56","Humid","35.35","0","78.50","296198.84","SABD0002000014","AAV2.0.0.13","3.0.1.1413","PSt7-10","180509-002","6/18/2019 6:15:17 AM","0000-00","0","no battery","V"
"07/13/2019","06:28:54","9","default","116269760","OXY_CH9","21.939","min","255.052","μmol/L","Humid","20.483","deg","107536","µV","20.181","°C","1013.000","hPa","36.5","pmil","0","55.690","deg","20.000","°C","100.000","%a.s.","22.400","deg","20.000","°C","962.000","hPa","0.861","-0.02617","0.00035","0","0","13.56","Humid","35.35","0","78.50","296189.32","SABD0002000014","AAV2.0.0.13","3.0.1.1413","PSt7-10","180509-002","6/18/2019 6:15:17 AM","0000-00","0","no battery","V"
"07/13/2019","06:28:55","9","default","116269760","OXY_CH9","21.955","min","255.076","μmol/L","Humid","20.480","deg","107528","µV","20.187","°C","1013.000","hPa","36.5","pmil","0","55.690","deg","20.000","°C","100.000","%a.s.","22.400","deg","20.000","°C","962.000","hPa","0.861","-0.02617","0.00035","0","0","13.56","Humid","35.35","0","78.50","296195.35","SABD0002000014","AAV2.0.0.13","3.0.1.1413","PSt7-10","180509-002","6/18/2019 6:15:17 AM","0000-00","0","no battery","V"
"07/13/2019","06:28:56","9","default","116269760","OXY_CH9","21.972","min","255.097","μmol/L","Humid","20.483","deg","107526","µV","20.175","°C","1013.000","hPa","36.5","pmil","0","55.690","deg","20.000","°C","100.000","%a.s.","22.400","deg","20.000","°C","962.000","hPa","0.861","-0.02617","0.00035","0","0","13.56","Humid","35.35","0","78.50","296204.09","SABD0002000014","AAV2.0.0.13","3.0.1.1413","PSt7-10","180509-002","6/18/2019 6:15:17 AM","0000-00","0","no battery","V"
"07/13/2019","06:28:57","9","default","116269760","OXY_CH9","21.989","min","255.166","μmol/L","Humid","20.478","deg","107514","µV","20.181","°C","1013.000","hPa","36.5","pmil","0","55.690","deg","20.000","°C","100.000","%a.s.","22.400","deg","20.000","°C","962.000","hPa","0.861","-0.02617","0.00035","0","0","13.56","Humid","35.35","0","78.50","296198.76","SABD0002000014","AAV2.0.0.13","3.0.1.1413","PSt7-10","180509-002","6/18/2019 6:15:17 AM","0000-00","0","no battery","V"
"07/13/2019","06:28:58","9","default","116269760","OXY_CH9","22.006","min","255.189","μmol/L","Humid","20.477","deg","107508","µV","20.181","°C","1013.000","hPa","36.5","pmil","0","55.690","deg","20.000","°C","100.000","%a.s.","22.400","deg","20.000","°C","962.000","hPa","0.861","-0.02617","0.00035","0","0","13.56","Humid","35.35","0","78.50","296194.36","SABD0002000014","AAV2.0.0.13","3.0.1.1413","PSt7-10","180509-002","6/18/2019 6:15:17 AM","0000-00","0","no battery","V"
"07/13/2019","06:28:59","9","default","116269760","OXY_CH9","22.022","min","255.212","μmol/L","Humid","20.476","deg","107499","µV","20.181","°C","1013.000","hPa","36.5","pmil","0","55.690","deg","20.000","°C","100.000","%a.s.","22.400","deg","20.000","°C","962.000","hPa","0.861","-0.02617","0.00035","0","0","13.56","Humid","35.35","0","78.50","296198.72","SABD0002000014","AAV2.0.0.13","3.0.1.1413","PSt7-10","180509-002","6/18/2019 6:15:17 AM","0000-00","0","no battery","V"
"07/13/2019","06:29:00","9","default","116269760","OXY_CH9","22.039","min","255.281","μmol/L","Humid","20.473","deg","107490","µV","20.181","°C","1013.000","hPa","36.5","pmil","0","55.690","deg","20.000","°C","100.000","%a.s.","22.400","deg","20.000","°C","962.000","hPa","0.861","-0.02617","0.00035","0","0","13.56","Humid","35.35","0","78.50","296194.19","SABD0002000014","AAV2.0.0.13","3.0.1.1413","PSt7-10","180509-002","6/18/2019 6:15:17 AM","0000-00","0","no battery","V"
"07/13/2019","06:29:01","9","default","116269760","OXY_CH9","22.055","min","255.235","μmol/L","Humid","20.475","deg","107480","µV","20.181","°C","1013.000","hPa","36.5","pmil","0","55.690","deg","20.000","°C","100.000","%a.s.","22.400","deg","20.000","°C","962.000","hPa","0.861","-0.02617","0.00035","0","0","13.56","Humid","35.35","0","78.50","296196.63","SABD0002000014","AAV2.0.0.13","3.0.1.1413","PSt7-10","180509-002","6/18/2019 6:15:17 AM","0000-00","0","no battery","V"
"07/13/2019","06:29:02","9","default","116269760","OXY_CH9","22.072","min","255.304","μmol/L","Humid","20.472","deg","107471","µV","20.181","°C","1013.000","hPa","36.5","pmil","0","55.690","deg","20.000","°C","100.000","%a.s.","22.400","deg","20.000","°C","962.000","hPa","0.861","-0.02617","0.00035","0","0","13.56","Humid","35.35","0","78.50","296200.63","SABD0002000014","AAV2.0.0.13","3.0.1.1413","PSt7-10","180509-002","6/18/2019 6:15:17 AM","0000-00","0","no battery","V"
"07/13/2019","06:29:03","9","default","116269760","OXY_CH9","22.089","min","255.327","μmol/L","Humid","20.471","deg","107453","µV","20.181","°C","1013.000","hPa","36.5","pmil","0","55.690","deg","20.000","°C","100.000","%a.s.","22.400","deg","20.000","°C","962.000","hPa","0.861","-0.02617","0.00035","0","0","13.56","Humid","35.35","0","78.50","296199.42","SABD0002000014","AAV2.0.0.13","3.0.1.1413","PSt7-10","180509-002","6/18/2019 6:15:17 AM","0000-00","0","no battery","V"
"07/13/2019","06:29:04","9","default","116269760","OXY_CH9","22.106","min","255.350","μmol/L","Humid","20.470","deg","107446","µV","20.181","°C","1013.000","hPa","36.5","pmil","0","55.690","deg","20.000","°C","100.000","%a.s.","22.400","deg","20.000","°C","962.000","hPa","0.861","-0.02617","0.00035","0","0","13.56","Humid","35.35","0","78.50","296201.13","SABD0002000014","AAV2.0.0.13","3.0.1.1413","PSt7-10","180509-002","6/18/2019 6:15:17 AM","0000-00","0","no battery","V"
"07/13/2019","06:29:05","9","default","116269760","OXY_CH9","22.122","min","255.487","μmol/L","Humid","20.464","deg","107431","µV","20.181","°C","1013.000","hPa","36.5","pmil","0","55.690","deg","20.000","°C","100.000","%a.s.","22.400","deg","20.000","°C","962.000","hPa","0.861","-0.02617","0.00035","0","0","13.56","Humid","35.35","0","78.50","296201.22","SABD0002000014","AAV2.0.0.13","3.0.1.1413","PSt7-10","180509-002","6/18/2019 6:15:17 AM","0000-00","0","no battery","V"
"07/13/2019","06:29:06","9","default","116269760","OXY_CH9","22.139","min","255.578","μmol/L","Humid","20.462","deg","107422","µV","20.175","°C","1013.000","hPa","36.5","pmil","0","55.690","deg","20.000","°C","100.000","%a.s.","22.400","deg","20.000","°C","962.000","hPa","0.861","-0.02617","0.00035","0","0","13.56","Humid","35.35","0","78.50","296201.04","SABD0002000014","AAV2.0.0.13","3.0.1.1413","PSt7-10","180509-002","6/18/2019 6:15:17 AM","0000-00","0","no battery","V"
"07/13/2019","06:29:07","9","default","116269760","OXY_CH9","22.155","min","255.533","μmol/L","Humid","20.462","deg","107406","µV","20.181","°C","1013.000","hPa","36.5","pmil","0","55.690","deg","20.000","°C","100.000","%a.s.","22.400","deg","20.000","°C","962.000","hPa","0.861","-0.02617","0.00035","0","0","13.56","Humid","35.35","0","78.50","296185.23","SABD0002000014","AAV2.0.0.13","3.0.1.1413","PSt7-10","180509-002","6/18/2019 6:15:17 AM","0000-00","0","no battery","V"
"07/13/2019","06:29:08","9","default","116269760","OXY_CH9","22.172","min","255.602","μmol/L","Humid","20.459","deg","107388","µV","20.181","°C","1013.000","hPa","36.5","pmil","0","55.690","deg","20.000","°C","100.000","%a.s.","22.400","deg","20.000","°C","962.000","hPa","0.861","-0.02617","0.00035","0","0","13.56","Humid","35.35","0","78.50","296193.08","SABD0002000014","AAV2.0.0.13","3.0.1.1413","PSt7-10","180509-002","6/18/2019 6:15:17 AM","0000-00","0","no battery","V"
"07/13/2019","06:29:09","9","default","116269760","OXY_CH9","22.189","min","255.579","μmol/L","Humid","20.458","deg","107380","µV","20.187","°C","1013.000","hPa","36.5","pmil","0","55.690","deg","20.000","°C","100.000","%a.s.","22.400","deg","20.000","°C","962.000","hPa","0.861","-0.02617","0.00035","0","0","13.56","Humid","35.35","0","78.50","296196.48","SABD0002000014","AAV2.0.0.13","3.0.1.1413","PSt7-10","180509-002","6/18/2019 6:15:17 AM","0000-00","0","no battery","V"
"07/13/2019","06:29:10","9","default","116269760","OXY_CH9","22.205","min","255.511","μmol/L","Humid","20.461","deg","107377","µV","20.187","°C","1013.000","hPa","36.5","pmil","0","55.690","deg","20.000","°C","100.000","%a.s.","22.400","deg","20.000","°C","962.000","hPa","0.861","-0.02617","0.00035","0","0","13.56","Humid","35.35","0","78.50","296180.41","SABD0002000014","AAV2.0.0.13","3.0.1.1413","PSt7-10","180509-002","6/18/2019 6:15:17 AM","0000-00","0","no battery","V"
"07/13/2019","06:29:11","9","default","116269760","OXY_CH9","22.222","min","255.693","μmol/L","Humid","20.455","deg","107369","µV","20.181","°C","1013.000","hPa","36.5","pmil","0","55.690","deg","20.000","°C","100.000","%a.s.","22.400","deg","20.000","°C","962.000","hPa","0.861","-0.02617","0.00035","0","0","13.56","Humid","35.35","0","78.50","296191.89","SABD0002000014","AAV2.0.0.13","3.0.1.1413","PSt7-10","180509-002","6/18/2019 6:15:17 AM","0000-00","0","no battery","V"
"07/13/2019","06:29:12","9","default","116269760","OXY_CH9","22.239","min","255.785","μmol/L","Humid","20.451","deg","107352","µV","20.181","°C","1013.000","hPa","36.5","pmil","0","55.690","deg","20.000","°C","100.000","%a.s.","22.400","deg","20.000","°C","962.000","hPa","0.861","-0.02617","0.00035","0","0","13.56","Humid","35.35","0","78.50","296196.21","SABD0002000014","AAV2.0.0.13","3.0.1.1413","PSt7-10","180509-002","6/18/2019 6:15:17 AM","0000-00","0","no battery","V"
"07/13/2019","06:29:13","9","default","116269760","OXY_CH9","22.255","min","255.717","μmol/L","Humid","20.452","deg","107339","µV","20.187","°C","1013.000","hPa","36.5","pmil","0","55.690","deg","20.000","°C","100.000","%a.s.","22.400","deg","20.000","°C","962.000","hPa","0.861","-0.02617","0.00035","0","0","13.56","Humid","35.35","0","78.50","296199.98","SABD0002000014","AAV2.0.0.13","3.0.1.1413","PSt7-10","180509-002","6/18/2019 6:15:17 AM","0000-00","0","no battery","V"
"07/13/2019","06:29:14","9","default","116269760","OXY_CH9","22.272","min","255.739","μmol/L","Humid","20.453","deg","107333","µV","20.181","°C","1013.000","hPa","36.5","pmil","0","55.690","deg","20.000","°C","100.000","%a.s.","22.400","deg","20.000","°C","962.000","hPa","0.861","-0.02617","0.00035","0","0","13.56","Humid","35.35","0","78.50","296188.33","SABD0002000014","AAV2.0.0.13","3.0.1.1413","PSt7-10","180509-002","6/18/2019 6:15:17 AM","0000-00","0","no battery","V"
"07/13/2019","06:29:15","9","default","116269760","OXY_CH9","22.289","min","255.877","μmol/L","Humid","20.447","deg","107325","µV","20.181","°C","1013.000","hPa","36.5","pmil","0","55.690","deg","20.000","°C","100.000","%a.s.","22.400","deg","20.000","°C","962.000","hPa","0.861","-0.02617","0.00035","0","0","13.56","Humid","35.35","0","78.50","296185.63","SABD0002000014","AAV2.0.0.13","3.0.1.1413","PSt7-10","180509-002","6/18/2019 6:15:17 AM","0000-00","0","no battery","V"
"07/13/2019","06:29:16","9","default","116269760","OXY_CH9","22.306","min","255.877","μmol/L","Humid","20.447","deg","107316","µV","20.181","°C","1013.000","hPa","36.5","pmil","0","55.690","deg","20.000","°C","100.000","%a.s.","22.400","deg","20.000","°C","962.000","hPa","0.861","-0.02617","0.00035","0","0","13.56","Humid","35.35","0","78.50","296194.88","SABD0002000014","AAV2.0.0.13","3.0.1.1413","PSt7-10","180509-002","6/18/2019 6:15:17 AM","0000-00","0","no battery","V"
"07/13/2019","06:29:17","9","default","116269760","OXY_CH9","22.322","min","255.946","μmol/L","Humid","20.444","deg","107304","µV","20.181","°C","1013.000","hPa","36.5","pmil","0","55.690","deg","20.000","°C","100.000","%a.s.","22.400","deg","20.000","°C","962.000","hPa","0.861","-0.02617","0.00035","0","0","13.56","Humid","35.35","0","78.50","296195.46","SABD0002000014","AAV2.0.0.13","3.0.1.1413","PSt7-10","180509-002","6/18/2019 6:15:17 AM","0000-00","0","no battery","V"
"07/13/2019","06:29:18","9","default","116269760","OXY_CH9","22.339","min","255.924","μmol/L","Humid","20.443","deg","107295","µV","20.187","°C","1013.000","hPa","36.5","pmil","0","55.690","deg","20.000","°C","100.000","%a.s.","22.400","deg","20.000","°C","962.000","hPa","0.861","-0.02617","0.00035","0","0","13.56","Humid","35.35","0","78.50","296181.82","SABD0002000014","AAV2.0.0.13","3.0.1.1413","PSt7-10","180509-002","6/18/2019 6:15:17 AM","0000-00","0","no battery","V"
"07/13/2019","06:29:19","9","default","116269760","OXY_CH9","22.356","min","255.992","μmol/L","Humid","20.442","deg","107281","µV","20.181","°C","1013.000","hPa","36.5","pmil","0","55.690","deg","20.000","°C","100.000","%a.s.","22.400","deg","20.000","°C","962.000","hPa","0.861","-0.02617","0.00035","0","0","13.56","Humid","35.35","0","78.50","296171.63","SABD0002000014","AAV2.0.0.13","3.0.1.1413","PSt7-10","180509-002","6/18/2019 6:15:17 AM","0000-00","0","no battery","V"
"07/13/2019","06:29:20","9","default","116269760","OXY_CH9","22.372","min","255.878","μmol/L","Humid","20.445","deg","107283","µV","20.187","°C","1013.000","hPa","36.5","pmil","0","55.690","deg","20.000","°C","100.000","%a.s.","22.400","deg","20.000","°C","962.000","hPa","0.861","-0.02617","0.00035","0","0","13.56","Humid","35.35","0","78.50","296185.31","SABD0002000014","AAV2.0.0.13","3.0.1.1413","PSt7-10","180509-002","6/18/2019 6:15:17 AM","0000-00","0","no battery","V"
"07/13/2019","06:29:21","9","default","116269760","OXY_CH9","22.389","min","256.152","μmol/L","Humid","20.437","deg","107270","µV","20.175","°C","1013.000","hPa","36.5","pmil","0","55.690","deg","20.000","°C","100.000","%a.s.","22.400","deg","20.000","°C","962.000","hPa","0.861","-0.02617","0.00035","0","0","13.56","Humid","35.35","0","78.50","296192.09","SABD0002000014","AAV2.0.0.13","3.0.1.1413","PSt7-10","180509-002","6/18/2019 6:15:17 AM","0000-00","0","no battery","V"
"07/13/2019","06:29:22","9","default","116269760","OXY_CH9","22.405","min","256.015","μmol/L","Humid","20.439","deg","107253","µV","20.187","°C","1013.000","hPa","36.5","pmil","0","55.690","deg","20.000","°C","100.000","%a.s.","22.400","deg","20.000","°C","962.000","hPa","0.861","-0.02617","0.00035","0","0","13.56","Humid","35.35","0","78.50","296181.44","SABD0002000014","AAV2.0.0.13","3.0.1.1413","PSt7-10","180509-002","6/18/2019 6:15:17 AM","0000-00","0","no battery","V"
"07/13/2019","06:29:23","9","default","116269760","OXY_CH9","22.422","min","256.061","μmol/L","Humid","20.439","deg","107255","µV","20.181","°C","1013.000","hPa","36.5","pmil","0","55.690","deg","20.000","°C","100.000","%a.s.","22.400","deg","20.000","°C","962.000","hPa","0.861","-0.02617","0.00035","0","0","13.56","Humid","35.35","0","78.50","296180.16","SABD0002000014","AAV2.0.0.13","3.0.1.1413","PSt7-10","180509-002","6/18/2019 6:15:17 AM","0000-00","0","no battery","V"
"07/13/2019","06:29:24","9","default","116269760","OXY_CH9","22.439","min","256.245","μmol/L","Humid","20.431","deg","107239","µV","20.181","°C","1013.000","hPa","36.5","pmil","0","55.690","deg","20.000","°C","100.000","%a.s.","22.400","deg","20.000","°C","962.000","hPa","0.861","-0.02617","0.00035","0","0","13.56","Humid","35.35","0","78.50","296182.37","SABD0002000014","AAV2.0.0.13","3.0.1.1413","PSt7-10","180509-002","6/18/2019 6:15:17 AM","0000-00","0","no battery","V"
"07/13/2019","06:29:25","9","default","116269760","OXY_CH9","22.455","min","256.107","μmol/L","Humid","20.435","deg","107237","µV","20.187","°C","1013.000","hPa","36.5","pmil","0","55.690","deg","20.000","°C","100.000","%a.s.","22.400","deg","20.000","°C","962.000","hPa","0.861","-0.02617","0.00035","0","0","13.56","Humid","35.35","0","78.50","296180.05","SABD0002000014","AAV2.0.0.13","3.0.1.1413","PSt7-10","180509-002","6/18/2019 6:15:17 AM","0000-00","0","no battery","V"
"07/13/2019","06:29:26","9","default","116269760","OXY_CH9","22.472","min","256.199","μmol/L","Humid","20.433","deg","107222","µV","20.181","°C","1013.000","hPa","36.5","pmil","0","55.690","deg","20.000","°C","100.000","%a.s.","22.400","deg","20.000","°C","962.000","hPa","0.861","-0.02617","0.00035","0","0","13.56","Humid","35.35","0","78.50","296176.75","SABD0002000014","AAV2.0.0.13","3.0.1.1413","PSt7-10","180509-002","6/18/2019 6:15:17 AM","0000-00","0","no battery","V"
"07/13/2019","06:29:27","9","default","116269760","OXY_CH9","22.489","min","256.176","μmol/L","Humid","20.434","deg","107227","µV","20.181","°C","1013.000","hPa","36.5","pmil","0","55.690","deg","20.000","°C","100.000","%a.s.","22.400","deg","20.000","°C","962.000","hPa","0.861","-0.02617","0.00035","0","0","13.56","Humid","35.35","0","78.50","296185.15","SABD0002000014","AAV2.0.0.13","3.0.1.1413","PSt7-10","180509-002","6/18/2019 6:15:17 AM","0000-00","0","no battery","V"
"07/13/2019","06:29:28","9","default","116269760","OXY_CH9","22.505","min","256.199","μmol/L","Humid","20.433","deg","107203","µV","20.181","°C","1013.000","hPa","36.5","pmil","0","55.690","deg","20.000","°C","100.000","%a.s.","22.400","deg","20.000","°C","962.000","hPa","0.861","-0.02617","0.00035","0","0","13.56","Humid","35.35","0","78.50","296187.18","SABD0002000014","AAV2.0.0.13","3.0.1.1413","PSt7-10","180509-002","6/18/2019 6:15:17 AM","0000-00","0","no battery","V"
"07/13/2019","06:29:29","9","default","116269760","OXY_CH9","22.522","min","256.268","μmol/L","Humid","20.428","deg","107205","µV","20.187","°C","1013.000","hPa","36.5","pmil","0","55.690","deg","20.000","°C","100.000","%a.s.","22.400","deg","20.000","°C","962.000","hPa","0.861","-0.02617","0.00035","0","0","13.56","Humid","35.35","0","78.50","296188.81","SABD0002000014","AAV2.0.0.13","3.0.1.1413","PSt7-10","180509-002","6/18/2019 6:15:17 AM","0000-00","0","no battery","V"
"07/13/2019","06:29:30","9","default","116269760","OXY_CH9","22.539","min","256.383","μmol/L","Humid","20.425","deg","107192","µV","20.181","°C","1013.000","hPa","36.5","pmil","0","55.690","deg","20.000","°C","100.000","%a.s.","22.400","deg","20.000","°C","962.000","hPa","0.861","-0.02617","0.00035","0","0","13.56","Humid","35.35","0","78.50","296180.45","SABD0002000014","AAV2.0.0.13","3.0.1.1413","PSt7-10","180509-002","6/18/2019 6:15:17 AM","0000-00","0","no battery","V"
"07/13/2019","06:29:31","9","default","116269760","OXY_CH9","22.555","min","256.268","μmol/L","Humid","20.428","deg","107180","µV","20.187","°C","1013.000","hPa","36.5","pmil","0","55.690","deg","20.000","°C","100.000","%a.s.","22.400","deg","20.000","°C","962.000","hPa","0.861","-0.02617","0.00035","0","0","13.56","Humid","35.35","0","78.50","296170.80","SABD0002000014","AAV2.0.0.13","3.0.1.1413","PSt7-10","180509-002","6/18/2019 6:15:17 AM","0000-00","0","no battery","V"
"07/13/2019","06:29:32","9","default","116269760","OXY_CH9","22.572","min","256.314","μmol/L","Humid","20.426","deg","107170","µV","20.187","°C","1013.000","hPa","36.5","pmil","0","55.690","deg","20.000","°C","100.000","%a.s.","22.400","deg","20.000","°C","962.000","hPa","0.861","-0.02617","0.00035","0","0","13.56","Humid","35.35","0","78.50","296180.89","SABD0002000014","AAV2.0.0.13","3.0.1.1413","PSt7-10","180509-002","6/18/2019 6:15:17 AM","0000-00","0","no battery","V"
"07/13/2019","06:29:33","9","default","116269760","OXY_CH9","22.589","min","256.383","μmol/L","Humid","20.425","deg","107169","µV","20.181","°C","1013.000","hPa","36.5","pmil","0","55.690","deg","20.000","°C","100.000","%a.s.","22.400","deg","20.000","°C","962.000","hPa","0.861","-0.02617","0.00035","0","0","13.56","Humid","35.35","0","78.50","296190.58","SABD0002000014","AAV2.0.0.13","3.0.1.1413","PSt7-10","180509-002","6/18/2019 6:15:17 AM","0000-00","0","no battery","V"
"07/13/2019","06:29:34","9","default","116269760","OXY_CH9","22.606","min","256.429","μmol/L","Humid","20.421","deg","107164","µV","20.187","°C","1013.000","hPa","36.5","pmil","0","55.690","deg","20.000","°C","100.000","%a.s.","22.400","deg","20.000","°C","962.000","hPa","0.861","-0.02617","0.00035","0","0","13.56","Humid","35.35","0","78.50","296188.66","SABD0002000014","AAV2.0.0.13","3.0.1.1413","PSt7-10","180509-002","6/18/2019 6:15:17 AM","0000-00","0","no battery","V"
"07/13/2019","06:29:35","9","default","116269760","OXY_CH9","22.622","min","256.521","μmol/L","Humid","20.419","deg","107148","µV","20.181","°C","1013.000","hPa","36.5","pmil","0","55.690","deg","20.000","°C","100.000","%a.s.","22.400","deg","20.000","°C","962.000","hPa","0.861","-0.02617","0.00035","0","0","13.56","Humid","35.35","0","78.50","296181.09","SABD0002000014","AAV2.0.0.13","3.0.1.1413","PSt7-10","180509-002","6/18/2019 6:15:17 AM","0000-00","0","no battery","V"
"07/13/2019","06:29:36","9","default","116269760","OXY_CH9","22.639","min","256.453","μmol/L","Humid","20.420","deg","107142","µV","20.187","°C","1013.000","hPa","36.5","pmil","0","55.690","deg","20.000","°C","100.000","%a.s.","22.400","deg","20.000","°C","962.000","hPa","0.861","-0.02617","0.00035","0","0","13.56","Humid","35.35","0","78.50","296172.60","SABD0002000014","AAV2.0.0.13","3.0.1.1413","PSt7-10","180509-002","6/18/2019 6:15:17 AM","0000-00","0","no battery","V"
"07/13/2019","06:29:37","9","default","116269760","OXY_CH9","22.656","min","256.590","μmol/L","Humid","20.416","deg","107129","µV","20.181","°C","1013.000","hPa","36.5","pmil","0","55.690","deg","20.000","°C","100.000","%a.s.","22.400","deg","20.000","°C","962.000","hPa","0.861","-0.02617","0.00035","0","0","13.56","Humid","35.35","0","78.50","296182.45","SABD0002000014","AAV2.0.0.13","3.0.1.1413","PSt7-10","180509-002","6/18/2019 6:15:17 AM","0000-00","0","no battery","V"
"07/13/2019","06:29:38","9","default","116269760","OXY_CH9","22.672","min","256.635","μmol/L","Humid","20.416","deg","107114","µV","20.175","°C","1013.000","hPa","36.5","pmil","0","55.690","deg","20.000","°C","100.000","%a.s.","22.400","deg","20.000","°C","962.000","hPa","0.861","-0.02617","0.00035","0","0","13.56","Humid","35.35","0","78.50","296172.18","SABD0002000014","AAV2.0.0.13","3.0.1.1413","PSt7-10","180509-002","6/18/2019 6:15:17 AM","0000-00","0","no battery","V"
"07/13/2019","06:29:39","9","default","116269760","OXY_CH9","22.689","min","256.637","μmol/L","Humid","20.412","deg","107113","µV","20.187","°C","1013.000","hPa","36.5","pmil","0","55.690","deg","20.000","°C","100.000","%a.s.","22.400","deg","20.000","°C","962.000","hPa","0.861","-0.02617","0.00035","0","0","13.56","Humid","35.35","0","78.50","296177.24","SABD0002000014","AAV2.0.0.13","3.0.1.1413","PSt7-10","180509-002","6/18/2019 6:15:17 AM","0000-00","0","no battery","V"
"07/13/2019","06:29:40","9","default","116269760","OXY_CH9","22.706","min","256.614","μmol/L","Humid","20.413","deg","107093","µV","20.187","°C","1013.000","hPa","36.5","pmil","0","55.690","deg","20.000","°C","100.000","%a.s.","22.400","deg","20.000","°C","962.000","hPa","0.861","-0.02617","0.00035","0","0","13.56","Humid","35.35","0","78.50","296175.04","SABD0002000014","AAV2.0.0.13","3.0.1.1413","PSt7-10","180509-002","6/18/2019 6:15:17 AM","0000-00","0","no battery","V"
"07/13/2019","06:29:41","9","default","116269760","OXY_CH9","22.723","min","256.683","μmol/L","Humid","20.410","deg","107096","µV","20.187","°C","1013.000","hPa","36.5","pmil","0","55.690","deg","20.000","°C","100.000","%a.s.","22.400","deg","20.000","°C","962.000","hPa","0.861","-0.02617","0.00035","0","0","13.56","Humid","35.35","0","78.50","296164.54","SABD0002000014","AAV2.0.0.13","3.0.1.1413","PSt7-10","180509-002","6/18/2019 6:15:17 AM","0000-00","0","no battery","V"
"07/13/2019","06:29:42","9","default","116269760","OXY_CH9","22.739","min","256.614","μmol/L","Humid","20.413","deg","107078","µV","20.187","°C","1013.000","hPa","36.5","pmil","0","55.690","deg","20.000","°C","100.000","%a.s.","22.400","deg","20.000","°C","962.000","hPa","0.861","-0.02617","0.00035","0","0","13.56","Humid","35.35","0","78.50","296163.08","SABD0002000014","AAV2.0.0.13","3.0.1.1413","PSt7-10","180509-002","6/18/2019 6:15:17 AM","0000-00","0","no battery","V"
"07/13/2019","06:29:43","9","default","116269760","OXY_CH9","22.756","min","256.614","μmol/L","Humid","20.411","deg","107075","µV","20.193","°C","1013.000","hPa","36.5","pmil","0","55.690","deg","20.000","°C","100.000","%a.s.","22.400","deg","20.000","°C","962.000","hPa","0.861","-0.02617","0.00035","0","0","13.56","Humid","35.35","0","78.50","296165.76","SABD0002000014","AAV2.0.0.13","3.0.1.1413","PSt7-10","180509-002","6/18/2019 6:15:17 AM","0000-00","0","no battery","V"
"07/13/2019","06:29:44","9","default","116269760","OXY_CH9","22.773","min","256.798","μmol/L","Humid","20.405","deg","107060","µV","20.187","°C","1013.000","hPa","36.5","pmil","0","55.690","deg","20.000","°C","100.000","%a.s.","22.400","deg","20.000","°C","962.000","hPa","0.861","-0.02617","0.00035","0","0","13.56","Humid","35.35","0","78.50","296168.24","SABD0002000014","AAV2.0.0.13","3.0.1.1413","PSt7-10","180509-002","6/18/2019 6:15:17 AM","0000-00","0","no battery","V"
"07/13/2019","06:29:45","9","default","116269760","OXY_CH9","22.789","min","256.683","μmol/L","Humid","20.410","deg","107048","µV","20.187","°C","1013.000","hPa","36.5","pmil","0","55.690","deg","20.000","°C","100.000","%a.s.","22.400","deg","20.000","°C","962.000","hPa","0.861","-0.02617","0.00035","0","0","13.56","Humid","35.35","0","78.50","296164.06","SABD0002000014","AAV2.0.0.13","3.0.1.1413","PSt7-10","180509-002","6/18/2019 6:15:17 AM","0000-00","0","no battery","V"
"07/13/2019","06:29:46","9","default","116269760","OXY_CH9","22.805","min","256.867","μmol/L","Humid","20.402","deg","107034","µV","20.187","°C","1013.000","hPa","36.5","pmil","0","55.690","deg","20.000","°C","100.000","%a.s.","22.400","deg","20.000","°C","962.000","hPa","0.861","-0.02617","0.00035","0","0","13.56","Humid","35.35","0","78.50","296152.51","SABD0002000014","AAV2.0.0.13","3.0.1.1413","PSt7-10","180509-002","6/18/2019 6:15:17 AM","0000-00","0","no battery","V"
"07/13/2019","06:29:47","9","default","116269760","OXY_CH9","22.822","min","256.798","μmol/L","Humid","20.405","deg","107038","µV","20.187","°C","1013.000","hPa","36.5","pmil","0","55.690","deg","20.000","°C","100.000","%a.s.","22.400","deg","20.000","°C","962.000","hPa","0.861","-0.02617","0.00035","0","0","13.56","Humid","35.35","0","78.50","296170.16","SABD0002000014","AAV2.0.0.13","3.0.1.1413","PSt7-10","180509-002","6/18/2019 6:15:17 AM","0000-00","0","no battery","V"
"07/13/2019","06:29:48","9","default","116269760","OXY_CH9","22.839","min","256.937","μmol/L","Humid","20.397","deg","107024","µV","20.193","°C","1013.000","hPa","36.5","pmil","0","55.690","deg","20.000","°C","100.000","%a.s.","22.400","deg","20.000","°C","962.000","hPa","0.861","-0.02617","0.00035","0","0","13.56","Humid","35.35","0","78.50","296172.34","SABD0002000014","AAV2.0.0.13","3.0.1.1413","PSt7-10","180509-002","6/18/2019 6:15:17 AM","0000-00","0","no battery","V"
"07/13/2019","06:29:49","9","default","116269760","OXY_CH9","22.856","min","256.983","μmol/L","Humid","20.397","deg","107006","µV","20.187","°C","1013.000","hPa","36.5","pmil","0","55.690","deg","20.000","°C","100.000","%a.s.","22.400","deg","20.000","°C","962.000","hPa","0.861","-0.02617","0.00035","0","0","13.56","Humid","35.35","0","78.50","296157.20","SABD0002000014","AAV2.0.0.13","3.0.1.1413","PSt7-10","180509-002","6/18/2019 6:15:17 AM","0000-00","0","no battery","V"
"07/13/2019","06:29:50","9","default","116269760","OXY_CH9","22.873","min","256.914","μmol/L","Humid","20.398","deg","107000","µV","20.193","°C","1013.000","hPa","36.5","pmil","0","55.690","deg","20.000","°C","100.000","%a.s.","22.400","deg","20.000","°C","962.000","hPa","0.861","-0.02617","0.00035","0","0","13.56","Humid","35.35","0","78.50","296162.69","SABD0002000014","AAV2.0.0.13","3.0.1.1413","PSt7-10","180509-002","6/18/2019 6:15:17 AM","0000-00","0","no battery","V"
"07/13/2019","06:29:51","9","default","116269760","OXY_CH9","22.889","min","256.983","μmol/L","Humid","20.397","deg","106993","µV","20.187","°C","1013.000","hPa","36.5","pmil","0","55.690","deg","20.000","°C","100.000","%a.s.","22.400","deg","20.000","°C","962.000","hPa","0.861","-0.02617","0.00035","0","0","13.56","Humid","35.35","0","78.50","296159.53","SABD0002000014","AAV2.0.0.13","3.0.1.1413","PSt7-10","180509-002","6/18/2019 6:15:17 AM","0000-00","0","no battery","V"
"07/13/2019","06:29:52","9","default","116269760","OXY_CH9","22.906","min","257.144","μmol/L","Humid","20.392","deg","106980","µV","20.181","°C","1013.000","hPa","36.5","pmil","0","55.690","deg","20.000","°C","100.000","%a.s.","22.400","deg","20.000","°C","962.000","hPa","0.861","-0.02617","0.00035","0","0","13.56","Humid","35.35","0","78.50","296170.21","SABD0002000014","AAV2.0.0.13","3.0.1.1413","PSt7-10","180509-002","6/18/2019 6:15:17 AM","0000-00","0","no battery","V"
"07/13/2019","06:29:53","9","default","116269760","OXY_CH9","22.922","min","257.053","μmol/L","Humid","20.392","deg","106971","µV","20.193","°C","1013.000","hPa","36.5","pmil","0","55.690","deg","20.000","°C","100.000","%a.s.","22.400","deg","20.000","°C","962.000","hPa","0.861","-0.02617","0.00035","0","0","13.56","Humid","35.35","0","78.50","296163.74","SABD0002000014","AAV2.0.0.13","3.0.1.1413","PSt7-10","180509-002","6/18/2019 6:15:17 AM","0000-00","0","no battery","V"
"07/13/2019","06:29:54","9","default","116269760","OXY_CH9","22.939","min","257.075","μmol/L","Humid","20.393","deg","106965","µV","20.187","°C","1013.000","hPa","36.5","pmil","0","55.690","deg","20.000","°C","100.000","%a.s.","22.400","deg","20.000","°C","962.000","hPa","0.861","-0.02617","0.00035","0","0","13.56","Humid","35.35","0","78.50","296167.17","SABD0002000014","AAV2.0.0.13","3.0.1.1413","PSt7-10","180509-002","6/18/2019 6:15:17 AM","0000-00","0","no battery","V"
"07/13/2019","06:29:55","9","default","116269760","OXY_CH9","22.956","min","257.122","μmol/L","Humid","20.389","deg","106956","µV","20.193","°C","1013.000","hPa","36.5","pmil","0","55.690","deg","20.000","°C","100.000","%a.s.","22.400","deg","20.000","°C","962.000","hPa","0.861","-0.02617","0.00035","0","0","13.56","Humid","35.35","0","78.50","296170.12","SABD0002000014","AAV2.0.0.13","3.0.1.1413","PSt7-10","180509-002","6/18/2019 6:15:17 AM","0000-00","0","no battery","V"
"07/13/2019","06:29:56","9","default","116269760","OXY_CH9","22.972","min","257.098","μmol/L","Humid","20.392","deg","106940","µV","20.187","°C","1013.000","hPa","36.5","pmil","0","55.690","deg","20.000","°C","100.000","%a.s.","22.400","deg","20.000","°C","962.000","hPa","0.861","-0.02617","0.00035","0","0","13.56","Humid","35.35","0","78.50","296166.64","SABD0002000014","AAV2.0.0.13","3.0.1.1413","PSt7-10","180509-002","6/18/2019 6:15:17 AM","0000-00","0","no battery","V"
"07/13/2019","06:29:57","9","default","116269760","OXY_CH9","22.988","min","257.190","μmol/L","Humid","20.390","deg","106929","µV","20.181","°C","1013.000","hPa","36.5","pmil","0","55.690","deg","20.000","°C","100.000","%a.s.","22.400","deg","20.000","°C","962.000","hPa","0.861","-0.02617","0.00035","0","0","13.56","Humid","35.35","0","78.50","296157.16","SABD0002000014","AAV2.0.0.13","3.0.1.1413","PSt7-10","180509-002","6/18/2019 6:15:17 AM","0000-00","0","no battery","V"
"07/13/2019","06:29:58","9","default","116269760","OXY_CH9","23.006","min","257.214","μmol/L","Humid","20.387","deg","106925","µV","20.187","°C","1013.000","hPa","36.5","pmil","0","55.690","deg","20.000","°C","100.000","%a.s.","22.400","deg","20.000","°C","962.000","hPa","0.861","-0.02617","0.00035","0","0","13.56","Humid","35.35","0","78.50","296167.30","SABD0002000014","AAV2.0.0.13","3.0.1.1413","PSt7-10","180509-002","6/18/2019 6:15:17 AM","0000-00","0","no battery","V"
"07/13/2019","06:29:59","9","default","116269760","OXY_CH9","23.023","min","257.192","μmol/L","Humid","20.386","deg","106920","µV","20.193","°C","1013.000","hPa","36.5","pmil","0","55.690","deg","20.000","°C","100.000","%a.s.","22.400","deg","20.000","°C","962.000","hPa","0.861","-0.02617","0.00035","0","0","13.56","Humid","35.35","0","78.50","296165.29","SABD0002000014","AAV2.0.0.13","3.0.1.1413","PSt7-10","180509-002","6/18/2019 6:15:17 AM","0000-00","0","no battery","V"
"07/13/2019","06:30:00","9","default","116269760","OXY_CH9","23.039","min","257.375","μmol/L","Humid","20.382","deg","106901","µV","20.181","°C","1013.000","hPa","36.5","pmil","0","55.690","deg","20.000","°C","100.000","%a.s.","22.400","deg","20.000","°C","962.000","hPa","0.861","-0.02617","0.00035","0","0","13.56","Humid","35.35","0","78.50","296157.21","SABD0002000014","AAV2.0.0.13","3.0.1.1413","PSt7-10","180509-002","6/18/2019 6:15:17 AM","0000-00","0","no battery","V"
"07/13/2019","06:30:01","9","default","116269760","OXY_CH9","23.056","min","257.283","μmol/L","Humid","20.384","deg","106908","µV","20.187","°C","1013.000","hPa","36.5","pmil","0","55.690","deg","20.000","°C","100.000","%a.s.","22.400","deg","20.000","°C","962.000","hPa","0.861","-0.02617","0.00035","0","0","13.56","Humid","35.35","0","78.50","296168.56","SABD0002000014","AAV2.0.0.13","3.0.1.1413","PSt7-10","180509-002","6/18/2019 6:15:17 AM","0000-00","0","no battery","V"
"07/13/2019","06:30:02","9","default","116269760","OXY_CH9","23.073","min","257.329","μmol/L","Humid","20.384","deg","106896","µV","20.181","°C","1013.000","hPa","36.5","pmil","0","55.690","deg","20.000","°C","100.000","%a.s.","22.400","deg","20.000","°C","962.000","hPa","0.861","-0.02617","0.00035","0","0","13.56","Humid","35.35","0","78.50","296177.12","SABD0002000014","AAV2.0.0.13","3.0.1.1413","PSt7-10","180509-002","6/18/2019 6:15:17 AM","0000-00","0","no battery","V"
"07/13/2019","06:30:03","9","default","116269760","OXY_CH9","23.089","min","257.330","μmol/L","Humid","20.380","deg","106891","µV","20.193","°C","1013.000","hPa","36.5","pmil","0","55.690","deg","20.000","°C","100.000","%a.s.","22.400","deg","20.000","°C","962.000","hPa","0.861","-0.02617","0.00035","0","0","13.56","Humid","35.35","0","78.50","296169.53","SABD0002000014","AAV2.0.0.13","3.0.1.1413","PSt7-10","180509-002","6/18/2019 6:15:17 AM","0000-00","0","no battery","V"
"07/13/2019","06:30:04","9","default","116269760","OXY_CH9","23.106","min","257.422","μmol/L","Humid","20.378","deg","106885","µV","20.187","°C","1013.000","hPa","36.5","pmil","0","55.690","deg","20.000","°C","100.000","%a.s.","22.400","deg","20.000","°C","962.000","hPa","0.861","-0.02617","0.00035","0","0","13.56","Humid","35.35","0","78.50","296169.12","SABD0002000014","AAV2.0.0.13","3.0.1.1413","PSt7-10","180509-002","6/18/2019 6:15:17 AM","0000-00","0","no battery","V"
"07/13/2019","06:30:05","9","default","116269760","OXY_CH9","23.122","min","257.330","μmol/L","Humid","20.380","deg","106867","µV","20.193","°C","1013.000","hPa","36.5","pmil","0","55.690","deg","20.000","°C","100.000","%a.s.","22.400","deg","20.000","°C","962.000","hPa","0.861","-0.02617","0.00035","0","0","13.56","Humid","35.35","0","78.50","296155.85","SABD0002000014","AAV2.0.0.13","3.0.1.1413","PSt7-10","180509-002","6/18/2019 6:15:17 AM","0000-00","0","no battery","V"
"07/13/2019","06:30:06","9","default","116269760","OXY_CH9","23.139","min","257.353","μmol/L","Humid","20.379","deg","106860","µV","20.193","°C","1013.000","hPa","36.5","pmil","0","55.690","deg","20.000","°C","100.000","%a.s.","22.400","deg","20.000","°C","962.000","hPa","0.861","-0.02617","0.00035","0","0","13.56","Humid","35.35","0","78.50","296166.08","SABD0002000014","AAV2.0.0.13","3.0.1.1413","PSt7-10","180509-002","6/18/2019 6:15:17 AM","0000-00","0","no battery","V"
"07/13/2019","06:30:07","9","default","116269760","OXY_CH9","23.156","min","257.539","μmol/L","Humid","20.371","deg","106851","µV","20.193","°C","1013.000","hPa","36.5","pmil","0","55.690","deg","20.000","°C","100.000","%a.s.","22.400","deg","20.000","°C","962.000","hPa","0.861","-0.02617","0.00035","0","0","13.56","Humid","35.35","0","78.50","296163.20","SABD0002000014","AAV2.0.0.13","3.0.1.1413","PSt7-10","180509-002","6/18/2019 6:15:17 AM","0000-00","0","no battery","V"
"07/13/2019","06:30:08","9","default","116269760","OXY_CH9","23.172","min","257.584","μmol/L","Humid","20.371","deg","106833","µV","20.187","°C","1013.000","hPa","36.5","pmil","0","55.690","deg","20.000","°C","100.000","%a.s.","22.400","deg","20.000","°C","962.000","hPa","0.861","-0.02617","0.00035","0","0","13.56","Humid","35.35","0","78.50","296169.06","SABD0002000014","AAV2.0.0.13","3.0.1.1413","PSt7-10","180509-002","6/18/2019 6:15:17 AM","0000-00","0","no battery","V"
"07/13/2019","06:30:09","9","default","116269760","OXY_CH9","23.189","min","257.492","μmol/L","Humid","20.373","deg","106837","µV","20.193","°C","1013.000","hPa","36.5","pmil","0","55.690","deg","20.000","°C","100.000","%a.s.","22.400","deg","20.000","°C","962.000","hPa","0.861","-0.02617","0.00035","0","0","13.56","Humid","35.35","0","78.50","296177.96","SABD0002000014","AAV2.0.0.13","3.0.1.1413","PSt7-10","180509-002","6/18/2019 6:15:17 AM","0000-00","0","no battery","V"
"07/13/2019","06:30:10","9","default","116269760","OXY_CH9","23.206","min","257.654","μmol/L","Humid","20.368","deg","106820","µV","20.187","°C","1013.000","hPa","36.5","pmil","0","55.690","deg","20.000","°C","100.000","%a.s.","22.400","deg","20.000","°C","962.000","hPa","0.861","-0.02617","0.00035","0","0","13.56","Humid","35.35","0","78.50","296156.22","SABD0002000014","AAV2.0.0.13","3.0.1.1413","PSt7-10","180509-002","6/18/2019 6:15:17 AM","0000-00","0","no battery","V"
"07/13/2019","06:30:11","9","default","116269760","OXY_CH9","23.223","min","257.631","μmol/L","Humid","20.369","deg","106818","µV","20.187","°C","1013.000","hPa","36.5","pmil","0","55.690","deg","20.000","°C","100.000","%a.s.","22.400","deg","20.000","°C","962.000","hPa","0.861","-0.02617","0.00035","0","0","13.56","Humid","35.35","0","78.50","296161.38","SABD0002000014","AAV2.0.0.13","3.0.1.1413","PSt7-10","180509-002","6/18/2019 6:15:17 AM","0000-00","0","no battery","V"
"07/13/2019","06:30:12","9","default","116269760","OXY_CH9","23.239","min","257.654","μmol/L","Humid","20.366","deg","106813","µV","20.193","°C","1013.000","hPa","36.5","pmil","0","55.690","deg","20.000","°C","100.000","%a.s.","22.400","deg","20.000","°C","962.000","hPa","0.861","-0.02617","0.00035","0","0","13.56","Humid","35.35","0","78.50","296167.31","SABD0002000014","AAV2.0.0.13","3.0.1.1413","PSt7-10","180509-002","6/18/2019 6:15:17 AM","0000-00","0","no battery","V"
"07/13/2019","06:30:13","9","default","116269760","OXY_CH9","23.256","min","257.631","μmol/L","Humid","20.369","deg","106798","µV","20.187","°C","1013.000","hPa","36.5","pmil","0","55.690","deg","20.000","°C","100.000","%a.s.","22.400","deg","20.000","°C","962.000","hPa","0.861","-0.02617","0.00035","0","0","13.56","Humid","35.35","0","78.50","296171.17","SABD0002000014","AAV2.0.0.13","3.0.1.1413","PSt7-10","180509-002","6/18/2019 6:15:17 AM","0000-00","0","no battery","V"
"07/13/2019","06:30:14","9","default","116269760","OXY_CH9","23.272","min","257.678","μmol/L","Humid","20.365","deg","106787","µV","20.193","°C","1013.000","hPa","36.5","pmil","0","55.690","deg","20.000","°C","100.000","%a.s.","22.400","deg","20.000","°C","962.000","hPa","0.861","-0.02617","0.00035","0","0","13.56","Humid","35.35","0","78.50","296161.55","SABD0002000014","AAV2.0.0.13","3.0.1.1413","PSt7-10","180509-002","6/18/2019 6:15:17 AM","0000-00","0","no battery","V"
"07/13/2019","06:30:15","9","default","116269760","OXY_CH9","23.289","min","257.724","μmol/L","Humid","20.363","deg","106786","µV","20.193","°C","1013.000","hPa","36.5","pmil","0","55.690","deg","20.000","°C","100.000","%a.s.","22.400","deg","20.000","°C","962.000","hPa","0.861","-0.02617","0.00035","0","0","13.56","Humid","35.35","0","78.50","296159.51","SABD0002000014","AAV2.0.0.13","3.0.1.1413","PSt7-10","180509-002","6/18/2019 6:15:17 AM","0000-00","0","no battery","V"
"07/13/2019","06:30:16","9","default","116269760","OXY_CH9","23.305","min","257.816","μmol/L","Humid","20.361","deg","106772","µV","20.187","°C","1013.000","hPa","36.5","pmil","0","55.690","deg","20.000","°C","100.000","%a.s.","22.400","deg","20.000","°C","962.000","hPa","0.861","-0.02617","0.00035","0","0","13.56","Humid","35.35","0","78.50","296156.81","SABD0002000014","AAV2.0.0.13","3.0.1.1413","PSt7-10","180509-002","6/18/2019 6:15:17 AM","0000-00","0","no battery","V"
"07/13/2019","06:30:17","9","default","116269760","OXY_CH9","23.322","min","257.747","μmol/L","Humid","20.362","deg","106760","µV","20.193","°C","1013.000","hPa","36.5","pmil","0","55.690","deg","20.000","°C","100.000","%a.s.","22.400","deg","20.000","°C","962.000","hPa","0.861","-0.02617","0.00035","0","0","13.56","Humid","35.35","0","78.50","296165.51","SABD0002000014","AAV2.0.0.13","3.0.1.1413","PSt7-10","180509-002","6/18/2019 6:15:17 AM","0000-00","0","no battery","V"
"07/13/2019","06:30:18","9","default","116269760","OXY_CH9","23.339","min","257.863","μmol/L","Humid","20.357","deg","106750","µV","20.193","°C","1013.000","hPa","36.5","pmil","0","55.690","deg","20.000","°C","100.000","%a.s.","22.400","deg","20.000","°C","962.000","hPa","0.861","-0.02617","0.00035","0","0","13.56","Humid","35.35","0","78.50","296181.16","SABD0002000014","AAV2.0.0.13","3.0.1.1413","PSt7-10","180509-002","6/18/2019 6:15:17 AM","0000-00","0","no battery","V"
"07/13/2019","06:30:19","9","default","116269760","OXY_CH9","23.355","min","257.932","μmol/L","Humid","20.356","deg","106744","µV","20.187","°C","1013.000","hPa","36.5","pmil","0","55.690","deg","20.000","°C","100.000","%a.s.","22.400","deg","20.000","°C","962.000","hPa","0.861","-0.02617","0.00035","0","0","13.56","Humid","35.35","0","78.50","296166.46","SABD0002000014","AAV2.0.0.13","3.0.1.1413","PSt7-10","180509-002","6/18/2019 6:15:17 AM","0000-00","0","no battery","V"
"07/13/2019","06:30:20","9","default","116269760","OXY_CH9","23.372","min","257.840","μmol/L","Humid","20.358","deg","106741","µV","20.193","°C","1013.000","hPa","36.5","pmil","0","55.690","deg","20.000","°C","100.000","%a.s.","22.400","deg","20.000","°C","962.000","hPa","0.861","-0.02617","0.00035","0","0","13.56","Humid","35.35","0","78.50","296171.87","SABD0002000014","AAV2.0.0.13","3.0.1.1413","PSt7-10","180509-002","6/18/2019 6:15:17 AM","0000-00","0","no battery","V"
"07/13/2019","06:30:21","9","default","116269760","OXY_CH9","23.389","min","257.933","μmol/L","Humid","20.354","deg","106737","µV","20.193","°C","1013.000","hPa","36.5","pmil","0","55.690","deg","20.000","°C","100.000","%a.s.","22.400","deg","20.000","°C","962.000","hPa","0.861","-0.02617","0.00035","0","0","13.56","Humid","35.35","0","78.50","296172.11","SABD0002000014","AAV2.0.0.13","3.0.1.1413","PSt7-10","180509-002","6/18/2019 6:15:17 AM","0000-00","0","no battery","V"
"07/13/2019","06:30:22","9","default","116269760","OXY_CH9","23.406","min","257.979","μmol/L","Humid","20.352","deg","106722","µV","20.193","°C","1013.000","hPa","36.5","pmil","0","55.690","deg","20.000","°C","100.000","%a.s.","22.400","deg","20.000","°C","962.000","hPa","0.861","-0.02617","0.00035","0","0","13.56","Humid","35.35","0","78.50","296160.11","SABD0002000014","AAV2.0.0.13","3.0.1.1413","PSt7-10","180509-002","6/18/2019 6:15:17 AM","0000-00","0","no battery","V"
"07/13/2019","06:30:23","9","default","116269760","OXY_CH9","23.422","min","258.049","μmol/L","Humid","20.349","deg","106713","µV","20.193","°C","1013.000","hPa","36.5","pmil","0","55.690","deg","20.000","°C","100.000","%a.s.","22.400","deg","20.000","°C","962.000","hPa","0.861","-0.02617","0.00035","0","0","13.56","Humid","35.35","0","78.50","296168.40","SABD0002000014","AAV2.0.0.13","3.0.1.1413","PSt7-10","180509-002","6/18/2019 6:15:17 AM","0000-00","0","no battery","V"
"07/13/2019","06:30:24","9","default","116269760","OXY_CH9","23.439","min","258.002","μmol/L","Humid","20.351","deg","106701","µV","20.193","°C","1013.000","hPa","36.5","pmil","0","55.690","deg","20.000","°C","100.000","%a.s.","22.400","deg","20.000","°C","962.000","hPa","0.861","-0.02617","0.00035","0","0","13.56","Humid","35.35","0","78.50","296165.67","SABD0002000014","AAV2.0.0.13","3.0.1.1413","PSt7-10","180509-002","6/18/2019 6:15:17 AM","0000-00","0","no battery","V"
"07/13/2019","06:30:25","9","default","116269760","OXY_CH9","23.456","min","258.094","μmol/L","Humid","20.349","deg","106695","µV","20.187","°C","1013.000","hPa","36.5","pmil","0","55.690","deg","20.000","°C","100.000","%a.s.","22.400","deg","20.000","°C","962.000","hPa","0.861","-0.02617","0.00035","0","0","13.56","Humid","35.35","0","78.50","296171.02","SABD0002000014","AAV2.0.0.13","3.0.1.1413","PSt7-10","180509-002","6/18/2019 6:15:17 AM","0000-00","0","no battery","V"
"07/13/2019","06:30:26","9","default","116269760","OXY_CH9","23.473","min","258.027","μmol/L","Humid","20.346","deg","106678","µV","20.205","°C","1013.000","hPa","36.5","pmil","0","55.690","deg","20.000","°C","100.000","%a.s.","22.400","deg","20.000","°C","962.000","hPa","0.861","-0.02617","0.00035","0","0","13.56","Humid","35.35","0","78.50","296162.35","SABD0002000014","AAV2.0.0.13","3.0.1.1413","PSt7-10","180509-002","6/18/2019 6:15:17 AM","0000-00","0","no battery","V"
"07/13/2019","06:30:27","9","default","116269760","OXY_CH9","23.489","min","258.164","μmol/L","Humid","20.346","deg","106674","µV","20.187","°C","1013.000","hPa","36.5","pmil","0","55.690","deg","20.000","°C","100.000","%a.s.","22.400","deg","20.000","°C","962.000","hPa","0.861","-0.02617","0.00035","0","0","13.56","Humid","35.35","0","78.50","296162.65","SABD0002000014","AAV2.0.0.13","3.0.1.1413","PSt7-10","180509-002","6/18/2019 6:15:17 AM","0000-00","0","no battery","V"
"07/13/2019","06:30:28","9","default","116269760","OXY_CH9","23.505","min","258.211","μmol/L","Humid","20.342","deg","106661","µV","20.193","°C","1013.000","hPa","36.5","pmil","0","55.690","deg","20.000","°C","100.000","%a.s.","22.400","deg","20.000","°C","962.000","hPa","0.861","-0.02617","0.00035","0","0","13.56","Humid","35.35","0","78.50","296158.85","SABD0002000014","AAV2.0.0.13","3.0.1.1413","PSt7-10","180509-002","6/18/2019 6:15:17 AM","0000-00","0","no battery","V"
"07/13/2019","06:30:29","9","default","116269760","OXY_CH9","23.522","min","258.211","μmol/L","Humid","20.344","deg","106654","µV","20.187","°C","1013.000","hPa","36.5","pmil","0","55.690","deg","20.000","°C","100.000","%a.s.","22.400","deg","20.000","°C","962.000","hPa","0.861","-0.02617","0.00035","0","0","13.56","Humid","35.35","0","78.50","296167.73","SABD0002000014","AAV2.0.0.13","3.0.1.1413","PSt7-10","180509-002","6/18/2019 6:15:17 AM","0000-00","0","no battery","V"
"07/13/2019","06:30:30","9","default","116269760","OXY_CH9","23.539","min","258.234","μmol/L","Humid","20.343","deg","106649","µV","20.187","°C","1013.000","hPa","36.5","pmil","0","55.690","deg","20.000","°C","100.000","%a.s.","22.400","deg","20.000","°C","962.000","hPa","0.861","-0.02617","0.00035","0","0","13.56","Humid","35.35","0","78.50","296162.58","SABD0002000014","AAV2.0.0.13","3.0.1.1413","PSt7-10","180509-002","6/18/2019 6:15:17 AM","0000-00","0","no battery","V"
"07/13/2019","06:30:31","9","default","116269760","OXY_CH9","23.555","min","258.188","μmol/L","Humid","20.343","deg","106649","µV","20.193","°C","1013.000","hPa","36.5","pmil","0","55.690","deg","20.000","°C","100.000","%a.s.","22.400","deg","20.000","°C","962.000","hPa","0.861","-0.02617","0.00035","0","0","13.56","Humid","35.35","0","78.50","296160.21","SABD0002000014","AAV2.0.0.13","3.0.1.1413","PSt7-10","180509-002","6/18/2019 6:15:17 AM","0000-00","0","no battery","V"
"07/13/2019","06:30:32","9","default","116269760","OXY_CH9","23.573","min","258.212","μmol/L","Humid","20.340","deg","106639","µV","20.199","°C","1013.000","hPa","36.5","pmil","0","55.690","deg","20.000","°C","100.000","%a.s.","22.400","deg","20.000","°C","962.000","hPa","0.861","-0.02617","0.00035","0","0","13.56","Humid","35.35","0","78.50","296165.83","SABD0002000014","AAV2.0.0.13","3.0.1.1413","PSt7-10","180509-002","6/18/2019 6:15:17 AM","0000-00","0","no battery","V"
"07/13/2019","06:30:33","9","default","116269760","OXY_CH9","23.589","min","258.304","μmol/L","Humid","20.340","deg","106626","µV","20.187","°C","1013.000","hPa","36.5","pmil","0","55.690","deg","20.000","°C","100.000","%a.s.","22.400","deg","20.000","°C","962.000","hPa","0.861","-0.02617","0.00035","0","0","13.56","Humid","35.35","0","78.50","296155.65","SABD0002000014","AAV2.0.0.13","3.0.1.1413","PSt7-10","180509-002","6/18/2019 6:15:17 AM","0000-00","0","no battery","V"
"07/13/2019","06:30:34","9","default","116269760","OXY_CH9","23.605","min","258.351","μmol/L","Humid","20.336","deg","106623","µV","20.193","°C","1013.000","hPa","36.5","pmil","0","55.690","deg","20.000","°C","100.000","%a.s.","22.400","deg","20.000","°C","962.000","hPa","0.861","-0.02617","0.00035","0","0","13.56","Humid","35.35","0","78.50","296173.53","SABD0002000014","AAV2.0.0.13","3.0.1.1413","PSt7-10","180509-002","6/18/2019 6:15:17 AM","0000-00","0","no battery","V"
"07/13/2019","06:30:35","9","default","116269760","OXY_CH9","23.623","min","258.235","μmol/L","Humid","20.339","deg","106612","µV","20.199","°C","1013.000","hPa","36.5","pmil","0","55.690","deg","20.000","°C","100.000","%a.s.","22.400","deg","20.000","°C","962.000","hPa","0.861","-0.02617","0.00035","0","0","13.56","Humid","35.35","0","78.50","296169.12","SABD0002000014","AAV2.0.0.13","3.0.1.1413","PSt7-10","180509-002","6/18/2019 6:15:17 AM","0000-00","0","no battery","V"
"07/13/2019","06:30:36","9","default","116269760","OXY_CH9","23.639","min","258.444","μmol/L","Humid","20.332","deg","106599","µV","20.193","°C","1013.000","hPa","36.5","pmil","0","55.690","deg","20.000","°C","100.000","%a.s.","22.400","deg","20.000","°C","962.000","hPa","0.861","-0.02617","0.00035","0","0","13.56","Humid","35.35","0","78.50","296156.72","SABD0002000014","AAV2.0.0.13","3.0.1.1413","PSt7-10","180509-002","6/18/2019 6:15:17 AM","0000-00","0","no battery","V"
"07/13/2019","06:30:37","9","default","116269760","OXY_CH9","23.655","min","258.375","μmol/L","Humid","20.333","deg","106589","µV","20.199","°C","1013.000","hPa","36.5","pmil","0","55.690","deg","20.000","°C","100.000","%a.s.","22.400","deg","20.000","°C","962.000","hPa","0.861","-0.02617","0.00035","0","0","13.56","Humid","35.35","0","78.50","296152.95","SABD0002000014","AAV2.0.0.13","3.0.1.1413","PSt7-10","180509-002","6/18/2019 6:15:17 AM","0000-00","0","no battery","V"
"07/13/2019","06:30:38","9","default","116269760","OXY_CH9","23.672","min","258.444","μmol/L","Humid","20.332","deg","106581","µV","20.193","°C","1013.000","hPa","36.5","pmil","0","55.690","deg","20.000","°C","100.000","%a.s.","22.400","deg","20.000","°C","962.000","hPa","0.861","-0.02617","0.00035","0","0","13.56","Humid","35.35","0","78.50","296167.28","SABD0002000014","AAV2.0.0.13","3.0.1.1413","PSt7-10","180509-002","6/18/2019 6:15:17 AM","0000-00","0","no battery","V"
"07/13/2019","06:30:39","9","default","116269760","OXY_CH9","23.689","min","258.515","μmol/L","Humid","20.327","deg","106566","µV","20.199","°C","1013.000","hPa","36.5","pmil","0","55.690","deg","20.000","°C","100.000","%a.s.","22.400","deg","20.000","°C","962.000","hPa","0.861","-0.02617","0.00035","0","0","13.56","Humid","35.35","0","78.50","296154.20","SABD0002000014","AAV2.0.0.13","3.0.1.1413","PSt7-10","180509-002","6/18/2019 6:15:17 AM","0000-00","0","no battery","V"
"07/13/2019","06:30:40","9","default","116269760","OXY_CH9","23.705","min","258.607","μmol/L","Humid","20.325","deg","106565","µV","20.193","°C","1013.000","hPa","36.5","pmil","0","55.690","deg","20.000","°C","100.000","%a.s.","22.400","deg","20.000","°C","962.000","hPa","0.861","-0.02617","0.00035","0","0","13.56","Humid","35.35","0","78.50","296155.48","SABD0002000014","AAV2.0.0.13","3.0.1.1413","PSt7-10","180509-002","6/18/2019 6:15:17 AM","0000-00","0","no battery","V"
"07/13/2019","06:30:41","9","default","116269760","OXY_CH9","23.722","min","258.630","μmol/L","Humid","20.324","deg","106551","µV","20.193","°C","1013.000","hPa","36.5","pmil","0","55.690","deg","20.000","°C","100.000","%a.s.","22.400","deg","20.000","°C","962.000","hPa","0.861","-0.02617","0.00035","0","0","13.56","Humid","35.35","0","78.50","296159.25","SABD0002000014","AAV2.0.0.13","3.0.1.1413","PSt7-10","180509-002","6/18/2019 6:15:17 AM","0000-00","0","no battery","V"
"07/13/2019","06:30:42","9","default","116269760","OXY_CH9","23.739","min","258.630","μmol/L","Humid","20.324","deg","106551","µV","20.193","°C","1013.000","hPa","36.5","pmil","0","55.690","deg","20.000","°C","100.000","%a.s.","22.400","deg","20.000","°C","962.000","hPa","0.861","-0.02617","0.00035","0","0","13.56","Humid","35.35","0","78.50","296170.81","SABD0002000014","AAV2.0.0.13","3.0.1.1413","PSt7-10","180509-002","6/18/2019 6:15:17 AM","0000-00","0","no battery","V"
"07/13/2019","06:30:43","9","default","116269760","OXY_CH9","23.755","min","258.584","μmol/L","Humid","20.324","deg","106525","µV","20.199","°C","1013.000","hPa","36.5","pmil","0","55.690","deg","20.000","°C","100.000","%a.s.","22.400","deg","20.000","°C","962.000","hPa","0.861","-0.02617","0.00035","0","0","13.56","Humid","35.35","0","78.50","296150.61","SABD0002000014","AAV2.0.0.13","3.0.1.1413","PSt7-10","180509-002","6/18/2019 6:15:17 AM","0000-00","0","no battery","V"
"07/13/2019","06:30:44","9","default","116269760","OXY_CH9","23.772","min","258.653","μmol/L","Humid","20.323","deg","106527","µV","20.193","°C","1013.000","hPa","36.5","pmil","0","55.690","deg","20.000","°C","100.000","%a.s.","22.400","deg","20.000","°C","962.000","hPa","0.861","-0.02617","0.00035","0","0","13.56","Humid","35.35","0","78.50","296161.11","SABD0002000014","AAV2.0.0.13","3.0.1.1413","PSt7-10","180509-002","6/18/2019 6:15:17 AM","0000-00","0","no battery","V"
"07/13/2019","06:30:45","9","default","116269760","OXY_CH9","23.789","min","258.608","μmol/L","Humid","20.323","deg","106523","µV","20.199","°C","1013.000","hPa","36.5","pmil","0","55.690","deg","20.000","°C","100.000","%a.s.","22.400","deg","20.000","°C","962.000","hPa","0.861","-0.02617","0.00035","0","0","13.56","Humid","35.35","0","78.50","296163.30","SABD0002000014","AAV2.0.0.13","3.0.1.1413","PSt7-10","180509-002","6/18/2019 6:15:17 AM","0000-00","0","no battery","V"
"07/13/2019","06:30:46","9","default","116269760","OXY_CH9","23.805","min","258.723","μmol/L","Humid","20.320","deg","106515","µV","20.193","°C","1013.000","hPa","36.5","pmil","0","55.690","deg","20.000","°C","100.000","%a.s.","22.400","deg","20.000","°C","962.000","hPa","0.861","-0.02617","0.00035","0","0","13.56","Humid","35.35","0","78.50","296162.50","SABD0002000014","AAV2.0.0.13","3.0.1.1413","PSt7-10","180509-002","6/18/2019 6:15:17 AM","0000-00","0","no battery","V"
"07/13/2019","06:30:47","9","default","116269760","OXY_CH9","23.822","min","258.816","μmol/L","Humid","20.316","deg","106510","µV","20.193","°C","1013.000","hPa","36.5","pmil","0","55.690","deg","20.000","°C","100.000","%a.s.","22.400","deg","20.000","°C","962.000","hPa","0.861","-0.02617","0.00035","0","0","13.56","Humid","35.35","0","78.50","296154.63","SABD0002000014","AAV2.0.0.13","3.0.1.1413","PSt7-10","180509-002","6/18/2019 6:15:17 AM","0000-00","0","no battery","V"
"07/13/2019","06:30:48","9","default","116269760","OXY_CH9","23.839","min","258.723","μmol/L","Humid","20.320","deg","106500","µV","20.193","°C","1013.000","hPa","36.5","pmil","0","55.690","deg","20.000","°C","100.000","%a.s.","22.400","deg","20.000","°C","962.000","hPa","0.861","-0.02617","0.00035","0","0","13.56","Humid","35.35","0","78.50","296158.43","SABD0002000014","AAV2.0.0.13","3.0.1.1413","PSt7-10","180509-002","6/18/2019 6:15:17 AM","0000-00","0","no battery","V"
"07/13/2019","06:30:49","9","default","116269760","OXY_CH9","23.856","min","258.724","μmol/L","Humid","20.318","deg","106496","µV","20.199","°C","1013.000","hPa","36.5","pmil","0","55.690","deg","20.000","°C","100.000","%a.s.","22.400","deg","20.000","°C","962.000","hPa","0.861","-0.02617","0.00035","0","0","13.56","Humid","35.35","0","78.50","296155.64","SABD0002000014","AAV2.0.0.13","3.0.1.1413","PSt7-10","180509-002","6/18/2019 6:15:17 AM","0000-00","0","no battery","V"
"07/13/2019","06:30:50","9","default","116269760","OXY_CH9","23.872","min","258.702","μmol/L","Humid","20.317","deg","106479","µV","20.205","°C","1013.000","hPa","36.5","pmil","0","55.690","deg","20.000","°C","100.000","%a.s.","22.400","deg","20.000","°C","962.000","hPa","0.861","-0.02617","0.00035","0","0","13.56","Humid","35.35","0","78.50","296149.81","SABD0002000014","AAV2.0.0.13","3.0.1.1413","PSt7-10","180509-002","6/18/2019 6:15:17 AM","0000-00","0","no battery","V"
"07/13/2019","06:30:51","9","default","116269760","OXY_CH9","23.889","min","258.772","μmol/L","Humid","20.314","deg","106480","µV","20.205","°C","1013.000","hPa","36.5","pmil","0","55.690","deg","20.000","°C","100.000","%a.s.","22.400","deg","20.000","°C","962.000","hPa","0.861","-0.02617","0.00035","0","0","13.56","Humid","35.35","0","78.50","296156.63","SABD0002000014","AAV2.0.0.13","3.0.1.1413","PSt7-10","180509-002","6/18/2019 6:15:17 AM","0000-00","0","no battery","V"
"07/13/2019","06:30:52","9","default","116269760","OXY_CH9","23.905","min","258.771","μmol/L","Humid","20.316","deg","106469","µV","20.199","°C","1013.000","hPa","36.5","pmil","0","55.690","deg","20.000","°C","100.000","%a.s.","22.400","deg","20.000","°C","962.000","hPa","0.861","-0.02617","0.00035","0","0","13.56","Humid","35.35","0","78.50","296163.29","SABD0002000014","AAV2.0.0.13","3.0.1.1413","PSt7-10","180509-002","6/18/2019 6:15:17 AM","0000-00","0","no battery","V"
"07/13/2019","06:30:53","9","default","116269760","OXY_CH9","23.922","min","258.956","μmol/L","Humid","20.310","deg","106457","µV","20.193","°C","1013.000","hPa","36.5","pmil","0","55.690","deg","20.000","°C","100.000","%a.s.","22.400","deg","20.000","°C","962.000","hPa","0.861","-0.02617","0.00035","0","0","13.56","Humid","35.35","0","78.50","296149.76","SABD0002000014","AAV2.0.0.13","3.0.1.1413","PSt7-10","180509-002","6/18/2019 6:15:17 AM","0000-00","0","no battery","V"
"07/13/2019","06:30:54","9","default","116269760","OXY_CH9","23.939","min","258.886","μmol/L","Humid","20.313","deg","106453","µV","20.193","°C","1013.000","hPa","36.5","pmil","0","55.690","deg","20.000","°C","100.000","%a.s.","22.400","deg","20.000","°C","962.000","hPa","0.861","-0.02617","0.00035","0","0","13.56","Humid","35.35","0","78.50","296157.19","SABD0002000014","AAV2.0.0.13","3.0.1.1413","PSt7-10","180509-002","6/18/2019 6:15:17 AM","0000-00","0","no battery","V"
"07/13/2019","06:30:55","9","default","116269760","OXY_CH9","23.955","min","259.003","μmol/L","Humid","20.308","deg","106431","µV","20.193","°C","1013.000","hPa","36.5","pmil","0","55.690","deg","20.000","°C","100.000","%a.s.","22.400","deg","20.000","°C","962.000","hPa","0.861","-0.02617","0.00035","0","0","13.56","Humid","35.35","0","78.50","296151.59","SABD0002000014","AAV2.0.0.13","3.0.1.1413","PSt7-10","180509-002","6/18/2019 6:15:17 AM","0000-00","0","no battery","V"
"07/13/2019","06:30:56","9","default","116269760","OXY_CH9","23.972","min","258.956","μmol/L","Humid","20.310","deg","106432","µV","20.193","°C","1013.000","hPa","36.5","pmil","0","55.690","deg","20.000","°C","100.000","%a.s.","22.400","deg","20.000","°C","962.000","hPa","0.861","-0.02617","0.00035","0","0","13.56","Humid","35.35","0","78.50","296155.34","SABD0002000014","AAV2.0.0.13","3.0.1.1413","PSt7-10","180509-002","6/18/2019 6:15:17 AM","0000-00","0","no battery","V"
"07/13/2019","06:30:57","9","default","116269760","OXY_CH9","23.989","min","259.051","μmol/L","Humid","20.304","deg","106428","µV","20.199","°C","1013.000","hPa","36.5","pmil","0","55.690","deg","20.000","°C","100.000","%a.s.","22.400","deg","20.000","°C","962.000","hPa","0.861","-0.02617","0.00035","0","0","13.56","Humid","35.35","0","78.50","296147.67","SABD0002000014","AAV2.0.0.13","3.0.1.1413","PSt7-10","180509-002","6/18/2019 6:15:17 AM","0000-00","0","no battery","V"
"07/13/2019","06:30:58","9","default","116269760","OXY_CH9","24.006","min","259.096","μmol/L","Humid","20.304","deg","106425","µV","20.193","°C","1013.000","hPa","36.5","pmil","0","55.690","deg","20.000","°C","100.000","%a.s.","22.400","deg","20.000","°C","962.000","hPa","0.861","-0.02617","0.00035","0","0","13.56","Humid","35.35","0","78.50","296156.60","SABD0002000014","AAV2.0.0.13","3.0.1.1413","PSt7-10","180509-002","6/18/2019 6:15:17 AM","0000-00","0","no battery","V"
"07/13/2019","06:30:59","9","default","116269760","OXY_CH9","24.022","min","259.121","μmol/L","Humid","20.301","deg","106402","µV","20.199","°C","1013.000","hPa","36.5","pmil","0","55.690","deg","20.000","°C","100.000","%a.s.","22.400","deg","20.000","°C","962.000","hPa","0.861","-0.02617","0.00035","0","0","13.56","Humid","35.35","0","78.50","296147.05","SABD0002000014","AAV2.0.0.13","3.0.1.1413","PSt7-10","180509-002","6/18/2019 6:15:17 AM","0000-00","0","no battery","V"
"07/13/2019","06:31:00","9","default","116269760","OXY_CH9","24.039","min","259.144","μmol/L","Humid","20.300","deg","106397","µV","20.199","°C","1013.000","hPa","36.5","pmil","0","55.690","deg","20.000","°C","100.000","%a.s.","22.400","deg","20.000","°C","962.000","hPa","0.861","-0.02617","0.00035","0","0","13.56","Humid","35.35","0","78.50","296140.29","SABD0002000014","AAV2.0.0.13","3.0.1.1413","PSt7-10","180509-002","6/18/2019 6:15:17 AM","0000-00","0","no battery","V"
"07/13/2019","06:31:01","9","default","116269760","OXY_CH9","24.055","min","259.144","μmol/L","Humid","20.300","deg","106389","µV","20.199","°C","1013.000","hPa","36.5","pmil","0","55.690","deg","20.000","°C","100.000","%a.s.","22.400","deg","20.000","°C","962.000","hPa","0.861","-0.02617","0.00035","0","0","13.56","Humid","35.35","0","78.50","296143.60","SABD0002000014","AAV2.0.0.13","3.0.1.1413","PSt7-10","180509-002","6/18/2019 6:15:17 AM","0000-00","0","no battery","V"
"07/13/2019","06:31:02","9","default","116269760","OXY_CH9","24.073","min","259.167","μmol/L","Humid","20.299","deg","106388","µV","20.199","°C","1013.000","hPa","36.5","pmil","0","55.690","deg","20.000","°C","100.000","%a.s.","22.400","deg","20.000","°C","962.000","hPa","0.861","-0.02617","0.00035","0","0","13.56","Humid","35.35","0","78.50","296149.67","SABD0002000014","AAV2.0.0.13","3.0.1.1413","PSt7-10","180509-002","6/18/2019 6:15:17 AM","0000-00","0","no battery","V"
"07/13/2019","06:31:03","9","default","116269760","OXY_CH9","24.089","min","259.191","μmol/L","Humid","20.298","deg","106359","µV","20.199","°C","1013.000","hPa","36.5","pmil","0","55.690","deg","20.000","°C","100.000","%a.s.","22.400","deg","20.000","°C","962.000","hPa","0.861","-0.02617","0.00035","0","0","13.56","Humid","35.35","0","78.50","296147.37","SABD0002000014","AAV2.0.0.13","3.0.1.1413","PSt7-10","180509-002","6/18/2019 6:15:17 AM","0000-00","0","no battery","V"
"07/13/2019","06:31:04","9","default","116269760","OXY_CH9","24.106","min","259.261","μmol/L","Humid","20.295","deg","106369","µV","20.199","°C","1013.000","hPa","36.5","pmil","0","55.690","deg","20.000","°C","100.000","%a.s.","22.400","deg","20.000","°C","962.000","hPa","0.861","-0.02617","0.00035","0","0","13.56","Humid","35.35","0","78.50","296148.81","SABD0002000014","AAV2.0.0.13","3.0.1.1413","PSt7-10","180509-002","6/18/2019 6:15:17 AM","0000-00","0","no battery","V"
"07/13/2019","06:31:05","9","default","116269760","OXY_CH9","24.122","min","259.353","μmol/L","Humid","20.293","deg","106357","µV","20.193","°C","1013.000","hPa","36.5","pmil","0","55.690","deg","20.000","°C","100.000","%a.s.","22.400","deg","20.000","°C","962.000","hPa","0.861","-0.02617","0.00035","0","0","13.56","Humid","35.35","0","78.50","296151.29","SABD0002000014","AAV2.0.0.13","3.0.1.1413","PSt7-10","180509-002","6/18/2019 6:15:17 AM","0000-00","0","no battery","V"
"07/13/2019","06:31:06","9","default","116269760","OXY_CH9","24.139","min","259.400","μmol/L","Humid","20.291","deg","106338","µV","20.193","°C","1013.000","hPa","36.5","pmil","0","55.690","deg","20.000","°C","100.000","%a.s.","22.400","deg","20.000","°C","962.000","hPa","0.861","-0.02617","0.00035","0","0","13.56","Humid","35.35","0","78.50","296137.76","SABD0002000014","AAV2.0.0.13","3.0.1.1413","PSt7-10","180509-002","6/18/2019 6:15:17 AM","0000-00","0","no battery","V"
"07/13/2019","06:31:07","9","default","116269760","OXY_CH9","24.156","min","259.354","μmol/L","Humid","20.291","deg","106339","µV","20.199","°C","1013.000","hPa","36.5","pmil","0","55.690","deg","20.000","°C","100.000","%a.s.","22.400","deg","20.000","°C","962.000","hPa","0.861","-0.02617","0.00035","0","0","13.56","Humid","35.35","0","78.50","296153.50","SABD0002000014","AAV2.0.0.13","3.0.1.1413","PSt7-10","180509-002","6/18/2019 6:15:17 AM","0000-00","0","no battery","V"
"07/13/2019","06:31:08","9","default","116269760","OXY_CH9","24.172","min","259.331","μmol/L","Humid","20.292","deg","106336","µV","20.199","°C","1013.000","hPa","36.5","pmil","0","55.690","deg","20.000","°C","100.000","%a.s.","22.400","deg","20.000","°C","962.000","hPa","0.861","-0.02617","0.00035","0","0","13.56","Humid","35.35","0","78.50","296144.77","SABD0002000014","AAV2.0.0.13","3.0.1.1413","PSt7-10","180509-002","6/18/2019 6:15:17 AM","0000-00","0","no battery","V"
"07/13/2019","06:31:09","9","default","116269760","OXY_CH9","24.189","min","259.378","μmol/L","Humid","20.290","deg","106321","µV","20.199","°C","1013.000","hPa","36.5","pmil","0","55.690","deg","20.000","°C","100.000","%a.s.","22.400","deg","20.000","°C","962.000","hPa","0.861","-0.02617","0.00035","0","0","13.56","Humid","35.35","0","78.50","296153.18","SABD0002000014","AAV2.0.0.13","3.0.1.1413","PSt7-10","180509-002","6/18/2019 6:15:17 AM","0000-00","0","no battery","V"
"07/13/2019","06:31:10","9","default","116269760","OXY_CH9","24.206","min","259.378","μmol/L","Humid","20.290","deg","106306","µV","20.199","°C","1013.000","hPa","36.5","pmil","0","55.690","deg","20.000","°C","100.000","%a.s.","22.400","deg","20.000","°C","962.000","hPa","0.861","-0.02617","0.00035","0","0","13.56","Humid","35.35","0","78.50","296137.56","SABD0002000014","AAV2.0.0.13","3.0.1.1413","PSt7-10","180509-002","6/18/2019 6:15:17 AM","0000-00","0","no battery","V"
"07/13/2019","06:31:11","9","default","116269760","OXY_CH9","24.222","min","259.494","μmol/L","Humid","20.285","deg","106302","µV","20.199","°C","1013.000","hPa","36.5","pmil","0","55.690","deg","20.000","°C","100.000","%a.s.","22.400","deg","20.000","°C","962.000","hPa","0.861","-0.02617","0.00035","0","0","13.56","Humid","35.35","0","78.50","296139.11","SABD0002000014","AAV2.0.0.13","3.0.1.1413","PSt7-10","180509-002","6/18/2019 6:15:17 AM","0000-00","0","no battery","V"
"07/13/2019","06:31:12","9","default","116269760","OXY_CH9","24.239","min","259.471","μmol/L","Humid","20.286","deg","106292","µV","20.199","°C","1013.000","hPa","36.5","pmil","0","55.690","deg","20.000","°C","100.000","%a.s.","22.400","deg","20.000","°C","962.000","hPa","0.861","-0.02617","0.00035","0","0","13.56","Humid","35.35","0","78.50","296133.17","SABD0002000014","AAV2.0.0.13","3.0.1.1413","PSt7-10","180509-002","6/18/2019 6:15:17 AM","0000-00","0","no battery","V"
"07/13/2019","06:31:13","9","default","116269760","OXY_CH9","24.256","min","259.541","μmol/L","Humid","20.283","deg","106281","µV","20.199","°C","1013.000","hPa","36.5","pmil","0","55.690","deg","20.000","°C","100.000","%a.s.","22.400","deg","20.000","°C","962.000","hPa","0.861","-0.02617","0.00035","0","0","13.56","Humid","35.35","0","78.50","296143.78","SABD0002000014","AAV2.0.0.13","3.0.1.1413","PSt7-10","180509-002","6/18/2019 6:15:17 AM","0000-00","0","no battery","V"
"07/13/2019","06:31:14","9","default","116269760","OXY_CH9","24.272","min","259.681","μmol/L","Humid","20.279","deg","106278","µV","20.193","°C","1013.000","hPa","36.5","pmil","0","55.690","deg","20.000","°C","100.000","%a.s.","22.400","deg","20.000","°C","962.000","hPa","0.861","-0.02617","0.00035","0","0","13.56","Humid","35.35","0","78.50","296140.86","SABD0002000014","AAV2.0.0.13","3.0.1.1413","PSt7-10","180509-002","6/18/2019 6:15:17 AM","0000-00","0","no battery","V"
"07/13/2019","06:31:15","9","default","116269760","OXY_CH9","24.289","min","259.611","μmol/L","Humid","20.282","deg","106266","µV","20.193","°C","1013.000","hPa","36.5","pmil","0","55.690","deg","20.000","°C","100.000","%a.s.","22.400","deg","20.000","°C","962.000","hPa","0.861","-0.02617","0.00035","0","0","13.56","Humid","35.35","0","78.50","296140.49","SABD0002000014","AAV2.0.0.13","3.0.1.1413","PSt7-10","180509-002","6/18/2019 6:15:17 AM","0000-00","0","no battery","V"
"07/13/2019","06:31:16","9","default","116269760","OXY_CH9","24.306","min","259.682","μmol/L","Humid","20.277","deg","106262","µV","20.199","°C","1013.000","hPa","36.5","pmil","0","55.690","deg","20.000","°C","100.000","%a.s.","22.400","deg","20.000","°C","962.000","hPa","0.861","-0.02617","0.00035","0","0","13.56","Humid","35.35","0","78.50","296136.67","SABD0002000014","AAV2.0.0.13","3.0.1.1413","PSt7-10","180509-002","6/18/2019 6:15:17 AM","0000-00","0","no battery","V"
"07/13/2019","06:31:17","9","default","116269760","OXY_CH9","24.323","min","259.636","μmol/L","Humid","20.277","deg","106250","µV","20.205","°C","1013.000","hPa","36.5","pmil","0","55.690","deg","20.000","°C","100.000","%a.s.","22.400","deg","20.000","°C","962.000","hPa","0.861","-0.02617","0.00035","0","0","13.56","Humid","35.35","0","78.50","296134.17","SABD0002000014","AAV2.0.0.13","3.0.1.1413","PSt7-10","180509-002","6/18/2019 6:15:17 AM","0000-00","0","no battery","V"
"07/13/2019","06:31:18","9","default","116269760","OXY_CH9","24.339","min","259.728","μmol/L","Humid","20.277","deg","106246","µV","20.193","°C","1013.000","hPa","36.5","pmil","0","55.690","deg","20.000","°C","100.000","%a.s.","22.400","deg","20.000","°C","962.000","hPa","0.861","-0.02617","0.00035","0","0","13.56","Humid","35.35","0","78.50","296134.84","SABD0002000014","AAV2.0.0.13","3.0.1.1413","PSt7-10","180509-002","6/18/2019 6:15:17 AM","0000-00","0","no battery","V"
"07/13/2019","06:31:19","9","default","116269760","OXY_CH9","24.355","min","259.753","μmol/L","Humid","20.272","deg","106230","µV","20.205","°C","1013.000","hPa","36.5","pmil","0","55.690","deg","20.000","°C","100.000","%a.s.","22.400","deg","20.000","°C","962.000","hPa","0.861","-0.02617","0.00035","0","0","13.56","Humid","35.35","0","78.50","296126.29","SABD0002000014","AAV2.0.0.13","3.0.1.1413","PSt7-10","180509-002","6/18/2019 6:15:17 AM","0000-00","0","no battery","V"
"07/13/2019","06:31:20","9","default","116269760","OXY_CH9","24.372","min","259.752","μmol/L","Humid","20.274","deg","106225","µV","20.199","°C","1013.000","hPa","36.5","pmil","0","55.690","deg","20.000","°C","100.000","%a.s.","22.400","deg","20.000","°C","962.000","hPa","0.861","-0.02617","0.00035","0","0","13.56","Humid","35.35","0","78.50","296138.14","SABD0002000014","AAV2.0.0.13","3.0.1.1413","PSt7-10","180509-002","6/18/2019 6:15:17 AM","0000-00","0","no battery","V"
"07/13/2019","06:31:21","9","default","116269760","OXY_CH9","24.389","min","259.799","μmol/L","Humid","20.272","deg","106216","µV","20.199","°C","1013.000","hPa","36.5","pmil","0","55.690","deg","20.000","°C","100.000","%a.s.","22.400","deg","20.000","°C","962.000","hPa","0.861","-0.02617","0.00035","0","0","13.56","Humid","35.35","0","78.50","296124.22","SABD0002000014","AAV2.0.0.13","3.0.1.1413","PSt7-10","180509-002","6/18/2019 6:15:17 AM","0000-00","0","no battery","V"
"07/13/2019","06:31:22","9","default","116269760","OXY_CH9","24.405","min","259.822","μmol/L","Humid","20.271","deg","106209","µV","20.199","°C","1013.000","hPa","36.5","pmil","0","55.690","deg","20.000","°C","100.000","%a.s.","22.400","deg","20.000","°C","962.000","hPa","0.861","-0.02617","0.00035","0","0","13.56","Humid","35.35","0","78.50","296142.33","SABD0002000014","AAV2.0.0.13","3.0.1.1413","PSt7-10","180509-002","6/18/2019 6:15:17 AM","0000-00","0","no battery","V"
"07/13/2019","06:31:23","9","default","116269760","OXY_CH9","24.422","min","259.822","μmol/L","Humid","20.271","deg","106189","µV","20.199","°C","1013.000","hPa","36.5","pmil","0","55.690","deg","20.000","°C","100.000","%a.s.","22.400","deg","20.000","°C","962.000","hPa","0.861","-0.02617","0.00035","0","0","13.56","Humid","35.35","0","78.50","296129.99","SABD0002000014","AAV2.0.0.13","3.0.1.1413","PSt7-10","180509-002","6/18/2019 6:15:17 AM","0000-00","0","no battery","V"
"07/13/2019","06:31:24","9","default","116269760","OXY_CH9","24.439","min","259.823","μmol/L","Humid","20.269","deg","106185","µV","20.205","°C","1013.000","hPa","36.5","pmil","0","55.690","deg","20.000","°C","100.000","%a.s.","22.400","deg","20.000","°C","962.000","hPa","0.861","-0.02617","0.00035","0","0","13.56","Humid","35.35","0","78.50","296133.95","SABD0002000014","AAV2.0.0.13","3.0.1.1413","PSt7-10","180509-002","6/18/2019 6:15:17 AM","0000-00","0","no battery","V"
"07/13/2019","06:31:25","9","default","116269760","OXY_CH9","24.455","min","260.010","μmol/L","Humid","20.263","deg","106176","µV","20.199","°C","1013.000","hPa","36.5","pmil","0","55.690","deg","20.000","°C","100.000","%a.s.","22.400","deg","20.000","°C","962.000","hPa","0.861","-0.02617","0.00035","0","0","13.56","Humid","35.35","0","78.50","296129.01","SABD0002000014","AAV2.0.0.13","3.0.1.1413","PSt7-10","180509-002","6/18/2019 6:15:17 AM","0000-00","0","no battery","V"
"07/13/2019","06:31:26","9","default","116269760","OXY_CH9","24.472","min","259.963","μmol/L","Humid","20.265","deg","106170","µV","20.199","°C","1013.000","hPa","36.5","pmil","0","55.690","deg","20.000","°C","100.000","%a.s.","22.400","deg","20.000","°C","962.000","hPa","0.861","-0.02617","0.00035","0","0","13.56","Humid","35.35","0","78.50","296135.20","SABD0002000014","AAV2.0.0.13","3.0.1.1413","PSt7-10","180509-002","6/18/2019 6:15:17 AM","0000-00","0","no battery","V"
"07/13/2019","06:31:27","9","default","116269760","OXY_CH9","24.489","min","260.033","μmol/L","Humid","20.262","deg","106159","µV","20.199","°C","1013.000","hPa","36.5","pmil","0","55.690","deg","20.000","°C","100.000","%a.s.","22.400","deg","20.000","°C","962.000","hPa","0.861","-0.02617","0.00035","0","0","13.56","Humid","35.35","0","78.50","296124.12","SABD0002000014","AAV2.0.0.13","3.0.1.1413","PSt7-10","180509-002","6/18/2019 6:15:17 AM","0000-00","0","no battery","V"
"07/13/2019","06:31:28","9","default","116269760","OXY_CH9","24.505","min","260.057","μmol/L","Humid","20.261","deg","106153","µV","20.199","°C","1013.000","hPa","36.5","pmil","0","55.690","deg","20.000","°C","100.000","%a.s.","22.400","deg","20.000","°C","962.000","hPa","0.861","-0.02617","0.00035","0","0","13.56","Humid","35.35","0","78.50","296124.77","SABD0002000014","AAV2.0.0.13","3.0.1.1413","PSt7-10","180509-002","6/18/2019 6:15:17 AM","0000-00","0","no battery","V"
"07/13/2019","06:31:29","9","default","116269760","OXY_CH9","24.522","min","260.034","μmol/L","Humid","20.260","deg","106142","µV","20.205","°C","1013.000","hPa","36.5","pmil","0","55.690","deg","20.000","°C","100.000","%a.s.","22.400","deg","20.000","°C","962.000","hPa","0.861","-0.02617","0.00035","0","0","13.56","Humid","35.35","0","78.50","296132.25","SABD0002000014","AAV2.0.0.13","3.0.1.1413","PSt7-10","180509-002","6/18/2019 6:15:17 AM","0000-00","0","no battery","V"
"07/13/2019","06:31:30","9","default","116269760","OXY_CH9","24.539","min","260.103","μmol/L","Humid","20.259","deg","106129","µV","20.199","°C","1013.000","hPa","36.5","pmil","0","55.690","deg","20.000","°C","100.000","%a.s.","22.400","deg","20.000","°C","962.000","hPa","0.861","-0.02617","0.00035","0","0","13.56","Humid","35.35","0","78.50","296127.96","SABD0002000014","AAV2.0.0.13","3.0.1.1413","PSt7-10","180509-002","6/18/2019 6:15:17 AM","0000-00","0","no battery","V"
"07/13/2019","06:31:31","9","default","116269760","OXY_CH9","24.556","min","260.127","μmol/L","Humid","20.258","deg","106116","µV","20.199","°C","1013.000","hPa","36.5","pmil","0","55.690","deg","20.000","°C","100.000","%a.s.","22.400","deg","20.000","°C","962.000","hPa","0.861","-0.02617","0.00035","0","0","13.56","Humid","35.35","0","78.50","296135.52","SABD0002000014","AAV2.0.0.13","3.0.1.1413","PSt7-10","180509-002","6/18/2019 6:15:17 AM","0000-00","0","no battery","V"
"07/13/2019","06:31:32","9","default","116269760","OXY_CH9","24.572","min","260.222","μmol/L","Humid","20.252","deg","106106","µV","20.205","°C","1013.000","hPa","36.5","pmil","0","55.690","deg","20.000","°C","100.000","%a.s.","22.400","deg","20.000","°C","962.000","hPa","0.861","-0.02617","0.00035","0","0","13.56","Humid","35.35","0","78.50","296133.62","SABD0002000014","AAV2.0.0.13","3.0.1.1413","PSt7-10","180509-002","6/18/2019 6:15:17 AM","0000-00","0","no battery","V"
"07/13/2019","06:31:33","9","default","116269760","OXY_CH9","24.589","min","260.104","μmol/L","Humid","20.257","deg","106100","µV","20.205","°C","1013.000","hPa","36.5","pmil","0","55.690","deg","20.000","°C","100.000","%a.s.","22.400","deg","20.000","°C","962.000","hPa","0.861","-0.02617","0.00035","0","0","13.56","Humid","35.35","0","78.50","296130.90","SABD0002000014","AAV2.0.0.13","3.0.1.1413","PSt7-10","180509-002","6/18/2019 6:15:17 AM","0000-00","0","no battery","V"
"07/13/2019","06:31:34","9","default","116269760","OXY_CH9","24.605","min","260.292","μmol/L","Humid","20.249","deg","106086","µV","20.205","°C","1013.000","hPa","36.5","pmil","0","55.690","deg","20.000","°C","100.000","%a.s.","22.400","deg","20.000","°C","962.000","hPa","0.861","-0.02617","0.00035","0","0","13.56","Humid","35.35","0","78.50","296119.67","SABD0002000014","AAV2.0.0.13","3.0.1.1413","PSt7-10","180509-002","6/18/2019 6:15:17 AM","0000-00","0","no battery","V"
"07/13/2019","06:31:35","9","default","116269760","OXY_CH9","24.622","min","260.221","μmol/L","Humid","20.254","deg","106085","µV","20.199","°C","1013.000","hPa","36.5","pmil","0","55.690","deg","20.000","°C","100.000","%a.s.","22.400","deg","20.000","°C","962.000","hPa","0.861","-0.02617","0.00035","0","0","13.56","Humid","35.35","0","78.50","296112.68","SABD0002000014","AAV2.0.0.13","3.0.1.1413","PSt7-10","180509-002","6/18/2019 6:15:17 AM","0000-00","0","no battery","V"
"07/13/2019","06:31:36","9","default","116269760","OXY_CH9","24.639","min","260.338","μmol/L","Humid","20.249","deg","106077","µV","20.199","°C","1013.000","hPa","36.5","pmil","0","55.690","deg","20.000","°C","100.000","%a.s.","22.400","deg","20.000","°C","962.000","hPa","0.861","-0.02617","0.00035","0","0","13.56","Humid","35.35","0","78.50","296128.40","SABD0002000014","AAV2.0.0.13","3.0.1.1413","PSt7-10","180509-002","6/18/2019 6:15:17 AM","0000-00","0","no battery","V"
"07/13/2019","06:31:37","9","default","116269760","OXY_CH9","24.655","min","260.292","μmol/L","Humid","20.249","deg","106054","µV","20.205","°C","1013.000","hPa","36.5","pmil","0","55.690","deg","20.000","°C","100.000","%a.s.","22.400","deg","20.000","°C","962.000","hPa","0.861","-0.02617","0.00035","0","0","13.56","Humid","35.35","0","78.50","296129.20","SABD0002000014","AAV2.0.0.13","3.0.1.1413","PSt7-10","180509-002","6/18/2019 6:15:17 AM","0000-00","0","no battery","V"
"07/13/2019","06:31:38","9","default","116269760","OXY_CH9","24.672","min","260.362","μmol/L","Humid","20.248","deg","106057","µV","20.199","°C","1013.000","hPa","36.5","pmil","0","55.690","deg","20.000","°C","100.000","%a.s.","22.400","deg","20.000","°C","962.000","hPa","0.861","-0.02617","0.00035","0","0","13.56","Humid","35.35","0","78.50","296134.08","SABD0002000014","AAV2.0.0.13","3.0.1.1413","PSt7-10","180509-002","6/18/2019 6:15:17 AM","0000-00","0","no battery","V"
"07/13/2019","06:31:39","9","default","116269760","OXY_CH9","24.689","min","260.455","μmol/L","Humid","20.246","deg","106043","µV","20.193","°C","1013.000","hPa","36.5","pmil","0","55.690","deg","20.000","°C","100.000","%a.s.","22.400","deg","20.000","°C","962.000","hPa","0.861","-0.02617","0.00035","0","0","13.56","Humid","35.35","0","78.50","296126.57","SABD0002000014","AAV2.0.0.13","3.0.1.1413","PSt7-10","180509-002","6/18/2019 6:15:17 AM","0000-00","0","no battery","V"
"07/13/2019","06:31:40","9","default","116269760","OXY_CH9","24.706","min","260.386","μmol/L","Humid","20.245","deg","106038","µV","20.205","°C","1013.000","hPa","36.5","pmil","0","55.690","deg","20.000","°C","100.000","%a.s.","22.400","deg","20.000","°C","962.000","hPa","0.861","-0.02617","0.00035","0","0","13.56","Humid","35.35","0","78.50","296119.24","SABD0002000014","AAV2.0.0.13","3.0.1.1413","PSt7-10","180509-002","6/18/2019 6:15:17 AM","0000-00","0","no battery","V"
"07/13/2019","06:31:41","9","default","116269760","OXY_CH9","24.722","min","260.479","μmol/L","Humid","20.243","deg","106025","µV","20.199","°C","1013.000","hPa","36.5","pmil","0","55.690","deg","20.000","°C","100.000","%a.s.","22.400","deg","20.000","°C","962.000","hPa","0.861","-0.02617","0.00035","0","0","13.56","Humid","35.35","0","78.50","296124.29","SABD0002000014","AAV2.0.0.13","3.0.1.1413","PSt7-10","180509-002","6/18/2019 6:15:17 AM","0000-00","0","no battery","V"
"07/13/2019","06:31:42","9","default","116269760","OXY_CH9","24.739","min","260.457","μmol/L","Humid","20.242","deg","106017","µV","20.205","°C","1013.000","hPa","36.5","pmil","0","55.690","deg","20.000","°C","100.000","%a.s.","22.400","deg","20.000","°C","962.000","hPa","0.861","-0.02617","0.00035","0","0","13.56","Humid","35.35","0","78.50","296125.58","SABD0002000014","AAV2.0.0.13","3.0.1.1413","PSt7-10","180509-002","6/18/2019 6:15:17 AM","0000-00","0","no battery","V"
"07/13/2019","06:31:43","9","default","116269760","OXY_CH9","24.755","min","260.526","μmol/L","Humid","20.241","deg","106013","µV","20.199","°C","1013.000","hPa","36.5","pmil","0","55.690","deg","20.000","°C","100.000","%a.s.","22.400","deg","20.000","°C","962.000","hPa","0.861","-0.02617","0.00035","0","0","13.56","Humid","35.35","0","78.50","296125.71","SABD0002000014","AAV2.0.0.13","3.0.1.1413","PSt7-10","180509-002","6/18/2019 6:15:17 AM","0000-00","0","no battery","V"
"07/13/2019","06:31:44","9","default","116269760","OXY_CH9","24.773","min","260.574","μmol/L","Humid","20.237","deg","106009","µV","20.205","°C","1013.000","hPa","36.5","pmil","0","55.690","deg","20.000","°C","100.000","%a.s.","22.400","deg","20.000","°C","962.000","hPa","0.861","-0.02617","0.00035","0","0","13.56","Humid","35.35","0","78.50","296119.32","SABD0002000014","AAV2.0.0.13","3.0.1.1413","PSt7-10","180509-002","6/18/2019 6:15:17 AM","0000-00","0","no battery","V"
"07/13/2019","06:31:45","9","default","116269760","OXY_CH9","24.789","min","260.527","μmol/L","Humid","20.239","deg","106002","µV","20.205","°C","1013.000","hPa","36.5","pmil","0","55.690","deg","20.000","°C","100.000","%a.s.","22.400","deg","20.000","°C","962.000","hPa","0.861","-0.02617","0.00035","0","0","13.56","Humid","35.35","0","78.50","296128.93","SABD0002000014","AAV2.0.0.13","3.0.1.1413","PSt7-10","180509-002","6/18/2019 6:15:17 AM","0000-00","0","no battery","V"
"07/13/2019","06:31:46","9","default","116269760","OXY_CH9","24.806","min","260.598","μmol/L","Humid","20.236","deg","105988","µV","20.205","°C","1013.000","hPa","36.5","pmil","0","55.690","deg","20.000","°C","100.000","%a.s.","22.400","deg","20.000","°C","962.000","hPa","0.861","-0.02617","0.00035","0","0","13.56","Humid","35.35","0","78.50","296124.29","SABD0002000014","AAV2.0.0.13","3.0.1.1413","PSt7-10","180509-002","6/18/2019 6:15:17 AM","0000-00","0","no battery","V"
"07/13/2019","06:31:47","9","default","116269760","OXY_CH9","24.822","min","260.645","μmol/L","Humid","20.234","deg","105972","µV","20.205","°C","1013.000","hPa","36.5","pmil","0","55.690","deg","20.000","°C","100.000","%a.s.","22.400","deg","20.000","°C","962.000","hPa","0.861","-0.02617","0.00035","0","0","13.56","Humid","35.35","0","78.50","296127.26","SABD0002000014","AAV2.0.0.13","3.0.1.1413","PSt7-10","180509-002","6/18/2019 6:15:17 AM","0000-00","0","no battery","V"
"07/13/2019","06:31:48","9","default","116269760","OXY_CH9","24.839","min","260.738","μmol/L","Humid","20.232","deg","105966","µV","20.199","°C","1013.000","hPa","36.5","pmil","0","55.690","deg","20.000","°C","100.000","%a.s.","22.400","deg","20.000","°C","962.000","hPa","0.861","-0.02617","0.00035","0","0","13.56","Humid","35.35","0","78.50","296118.16","SABD0002000014","AAV2.0.0.13","3.0.1.1413","PSt7-10","180509-002","6/18/2019 6:15:17 AM","0000-00","0","no battery","V"
"07/13/2019","06:31:49","9","default","116269760","OXY_CH9","24.855","min","260.715","μmol/L","Humid","20.231","deg","105953","µV","20.205","°C","1013.000","hPa","36.5","pmil","0","55.690","deg","20.000","°C","100.000","%a.s.","22.400","deg","20.000","°C","962.000","hPa","0.861","-0.02617","0.00035","0","0","13.56","Humid","35.35","0","78.50","296125.02","SABD0002000014","AAV2.0.0.13","3.0.1.1413","PSt7-10","180509-002","6/18/2019 6:15:17 AM","0000-00","0","no battery","V"
"07/13/2019","06:31:50","9","default","116269760","OXY_CH9","24.872","min","260.832","μmol/L","Humid","20.228","deg","105946","µV","20.199","°C","1013.000","hPa","36.5","pmil","0","55.690","deg","20.000","°C","100.000","%a.s.","22.400","deg","20.000","°C","962.000","hPa","0.861","-0.02617","0.00035","0","0","13.56","Humid","35.35","0","78.50","296121.43","SABD0002000014","AAV2.0.0.13","3.0.1.1413","PSt7-10","180509-002","6/18/2019 6:15:17 AM","0000-00","0","no battery","V"
"07/13/2019","06:31:51","9","default","116269760","OXY_CH9","24.889","min","260.715","μmol/L","Humid","20.231","deg","105943","µV","20.205","°C","1013.000","hPa","36.5","pmil","0","55.690","deg","20.000","°C","100.000","%a.s.","22.400","deg","20.000","°C","962.000","hPa","0.861","-0.02617","0.00035","0","0","13.56","Humid","35.35","0","78.50","296136.09","SABD0002000014","AAV2.0.0.13","3.0.1.1413","PSt7-10","180509-002","6/18/2019 6:15:17 AM","0000-00","0","no battery","V"
"07/13/2019","06:31:52","9","default","116269760","OXY_CH9","24.906","min","260.810","μmol/L","Humid","20.227","deg","105938","µV","20.205","°C","1013.000","hPa","36.5","pmil","0","55.690","deg","20.000","°C","100.000","%a.s.","22.400","deg","20.000","°C","962.000","hPa","0.861","-0.02617","0.00035","0","0","13.56","Humid","35.35","0","78.50","296123.12","SABD0002000014","AAV2.0.0.13","3.0.1.1413","PSt7-10","180509-002","6/18/2019 6:15:17 AM","0000-00","0","no battery","V"
"07/13/2019","06:31:53","9","default","116269760","OXY_CH9","24.922","min","260.857","μmol/L","Humid","20.225","deg","105918","µV","20.205","°C","1013.000","hPa","36.5","pmil","0","55.690","deg","20.000","°C","100.000","%a.s.","22.400","deg","20.000","°C","962.000","hPa","0.861","-0.02617","0.00035","0","0","13.56","Humid","35.35","0","78.50","296119.86","SABD0002000014","AAV2.0.0.13","3.0.1.1413","PSt7-10","180509-002","6/18/2019 6:15:17 AM","0000-00","0","no battery","V"
"07/13/2019","06:31:54","9","default","116269760","OXY_CH9","24.939","min","260.950","μmol/L","Humid","20.223","deg","105914","µV","20.199","°C","1013.000","hPa","36.5","pmil","0","55.690","deg","20.000","°C","100.000","%a.s.","22.400","deg","20.000","°C","962.000","hPa","0.861","-0.02617","0.00035","0","0","13.56","Humid","35.35","0","78.50","296120.11","SABD0002000014","AAV2.0.0.13","3.0.1.1413","PSt7-10","180509-002","6/18/2019 6:15:17 AM","0000-00","0","no battery","V"
"07/13/2019","06:31:55","9","default","116269760","OXY_CH9","24.956","min","260.904","μmol/L","Humid","20.223","deg","105901","µV","20.205","°C","1013.000","hPa","36.5","pmil","0","55.690","deg","20.000","°C","100.000","%a.s.","22.400","deg","20.000","°C","962.000","hPa","0.861","-0.02617","0.00035","0","0","13.56","Humid","35.35","0","78.50","296124.15","SABD0002000014","AAV2.0.0.13","3.0.1.1413","PSt7-10","180509-002","6/18/2019 6:15:17 AM","0000-00","0","no battery","V"
"07/13/2019","06:31:56","9","default","116269760","OXY_CH9","24.972","min","261.068","μmol/L","Humid","20.218","deg","105893","µV","20.199","°C","1013.000","hPa","36.5","pmil","0","55.690","deg","20.000","°C","100.000","%a.s.","22.400","deg","20.000","°C","962.000","hPa","0.861","-0.02617","0.00035","0","0","13.56","Humid","35.35","0","78.50","296121.97","SABD0002000014","AAV2.0.0.13","3.0.1.1413","PSt7-10","180509-002","6/18/2019 6:15:17 AM","0000-00","0","no battery","V"
"07/13/2019","06:31:57","9","default","116269760","OXY_CH9","24.989","min","260.951","μmol/L","Humid","20.221","deg","105889","µV","20.205","°C","1013.000","hPa","36.5","pmil","0","55.690","deg","20.000","°C","100.000","%a.s.","22.400","deg","20.000","°C","962.000","hPa","0.861","-0.02617","0.00035","0","0","13.56","Humid","35.35","0","78.50","296135.79","SABD0002000014","AAV2.0.0.13","3.0.1.1413","PSt7-10","180509-002","6/18/2019 6:15:17 AM","0000-00","0","no battery","V"
"07/13/2019","06:31:58","9","default","116269760","OXY_CH9","25.006","min","260.975","μmol/L","Humid","20.218","deg","105880","µV","20.211","°C","1013.000","hPa","36.5","pmil","0","55.690","deg","20.000","°C","100.000","%a.s.","22.400","deg","20.000","°C","962.000","hPa","0.861","-0.02617","0.00035","0","0","13.56","Humid","35.35","0","78.50","296112.47","SABD0002000014","AAV2.0.0.13","3.0.1.1413","PSt7-10","180509-002","6/18/2019 6:15:17 AM","0000-00","0","no battery","V"
"07/13/2019","06:31:59","9","default","116269760","OXY_CH9","25.022","min","261.093","μmol/L","Humid","20.213","deg","105864","µV","20.211","°C","1013.000","hPa","36.5","pmil","0","55.690","deg","20.000","°C","100.000","%a.s.","22.400","deg","20.000","°C","962.000","hPa","0.861","-0.02617","0.00035","0","0","13.56","Humid","35.35","0","78.50","296122.28","SABD0002000014","AAV2.0.0.13","3.0.1.1413","PSt7-10","180509-002","6/18/2019 6:15:17 AM","0000-00","0","no battery","V"
"07/13/2019","06:32:00","9","default","116269760","OXY_CH9","25.039","min","261.091","μmol/L","Humid","20.217","deg","105859","µV","20.199","°C","1013.000","hPa","36.5","pmil","0","55.690","deg","20.000","°C","100.000","%a.s.","22.400","deg","20.000","°C","962.000","hPa","0.861","-0.02617","0.00035","0","0","13.56","Humid","35.35","0","78.50","296116.94","SABD0002000014","AAV2.0.0.13","3.0.1.1413","PSt7-10","180509-002","6/18/2019 6:15:17 AM","0000-00","0","no battery","V"
"07/13/2019","06:32:01","9","default","116269760","OXY_CH9","25.056","min","261.092","μmol/L","Humid","20.215","deg","105851","µV","20.205","°C","1013.000","hPa","36.5","pmil","0","55.690","deg","20.000","°C","100.000","%a.s.","22.400","deg","20.000","°C","962.000","hPa","0.861","-0.02617","0.00035","0","0","13.56","Humid","35.35","0","78.50","296104.21","SABD0002000014","AAV2.0.0.13","3.0.1.1413","PSt7-10","180509-002","6/18/2019 6:15:17 AM","0000-00","0","no battery","V"
"07/13/2019","06:32:02","9","default","116269760","OXY_CH9","25.072","min","261.139","μmol/L","Humid","20.213","deg","105839","µV","20.205","°C","1013.000","hPa","36.5","pmil","0","55.690","deg","20.000","°C","100.000","%a.s.","22.400","deg","20.000","°C","962.000","hPa","0.861","-0.02617","0.00035","0","0","13.56","Humid","35.35","0","78.50","296116.97","SABD0002000014","AAV2.0.0.13","3.0.1.1413","PSt7-10","180509-002","6/18/2019 6:15:17 AM","0000-00","0","no battery","V"
"07/13/2019","06:32:03","9","default","116269760","OXY_CH9","25.089","min","261.233","μmol/L","Humid","20.211","deg","105834","µV","20.199","°C","1013.000","hPa","36.5","pmil","0","55.690","deg","20.000","°C","100.000","%a.s.","22.400","deg","20.000","°C","962.000","hPa","0.861","-0.02617","0.00035","0","0","13.56","Humid","35.35","0","78.50","296114.47","SABD0002000014","AAV2.0.0.13","3.0.1.1413","PSt7-10","180509-002","6/18/2019 6:15:17 AM","0000-00","0","no battery","V"
"07/13/2019","06:32:04","9","default","116269760","OXY_CH9","25.105","min","261.256","μmol/L","Humid","20.210","deg","105825","µV","20.199","°C","1013.000","hPa","36.5","pmil","0","55.690","deg","20.000","°C","100.000","%a.s.","22.400","deg","20.000","°C","962.000","hPa","0.861","-0.02617","0.00035","0","0","13.56","Humid","35.35","0","78.50","296116.98","SABD0002000014","AAV2.0.0.13","3.0.1.1413","PSt7-10","180509-002","6/18/2019 6:15:17 AM","0000-00","0","no battery","V"
"07/13/2019","06:32:05","9","default","116269760","OXY_CH9","25.122","min","261.210","μmol/L","Humid","20.210","deg","105817","µV","20.205","°C","1013.000","hPa","36.5","pmil","0","55.690","deg","20.000","°C","100.000","%a.s.","22.400","deg","20.000","°C","962.000","hPa","0.861","-0.02617","0.00035","0","0","13.56","Humid","35.35","0","78.50","296123.58","SABD0002000014","AAV2.0.0.13","3.0.1.1413","PSt7-10","180509-002","6/18/2019 6:15:17 AM","0000-00","0","no battery","V"
"07/13/2019","06:32:06","9","default","116269760","OXY_CH9","25.139","min","261.280","μmol/L","Humid","20.209","deg","105802","µV","20.199","°C","1013.000","hPa","36.5","pmil","0","55.690","deg","20.000","°C","100.000","%a.s.","22.400","deg","20.000","°C","962.000","hPa","0.861","-0.02617","0.00035","0","0","13.56","Humid","35.35","0","78.50","296118.48","SABD0002000014","AAV2.0.0.13","3.0.1.1413","PSt7-10","180509-002","6/18/2019 6:15:17 AM","0000-00","0","no battery","V"
"07/13/2019","06:32:07","9","default","116269760","OXY_CH9","25.155","min","261.398","μmol/L","Humid","20.204","deg","105798","µV","20.199","°C","1013.000","hPa","36.5","pmil","0","55.690","deg","20.000","°C","100.000","%a.s.","22.400","deg","20.000","°C","962.000","hPa","0.861","-0.02617","0.00035","0","0","13.56","Humid","35.35","0","78.50","296122.95","SABD0002000014","AAV2.0.0.13","3.0.1.1413","PSt7-10","180509-002","6/18/2019 6:15:17 AM","0000-00","0","no battery","V"
"07/13/2019","06:32:08","9","default","116269760","OXY_CH9","25.172","min","261.329","μmol/L","Humid","20.203","deg","105793","µV","20.211","°C","1013.000","hPa","36.5","pmil","0","55.690","deg","20.000","°C","100.000","%a.s.","22.400","deg","20.000","°C","962.000","hPa","0.861","-0.02617","0.00035","0","0","13.56","Humid","35.35","0","78.50","296136.95","SABD0002000014","AAV2.0.0.13","3.0.1.1413","PSt7-10","180509-002","6/18/2019 6:15:17 AM","0000-00","0","no battery","V"
"07/13/2019","06:32:09","9","default","116269760","OXY_CH9","25.189","min","261.398","μmol/L","Humid","20.204","deg","105776","µV","20.199","°C","1013.000","hPa","36.5","pmil","0","55.690","deg","20.000","°C","100.000","%a.s.","22.400","deg","20.000","°C","962.000","hPa","0.861","-0.02617","0.00035","0","0","13.56","Humid","35.35","0","78.50","296124.39","SABD0002000014","AAV2.0.0.13","3.0.1.1413","PSt7-10","180509-002","6/18/2019 6:15:17 AM","0000-00","0","no battery","V"
"07/13/2019","06:32:10","9","default","116269760","OXY_CH9","25.206","min","261.540","μmol/L","Humid","20.198","deg","105764","µV","20.199","°C","1013.000","hPa","36.5","pmil","0","55.690","deg","20.000","°C","100.000","%a.s.","22.400","deg","20.000","°C","962.000","hPa","0.861","-0.02617","0.00035","0","0","13.56","Humid","35.35","0","78.50","296121.16","SABD0002000014","AAV2.0.0.13","3.0.1.1413","PSt7-10","180509-002","6/18/2019 6:15:17 AM","0000-00","0","no battery","V"
"07/13/2019","06:32:11","9","default","116269760","OXY_CH9","25.222","min","261.399","μmol/L","Humid","20.202","deg","105767","µV","20.205","°C","1013.000","hPa","36.5","pmil","0","55.690","deg","20.000","°C","100.000","%a.s.","22.400","deg","20.000","°C","962.000","hPa","0.861","-0.02617","0.00035","0","0","13.56","Humid","35.35","0","78.50","296125.34","SABD0002000014","AAV2.0.0.13","3.0.1.1413","PSt7-10","180509-002","6/18/2019 6:15:17 AM","0000-00","0","no battery","V"
"07/13/2019","06:32:12","9","default","116269760","OXY_CH9","25.239","min","261.446","μmol/L","Humid","20.200","deg","105753","µV","20.205","°C","1013.000","hPa","36.5","pmil","0","55.690","deg","20.000","°C","100.000","%a.s.","22.400","deg","20.000","°C","962.000","hPa","0.861","-0.02617","0.00035","0","0","13.56","Humid","35.35","0","78.50","296132.61","SABD0002000014","AAV2.0.0.13","3.0.1.1413","PSt7-10","180509-002","6/18/2019 6:15:17 AM","0000-00","0","no battery","V"
"07/13/2019","06:32:13","9","default","116269760","OXY_CH9","25.256","min","261.564","μmol/L","Humid","20.195","deg","105747","µV","20.205","°C","1013.000","hPa","36.5","pmil","0","55.690","deg","20.000","°C","100.000","%a.s.","22.400","deg","20.000","°C","962.000","hPa","0.861","-0.02617","0.00035","0","0","13.56","Humid","35.35","0","78.50","296122.43","SABD0002000014","AAV2.0.0.13","3.0.1.1413","PSt7-10","180509-002","6/18/2019 6:15:17 AM","0000-00","0","no battery","V"
"07/13/2019","06:32:14","9","default","116269760","OXY_CH9","25.272","min","261.612","μmol/L","Humid","20.193","deg","105726","µV","20.205","°C","1013.000","hPa","36.5","pmil","0","55.690","deg","20.000","°C","100.000","%a.s.","22.400","deg","20.000","°C","962.000","hPa","0.861","-0.02617","0.00035","0","0","13.56","Humid","35.35","0","78.50","296121.22","SABD0002000014","AAV2.0.0.13","3.0.1.1413","PSt7-10","180509-002","6/18/2019 6:15:17 AM","0000-00","0","no battery","V"
"07/13/2019","06:32:15","9","default","116269760","OXY_CH9","25.289","min","261.682","μmol/L","Humid","20.192","deg","105730","µV","20.199","°C","1013.000","hPa","36.5","pmil","0","55.690","deg","20.000","°C","100.000","%a.s.","22.400","deg","20.000","°C","962.000","hPa","0.861","-0.02617","0.00035","0","0","13.56","Humid","35.35","0","78.50","296117.64","SABD0002000014","AAV2.0.0.13","3.0.1.1413","PSt7-10","180509-002","6/18/2019 6:15:17 AM","0000-00","0","no battery","V"
"07/13/2019","06:32:16","9","default","116269760","OXY_CH9","25.305","min","261.682","μmol/L","Humid","20.192","deg","105718","µV","20.199","°C","1013.000","hPa","36.5","pmil","0","55.690","deg","20.000","°C","100.000","%a.s.","22.400","deg","20.000","°C","962.000","hPa","0.861","-0.02617","0.00035","0","0","13.56","Humid","35.35","0","78.50","296127.36","SABD0002000014","AAV2.0.0.13","3.0.1.1413","PSt7-10","180509-002","6/18/2019 6:15:17 AM","0000-00","0","no battery","V"
"07/13/2019","06:32:17","9","default","116269760","OXY_CH9","25.322","min","261.588","μmol/L","Humid","20.194","deg","105704","µV","20.205","°C","1013.000","hPa","36.5","pmil","0","55.690","deg","20.000","°C","100.000","%a.s.","22.400","deg","20.000","°C","962.000","hPa","0.861","-0.02617","0.00035","0","0","13.56","Humid","35.35","0","78.50","296129.52","SABD0002000014","AAV2.0.0.13","3.0.1.1413","PSt7-10","180509-002","6/18/2019 6:15:17 AM","0000-00","0","no battery","V"
"07/13/2019","06:32:18","9","default","116269760","OXY_CH9","25.339","min","261.682","μmol/L","Humid","20.192","deg","105696","µV","20.199","°C","1013.000","hPa","36.5","pmil","0","55.690","deg","20.000","°C","100.000","%a.s.","22.400","deg","20.000","°C","962.000","hPa","0.861","-0.02617","0.00035","0","0","13.56","Humid","35.35","0","78.50","296122.78","SABD0002000014","AAV2.0.0.13","3.0.1.1413","PSt7-10","180509-002","6/18/2019 6:15:17 AM","0000-00","0","no battery","V"
"07/13/2019","06:32:19","9","default","116269760","OXY_CH9","25.355","min","261.776","μmol/L","Humid","20.188","deg","105689","µV","20.199","°C","1013.000","hPa","36.5","pmil","0","55.690","deg","20.000","°C","100.000","%a.s.","22.400","deg","20.000","°C","962.000","hPa","0.861","-0.02617","0.00035","0","0","13.56","Humid","35.35","0","78.50","296112.91","SABD0002000014","AAV2.0.0.13","3.0.1.1413","PSt7-10","180509-002","6/18/2019 6:15:17 AM","0000-00","0","no battery","V"
"07/13/2019","06:32:20","9","default","116269760","OXY_CH9","25.372","min","261.729","μmol/L","Humid","20.190","deg","105688","µV","20.199","°C","1013.000","hPa","36.5","pmil","0","55.690","deg","20.000","°C","100.000","%a.s.","22.400","deg","20.000","°C","962.000","hPa","0.861","-0.02617","0.00035","0","0","13.56","Humid","35.35","0","78.50","296118.78","SABD0002000014","AAV2.0.0.13","3.0.1.1413","PSt7-10","180509-002","6/18/2019 6:15:17 AM","0000-00","0","no battery","V"
"07/13/2019","06:32:21","9","default","116269760","OXY_CH9","25.389","min","261.824","μmol/L","Humid","20.186","deg","105677","µV","20.199","°C","1013.000","hPa","36.5","pmil","0","55.690","deg","20.000","°C","100.000","%a.s.","22.400","deg","20.000","°C","962.000","hPa","0.861","-0.02617","0.00035","0","0","13.56","Humid","35.35","0","78.50","296121.74","SABD0002000014","AAV2.0.0.13","3.0.1.1413","PSt7-10","180509-002","6/18/2019 6:15:17 AM","0000-00","0","no battery","V"
"07/13/2019","06:32:22","9","default","116269760","OXY_CH9","25.405","min","261.848","μmol/L","Humid","20.183","deg","105660","µV","20.205","°C","1013.000","hPa","36.5","pmil","0","55.690","deg","20.000","°C","100.000","%a.s.","22.400","deg","20.000","°C","962.000","hPa","0.861","-0.02617","0.00035","0","0","13.56","Humid","35.35","0","78.50","296114.86","SABD0002000014","AAV2.0.0.13","3.0.1.1413","PSt7-10","180509-002","6/18/2019 6:15:17 AM","0000-00","0","no battery","V"
"07/13/2019","06:32:23","9","default","116269760","OXY_CH9","25.423","min","262.013","μmol/L","Humid","20.178","deg","105654","µV","20.199","°C","1013.000","hPa","36.5","pmil","0","55.690","deg","20.000","°C","100.000","%a.s.","22.400","deg","20.000","°C","962.000","hPa","0.861","-0.02617","0.00035","0","0","13.56","Humid","35.35","0","78.50","296122.95","SABD0002000014","AAV2.0.0.13","3.0.1.1413","PSt7-10","180509-002","6/18/2019 6:15:17 AM","0000-00","0","no battery","V"
"07/13/2019","06:32:24","9","default","116269760","OXY_CH9","25.439","min","261.918","μmol/L","Humid","20.182","deg","105652","µV","20.199","°C","1013.000","hPa","36.5","pmil","0","55.690","deg","20.000","°C","100.000","%a.s.","22.400","deg","20.000","°C","962.000","hPa","0.861","-0.02617","0.00035","0","0","13.56","Humid","35.35","0","78.50","296125.21","SABD0002000014","AAV2.0.0.13","3.0.1.1413","PSt7-10","180509-002","6/18/2019 6:15:17 AM","0000-00","0","no battery","V"
"07/13/2019","06:32:25","9","default","116269760","OXY_CH9","25.456","min","262.037","μmol/L","Humid","20.177","deg","105642","µV","20.199","°C","1013.000","hPa","36.5","pmil","0","55.690","deg","20.000","°C","100.000","%a.s.","22.400","deg","20.000","°C","962.000","hPa","0.861","-0.02617","0.00035","0","0","13.56","Humid","35.35","0","78.50","296120.38","SABD0002000014","AAV2.0.0.13","3.0.1.1413","PSt7-10","180509-002","6/18/2019 6:15:17 AM","0000-00","0","no battery","V"
"07/13/2019","06:32:26","9","default","116269760","OXY_CH9","25.472","min","261.966","μmol/L","Humid","20.180","deg","105632","µV","20.199","°C","1013.000","hPa","36.5","pmil","0","55.690","deg","20.000","°C","100.000","%a.s.","22.400","deg","20.000","°C","962.000","hPa","0.861","-0.02617","0.00035","0","0","13.56","Humid","35.35","0","78.50","296118.70","SABD0002000014","AAV2.0.0.13","3.0.1.1413","PSt7-10","180509-002","6/18/2019 6:15:17 AM","0000-00","0","no battery","V"
"07/13/2019","06:32:27","9","default","116269760","OXY_CH9","25.489","min","262.059","μmol/L","Humid","20.178","deg","105622","µV","20.193","°C","1013.000","hPa","36.5","pmil","0","55.690","deg","20.000","°C","100.000","%a.s.","22.400","deg","20.000","°C","962.000","hPa","0.861","-0.02617","0.00035","0","0","13.56","Humid","35.35","0","78.50","296114.77","SABD0002000014","AAV2.0.0.13","3.0.1.1413","PSt7-10","180509-002","6/18/2019 6:15:17 AM","0000-00","0","no battery","V"
"07/13/2019","06:32:28","9","default","116269760","OXY_CH9","25.505","min","262.037","μmol/L","Humid","20.177","deg","105608","µV","20.199","°C","1013.000","hPa","36.5","pmil","0","55.690","deg","20.000","°C","100.000","%a.s.","22.400","deg","20.000","°C","962.000","hPa","0.861","-0.02617","0.00035","0","0","13.56","Humid","35.35","0","78.50","296113.32","SABD0002000014","AAV2.0.0.13","3.0.1.1413","PSt7-10","180509-002","6/18/2019 6:15:17 AM","0000-00","0","no battery","V"
"07/13/2019","06:32:29","9","default","116269760","OXY_CH9","25.522","min","262.108","μmol/L","Humid","20.174","deg","105603","µV","20.199","°C","1013.000","hPa","36.5","pmil","0","55.690","deg","20.000","°C","100.000","%a.s.","22.400","deg","20.000","°C","962.000","hPa","0.861","-0.02617","0.00035","0","0","13.56","Humid","35.35","0","78.50","296114.41","SABD0002000014","AAV2.0.0.13","3.0.1.1413","PSt7-10","180509-002","6/18/2019 6:15:17 AM","0000-00","0","no battery","V"
"07/13/2019","06:32:30","9","default","116269760","OXY_CH9","25.539","min","262.014","μmol/L","Humid","20.176","deg","105592","µV","20.205","°C","1013.000","hPa","36.5","pmil","0","55.690","deg","20.000","°C","100.000","%a.s.","22.400","deg","20.000","°C","962.000","hPa","0.861","-0.02617","0.00035","0","0","13.56","Humid","35.35","0","78.50","296100.98","SABD0002000014","AAV2.0.0.13","3.0.1.1413","PSt7-10","180509-002","6/18/2019 6:15:17 AM","0000-00","0","no battery","V"
"07/13/2019","06:32:31","9","default","116269760","OXY_CH9","25.555","min","262.085","μmol/L","Humid","20.173","deg","105582","µV","20.205","°C","1013.000","hPa","36.5","pmil","0","55.690","deg","20.000","°C","100.000","%a.s.","22.400","deg","20.000","°C","962.000","hPa","0.861","-0.02617","0.00035","0","0","13.56","Humid","35.35","0","78.50","296114.12","SABD0002000014","AAV2.0.0.13","3.0.1.1413","PSt7-10","180509-002","6/18/2019 6:15:17 AM","0000-00","0","no battery","V"
"07/13/2019","06:32:32","9","default","116269760","OXY_CH9","25.572","min","262.203","μmol/L","Humid","20.170","deg","105576","µV","20.199","°C","1013.000","hPa","36.5","pmil","0","55.690","deg","20.000","°C","100.000","%a.s.","22.400","deg","20.000","°C","962.000","hPa","0.861","-0.02617","0.00035","0","0","13.56","Humid","35.35","0","78.50","296106.86","SABD0002000014","AAV2.0.0.13","3.0.1.1413","PSt7-10","180509-002","6/18/2019 6:15:17 AM","0000-00","0","no battery","V"
"07/13/2019","06:32:33","9","default","116269760","OXY_CH9","25.588","min","262.250","μmol/L","Humid","20.168","deg","105564","µV","20.199","°C","1013.000","hPa","36.5","pmil","0","55.690","deg","20.000","°C","100.000","%a.s.","22.400","deg","20.000","°C","962.000","hPa","0.861","-0.02617","0.00035","0","0","13.56","Humid","35.35","0","78.50","296099.86","SABD0002000014","AAV2.0.0.13","3.0.1.1413","PSt7-10","180509-002","6/18/2019 6:15:17 AM","0000-00","0","no battery","V"
"07/13/2019","06:32:34","9","default","116269760","OXY_CH9","25.605","min","262.249","μmol/L","Humid","20.170","deg","105555","µV","20.193","°C","1013.000","hPa","36.5","pmil","0","55.690","deg","20.000","°C","100.000","%a.s.","22.400","deg","20.000","°C","962.000","hPa","0.861","-0.02617","0.00035","0","0","13.56","Humid","35.35","0","78.50","296100.86","SABD0002000014","AAV2.0.0.13","3.0.1.1413","PSt7-10","180509-002","6/18/2019 6:15:17 AM","0000-00","0","no battery","V"
"07/13/2019","06:32:35","9","default","116269760","OXY_CH9","25.622","min","262.203","μmol/L","Humid","20.170","deg","105540","µV","20.199","°C","1013.000","hPa","36.5","pmil","0","55.690","deg","20.000","°C","100.000","%a.s.","22.400","deg","20.000","°C","962.000","hPa","0.861","-0.02617","0.00035","0","0","13.56","Humid","35.35","0","78.50","296109.63","SABD0002000014","AAV2.0.0.13","3.0.1.1413","PSt7-10","180509-002","6/18/2019 6:15:17 AM","0000-00","0","no battery","V"
"07/13/2019","06:32:36","9","default","116269760","OXY_CH9","25.639","min","262.345","μmol/L","Humid","20.164","deg","105530","µV","20.199","°C","1013.000","hPa","36.5","pmil","0","55.690","deg","20.000","°C","100.000","%a.s.","22.400","deg","20.000","°C","962.000","hPa","0.861","-0.02617","0.00035","0","0","13.56","Humid","35.35","0","78.50","296111.50","SABD0002000014","AAV2.0.0.13","3.0.1.1413","PSt7-10","180509-002","6/18/2019 6:15:17 AM","0000-00","0","no battery","V"
"07/13/2019","06:32:37","9","default","116269760","OXY_CH9","25.656","min","262.392","μmol/L","Humid","20.162","deg","105533","µV","20.199","°C","1013.000","hPa","36.5","pmil","0","55.690","deg","20.000","°C","100.000","%a.s.","22.400","deg","20.000","°C","962.000","hPa","0.861","-0.02617","0.00035","0","0","13.56","Humid","35.35","0","78.50","296110.01","SABD0002000014","AAV2.0.0.13","3.0.1.1413","PSt7-10","180509-002","6/18/2019 6:15:17 AM","0000-00","0","no battery","V"
"07/13/2019","06:32:38","9","default","116269760","OXY_CH9","25.672","min","262.323","μmol/L","Humid","20.161","deg","105519","µV","20.211","°C","1013.000","hPa","36.5","pmil","0","55.690","deg","20.000","°C","100.000","%a.s.","22.400","deg","20.000","°C","962.000","hPa","0.861","-0.02617","0.00035","0","0","13.56","Humid","35.35","0","78.50","296105.76","SABD0002000014","AAV2.0.0.13","3.0.1.1413","PSt7-10","180509-002","6/18/2019 6:15:17 AM","0000-00","0","no battery","V"
"07/13/2019","06:32:39","9","default","116269760","OXY_CH9","25.689","min","262.465","μmol/L","Humid","20.157","deg","105500","µV","20.205","°C","1013.000","hPa","36.5","pmil","0","55.690","deg","20.000","°C","100.000","%a.s.","22.400","deg","20.000","°C","962.000","hPa","0.861","-0.02617","0.00035","0","0","13.56","Humid","35.35","0","78.50","296117.01","SABD0002000014","AAV2.0.0.13","3.0.1.1413","PSt7-10","180509-002","6/18/2019 6:15:17 AM","0000-00","0","no battery","V"
"07/13/2019","06:32:40","9","default","116269760","OXY_CH9","25.706","min","262.464","μmol/L","Humid","20.159","deg","105492","µV","20.199","°C","1013.000","hPa","36.5","pmil","0","55.690","deg","20.000","°C","100.000","%a.s.","22.400","deg","20.000","°C","962.000","hPa","0.861","-0.02617","0.00035","0","0","13.56","Humid","35.35","0","78.50","296117.38","SABD0002000014","AAV2.0.0.13","3.0.1.1413","PSt7-10","180509-002","6/18/2019 6:15:17 AM","0000-00","0","no battery","V"
"07/13/2019","06:32:41","9","default","116269760","OXY_CH9","25.722","min","262.511","μmol/L","Humid","20.157","deg","105479","µV","20.199","°C","1013.000","hPa","36.5","pmil","0","55.690","deg","20.000","°C","100.000","%a.s.","22.400","deg","20.000","°C","962.000","hPa","0.861","-0.02617","0.00035","0","0","13.56","Humid","35.35","0","78.50","296094.32","SABD0002000014","AAV2.0.0.13","3.0.1.1413","PSt7-10","180509-002","6/18/2019 6:15:17 AM","0000-00","0","no battery","V"
"07/13/2019","06:32:42","9","default","116269760","OXY_CH9","25.739","min","262.488","μmol/L","Humid","20.156","deg","105478","µV","20.205","°C","1013.000","hPa","36.5","pmil","0","55.690","deg","20.000","°C","100.000","%a.s.","22.400","deg","20.000","°C","962.000","hPa","0.861","-0.02617","0.00035","0","0","13.56","Humid","35.35","0","78.50","296104.47","SABD0002000014","AAV2.0.0.13","3.0.1.1413","PSt7-10","180509-002","6/18/2019 6:15:17 AM","0000-00","0","no battery","V"
"07/13/2019","06:32:43","9","default","116269760","OXY_CH9","25.756","min","262.512","μmol/L","Humid","20.155","deg","105475","µV","20.205","°C","1013.000","hPa","36.5","pmil","0","55.690","deg","20.000","°C","100.000","%a.s.","22.400","deg","20.000","°C","962.000","hPa","0.861","-0.02617","0.00035","0","0","13.56","Humid","35.35","0","78.50","296102.95","SABD0002000014","AAV2.0.0.13","3.0.1.1413","PSt7-10","180509-002","6/18/2019 6:15:17 AM","0000-00","0","no battery","V"
"07/13/2019","06:32:44","9","default","116269760","OXY_CH9","25.772","min","262.632","μmol/L","Humid","20.148","deg","105456","µV","20.211","°C","1013.000","hPa","36.5","pmil","0","55.690","deg","20.000","°C","100.000","%a.s.","22.400","deg","20.000","°C","962.000","hPa","0.861","-0.02617","0.00035","0","0","13.56","Humid","35.35","0","78.50","296103.51","SABD0002000014","AAV2.0.0.13","3.0.1.1413","PSt7-10","180509-002","6/18/2019 6:15:17 AM","0000-00","0","no battery","V"
"07/13/2019","06:32:45","9","default","116269760","OXY_CH9","25.789","min","262.702","μmol/L","Humid","20.147","deg","105445","µV","20.205","°C","1013.000","hPa","36.5","pmil","0","55.690","deg","20.000","°C","100.000","%a.s.","22.400","deg","20.000","°C","962.000","hPa","0.861","-0.02617","0.00035","0","0","13.56","Humid","35.35","0","78.50","296111.46","SABD0002000014","AAV2.0.0.13","3.0.1.1413","PSt7-10","180509-002","6/18/2019 6:15:17 AM","0000-00","0","no battery","V"
"07/13/2019","06:32:46","9","default","116269760","OXY_CH9","25.806","min","262.749","μmol/L","Humid","20.147","deg","105437","µV","20.199","°C","1013.000","hPa","36.5","pmil","0","55.690","deg","20.000","°C","100.000","%a.s.","22.400","deg","20.000","°C","962.000","hPa","0.861","-0.02617","0.00035","0","0","13.56","Humid","35.35","0","78.50","296116.64","SABD0002000014","AAV2.0.0.13","3.0.1.1413","PSt7-10","180509-002","6/18/2019 6:15:17 AM","0000-00","0","no battery","V"
"07/13/2019","06:32:47","9","default","116269760","OXY_CH9","25.823","min","262.773","μmol/L","Humid","20.144","deg","105428","µV","20.205","°C","1013.000","hPa","36.5","pmil","0","55.690","deg","20.000","°C","100.000","%a.s.","22.400","deg","20.000","°C","962.000","hPa","0.861","-0.02617","0.00035","0","0","13.56","Humid","35.35","0","78.50","296121.03","SABD0002000014","AAV2.0.0.13","3.0.1.1413","PSt7-10","180509-002","6/18/2019 6:15:17 AM","0000-00","0","no battery","V"
"07/13/2019","06:32:48","9","default","116269760","OXY_CH9","25.839","min","262.868","μmol/L","Humid","20.142","deg","105418","µV","20.199","°C","1013.000","hPa","36.5","pmil","0","55.690","deg","20.000","°C","100.000","%a.s.","22.400","deg","20.000","°C","962.000","hPa","0.861","-0.02617","0.00035","0","0","13.56","Humid","35.35","0","78.50","296125.57","SABD0002000014","AAV2.0.0.13","3.0.1.1413","PSt7-10","180509-002","6/18/2019 6:15:17 AM","0000-00","0","no battery","V"
"07/13/2019","06:32:49","9","default","116269760","OXY_CH9","25.856","min","262.891","μmol/L","Humid","20.141","deg","105409","µV","20.199","°C","1013.000","hPa","36.5","pmil","0","55.690","deg","20.000","°C","100.000","%a.s.","22.400","deg","20.000","°C","962.000","hPa","0.861","-0.02617","0.00035","0","0","13.56","Humid","35.35","0","78.50","296117.68","SABD0002000014","AAV2.0.0.13","3.0.1.1413","PSt7-10","180509-002","6/18/2019 6:15:17 AM","0000-00","0","no battery","V"
"07/13/2019","06:32:50","9","default","116269760","OXY_CH9","25.872","min","262.868","μmol/L","Humid","20.142","deg","105400","µV","20.199","°C","1013.000","hPa","36.5","pmil","0","55.690","deg","20.000","°C","100.000","%a.s.","22.400","deg","20.000","°C","962.000","hPa","0.861","-0.02617","0.00035","0","0","13.56","Humid","35.35","0","78.50","296126.79","SABD0002000014","AAV2.0.0.13","3.0.1.1413","PSt7-10","180509-002","6/18/2019 6:15:17 AM","0000-00","0","no battery","V"
"07/13/2019","06:32:51","9","default","116269760","OXY_CH9","25.889","min","262.916","μmol/L","Humid","20.138","deg","105380","µV","20.205","°C","1013.000","hPa","36.5","pmil","0","55.690","deg","20.000","°C","100.000","%a.s.","22.400","deg","20.000","°C","962.000","hPa","0.861","-0.02617","0.00035","0","0","13.56","Humid","35.35","0","78.50","296099.40","SABD0002000014","AAV2.0.0.13","3.0.1.1413","PSt7-10","180509-002","6/18/2019 6:15:17 AM","0000-00","0","no battery","V"
"07/13/2019","06:32:52","9","default","116269760","OXY_CH9","25.906","min","262.891","μmol/L","Humid","20.141","deg","105379","µV","20.199","°C","1013.000","hPa","36.5","pmil","0","55.690","deg","20.000","°C","100.000","%a.s.","22.400","deg","20.000","°C","962.000","hPa","0.861","-0.02617","0.00035","0","0","13.56","Humid","35.35","0","78.50","296096.74","SABD0002000014","AAV2.0.0.13","3.0.1.1413","PSt7-10","180509-002","6/18/2019 6:15:17 AM","0000-00","0","no battery","V"
"07/13/2019","06:32:53","9","default","116269760","OXY_CH9","25.923","min","263.010","μmol/L","Humid","20.136","deg","105374","µV","20.199","°C","1013.000","hPa","36.5","pmil","0","55.690","deg","20.000","°C","100.000","%a.s.","22.400","deg","20.000","°C","962.000","hPa","0.861","-0.02617","0.00035","0","0","13.56","Humid","35.35","0","78.50","296107.29","SABD0002000014","AAV2.0.0.13","3.0.1.1413","PSt7-10","180509-002","6/18/2019 6:15:17 AM","0000-00","0","no battery","V"
"07/13/2019","06:32:54","9","default","116269760","OXY_CH9","25.939","min","262.964","μmol/L","Humid","20.136","deg","105362","µV","20.205","°C","1013.000","hPa","36.5","pmil","0","55.690","deg","20.000","°C","100.000","%a.s.","22.400","deg","20.000","°C","962.000","hPa","0.861","-0.02617","0.00035","0","0","13.56","Humid","35.35","0","78.50","296096.03","SABD0002000014","AAV2.0.0.13","3.0.1.1413","PSt7-10","180509-002","6/18/2019 6:15:17 AM","0000-00","0","no battery","V"
"07/13/2019","06:32:55","9","default","116269760","OXY_CH9","25.956","min","263.010","μmol/L","Humid","20.136","deg","105354","µV","20.199","°C","1013.000","hPa","36.5","pmil","0","55.690","deg","20.000","°C","100.000","%a.s.","22.400","deg","20.000","°C","962.000","hPa","0.861","-0.02617","0.00035","0","0","13.56","Humid","35.35","0","78.50","296105.11","SABD0002000014","AAV2.0.0.13","3.0.1.1413","PSt7-10","180509-002","6/18/2019 6:15:17 AM","0000-00","0","no battery","V"
"07/13/2019","06:32:56","9","default","116269760","OXY_CH9","25.972","min","263.011","μmol/L","Humid","20.134","deg","105347","µV","20.205","°C","1013.000","hPa","36.5","pmil","0","55.690","deg","20.000","°C","100.000","%a.s.","22.400","deg","20.000","°C","962.000","hPa","0.861","-0.02617","0.00035","0","0","13.56","Humid","35.35","0","78.50","296102.89","SABD0002000014","AAV2.0.0.13","3.0.1.1413","PSt7-10","180509-002","6/18/2019 6:15:17 AM","0000-00","0","no battery","V"
"07/13/2019","06:32:57","9","default","116269760","OXY_CH9","25.989","min","263.082","μmol/L","Humid","20.133","deg","105346","µV","20.199","°C","1013.000","hPa","36.5","pmil","0","55.690","deg","20.000","°C","100.000","%a.s.","22.400","deg","20.000","°C","962.000","hPa","0.861","-0.02617","0.00035","0","0","13.56","Humid","35.35","0","78.50","296107.11","SABD0002000014","AAV2.0.0.13","3.0.1.1413","PSt7-10","180509-002","6/18/2019 6:15:17 AM","0000-00","0","no battery","V"
"07/13/2019","06:32:58","9","default","116269760","OXY_CH9","26.005","min","263.082","μmol/L","Humid","20.133","deg","105342","µV","20.199","°C","1013.000","hPa","36.5","pmil","0","55.690","deg","20.000","°C","100.000","%a.s.","22.400","deg","20.000","°C","962.000","hPa","0.861","-0.02617","0.00035","0","0","13.56","Humid","35.35","0","78.50","296110.57","SABD0002000014","AAV2.0.0.13","3.0.1.1413","PSt7-10","180509-002","6/18/2019 6:15:17 AM","0000-00","0","no battery","V"
"07/13/2019","06:32:59","9","default","116269760","OXY_CH9","26.022","min","263.106","μmol/L","Humid","20.132","deg","105330","µV","20.199","°C","1013.000","hPa","36.5","pmil","0","55.690","deg","20.000","°C","100.000","%a.s.","22.400","deg","20.000","°C","962.000","hPa","0.861","-0.02617","0.00035","0","0","13.56","Humid","35.35","0","78.50","296104.44","SABD0002000014","AAV2.0.0.13","3.0.1.1413","PSt7-10","180509-002","6/18/2019 6:15:17 AM","0000-00","0","no battery","V"
"07/13/2019","06:33:00","9","default","116269760","OXY_CH9","26.039","min","263.271","μmol/L","Humid","20.127","deg","105321","µV","20.193","°C","1013.000","hPa","36.5","pmil","0","55.690","deg","20.000","°C","100.000","%a.s.","22.400","deg","20.000","°C","962.000","hPa","0.861","-0.02617","0.00035","0","0","13.56","Humid","35.35","0","78.50","296103.91","SABD0002000014","AAV2.0.0.13","3.0.1.1413","PSt7-10","180509-002","6/18/2019 6:15:17 AM","0000-00","0","no battery","V"
"07/13/2019","06:33:01","9","default","116269760","OXY_CH9","26.055","min","263.130","μmol/L","Humid","20.129","deg","105309","µV","20.205","°C","1013.000","hPa","36.5","pmil","0","55.690","deg","20.000","°C","100.000","%a.s.","22.400","deg","20.000","°C","962.000","hPa","0.861","-0.02617","0.00035","0","0","13.56","Humid","35.35","0","78.50","296092.82","SABD0002000014","AAV2.0.0.13","3.0.1.1413","PSt7-10","180509-002","6/18/2019 6:15:17 AM","0000-00","0","no battery","V"
"07/13/2019","06:33:02","9","default","116269760","OXY_CH9","26.073","min","263.130","μmol/L","Humid","20.129","deg","105303","µV","20.205","°C","1013.000","hPa","36.5","pmil","0","55.690","deg","20.000","°C","100.000","%a.s.","22.400","deg","20.000","°C","962.000","hPa","0.861","-0.02617","0.00035","0","0","13.56","Humid","35.35","0","78.50","296099.91","SABD0002000014","AAV2.0.0.13","3.0.1.1413","PSt7-10","180509-002","6/18/2019 6:15:17 AM","0000-00","0","no battery","V"
"07/13/2019","06:33:03","9","default","116269760","OXY_CH9","26.089","min","263.273","μmol/L","Humid","20.123","deg","105301","µV","20.205","°C","1013.000","hPa","36.5","pmil","0","55.690","deg","20.000","°C","100.000","%a.s.","22.400","deg","20.000","°C","962.000","hPa","0.861","-0.02617","0.00035","0","0","13.56","Humid","35.35","0","78.50","296101.58","SABD0002000014","AAV2.0.0.13","3.0.1.1413","PSt7-10","180509-002","6/18/2019 6:15:17 AM","0000-00","0","no battery","V"
"07/13/2019","06:33:04","9","default","116269760","OXY_CH9","26.106","min","263.320","μmol/L","Humid","20.123","deg","105282","µV","20.199","°C","1013.000","hPa","36.5","pmil","0","55.690","deg","20.000","°C","100.000","%a.s.","22.400","deg","20.000","°C","962.000","hPa","0.861","-0.02617","0.00035","0","0","13.56","Humid","35.35","0","78.50","296106.71","SABD0002000014","AAV2.0.0.13","3.0.1.1413","PSt7-10","180509-002","6/18/2019 6:15:17 AM","0000-00","0","no battery","V"
"07/13/2019","06:33:05","9","default","116269760","OXY_CH9","26.123","min","263.345","μmol/L","Humid","20.120","deg","105274","µV","20.205","°C","1013.000","hPa","36.5","pmil","0","55.690","deg","20.000","°C","100.000","%a.s.","22.400","deg","20.000","°C","962.000","hPa","0.861","-0.02617","0.00035","0","0","13.56","Humid","35.35","0","78.50","296111.76","SABD0002000014","AAV2.0.0.13","3.0.1.1413","PSt7-10","180509-002","6/18/2019 6:15:17 AM","0000-00","0","no battery","V"
"07/13/2019","06:33:06","9","default","116269760","OXY_CH9","26.139","min","263.273","μmol/L","Humid","20.123","deg","105259","µV","20.205","°C","1013.000","hPa","36.5","pmil","0","55.690","deg","20.000","°C","100.000","%a.s.","22.400","deg","20.000","°C","962.000","hPa","0.861","-0.02617","0.00035","0","0","13.56","Humid","35.35","0","78.50","296090.55","SABD0002000014","AAV2.0.0.13","3.0.1.1413","PSt7-10","180509-002","6/18/2019 6:15:17 AM","0000-00","0","no battery","V"
"07/13/2019","06:33:07","9","default","116269760","OXY_CH9","26.156","min","263.417","μmol/L","Humid","20.117","deg","105256","µV","20.205","°C","1013.000","hPa","36.5","pmil","0","55.690","deg","20.000","°C","100.000","%a.s.","22.400","deg","20.000","°C","962.000","hPa","0.861","-0.02617","0.00035","0","0","13.56","Humid","35.35","0","78.50","296090.99","SABD0002000014","AAV2.0.0.13","3.0.1.1413","PSt7-10","180509-002","6/18/2019 6:15:17 AM","0000-00","0","no battery","V"
"07/13/2019","06:33:08","9","default","116269760","OXY_CH9","26.173","min","263.511","μmol/L","Humid","20.115","deg","105245","µV","20.199","°C","1013.000","hPa","36.5","pmil","0","55.690","deg","20.000","°C","100.000","%a.s.","22.400","deg","20.000","°C","962.000","hPa","0.861","-0.02617","0.00035","0","0","13.56","Humid","35.35","0","78.50","296097.82","SABD0002000014","AAV2.0.0.13","3.0.1.1413","PSt7-10","180509-002","6/18/2019 6:15:17 AM","0000-00","0","no battery","V"
"07/13/2019","06:33:09","9","default","116269760","OXY_CH9","26.189","min","263.488","μmol/L","Humid","20.114","deg","105240","µV","20.205","°C","1013.000","hPa","36.5","pmil","0","55.690","deg","20.000","°C","100.000","%a.s.","22.400","deg","20.000","°C","962.000","hPa","0.861","-0.02617","0.00035","0","0","13.56","Humid","35.35","0","78.50","296086.48","SABD0002000014","AAV2.0.0.13","3.0.1.1413","PSt7-10","180509-002","6/18/2019 6:15:17 AM","0000-00","0","no battery","V"
"07/13/2019","06:33:10","9","default","116269760","OXY_CH9","26.206","min","263.463","μmol/L","Humid","20.117","deg","105231","µV","20.199","°C","1013.000","hPa","36.5","pmil","0","55.690","deg","20.000","°C","100.000","%a.s.","22.400","deg","20.000","°C","962.000","hPa","0.861","-0.02617","0.00035","0","0","13.56","Humid","35.35","0","78.50","296089.23","SABD0002000014","AAV2.0.0.13","3.0.1.1413","PSt7-10","180509-002","6/18/2019 6:15:17 AM","0000-00","0","no battery","V"
"07/13/2019","06:33:11","9","default","116269760","OXY_CH9","26.222","min","263.417","μmol/L","Humid","20.117","deg","105221","µV","20.205","°C","1013.000","hPa","36.5","pmil","0","55.690","deg","20.000","°C","100.000","%a.s.","22.400","deg","20.000","°C","962.000","hPa","0.861","-0.02617","0.00035","0","0","13.56","Humid","35.35","0","78.50","296086.97","SABD0002000014","AAV2.0.0.13","3.0.1.1413","PSt7-10","180509-002","6/18/2019 6:15:17 AM","0000-00","0","no battery","V"
"07/13/2019","06:33:12","9","default","116269760","OXY_CH9","26.239","min","263.464","μmol/L","Humid","20.115","deg","105213","µV","20.205","°C","1013.000","hPa","36.5","pmil","0","55.690","deg","20.000","°C","100.000","%a.s.","22.400","deg","20.000","°C","962.000","hPa","0.861","-0.02617","0.00035","0","0","13.56","Humid","35.35","0","78.50","296093.92","SABD0002000014","AAV2.0.0.13","3.0.1.1413","PSt7-10","180509-002","6/18/2019 6:15:17 AM","0000-00","0","no battery","V"
"07/13/2019","06:33:13","9","default","116269760","OXY_CH9","26.255","min","263.370","μmol/L","Humid","20.117","deg","105201","µV","20.211","°C","1013.000","hPa","36.5","pmil","0","55.690","deg","20.000","°C","100.000","%a.s.","22.400","deg","20.000","°C","962.000","hPa","0.861","-0.02617","0.00035","0","0","13.56","Humid","35.35","0","78.50","296097.13","SABD0002000014","AAV2.0.0.13","3.0.1.1413","PSt7-10","180509-002","6/18/2019 6:15:17 AM","0000-00","0","no battery","V"
"07/13/2019","06:33:14","9","default","116269760","OXY_CH9","26.272","min","263.703","μmol/L","Humid","20.105","deg","105201","µV","20.205","°C","1013.000","hPa","36.5","pmil","0","55.690","deg","20.000","°C","100.000","%a.s.","22.400","deg","20.000","°C","962.000","hPa","0.861","-0.02617","0.00035","0","0","13.56","Humid","35.35","0","78.50","296092.53","SABD0002000014","AAV2.0.0.13","3.0.1.1413","PSt7-10","180509-002","6/18/2019 6:15:17 AM","0000-00","0","no battery","V"
"07/13/2019","06:33:15","9","default","116269760","OXY_CH9","26.289","min","263.679","μmol/L","Humid","20.106","deg","105195","µV","20.205","°C","1013.000","hPa","36.5","pmil","0","55.690","deg","20.000","°C","100.000","%a.s.","22.400","deg","20.000","°C","962.000","hPa","0.861","-0.02617","0.00035","0","0","13.56","Humid","35.35","0","78.50","296101.38","SABD0002000014","AAV2.0.0.13","3.0.1.1413","PSt7-10","180509-002","6/18/2019 6:15:17 AM","0000-00","0","no battery","V"
"07/13/2019","06:33:16","9","default","116269760","OXY_CH9","26.306","min","263.679","μmol/L","Humid","20.106","deg","105187","µV","20.205","°C","1013.000","hPa","36.5","pmil","0","55.690","deg","20.000","°C","100.000","%a.s.","22.400","deg","20.000","°C","962.000","hPa","0.861","-0.02617","0.00035","0","0","13.56","Humid","35.35","0","78.50","296101.33","SABD0002000014","AAV2.0.0.13","3.0.1.1413","PSt7-10","180509-002","6/18/2019 6:15:17 AM","0000-00","0","no battery","V"
"07/13/2019","06:33:17","9","default","116269760","OXY_CH9","26.322","min","263.607","μmol/L","Humid","20.109","deg","105170","µV","20.205","°C","1013.000","hPa","36.5","pmil","0","55.690","deg","20.000","°C","100.000","%a.s.","22.400","deg","20.000","°C","962.000","hPa","0.861","-0.02617","0.00035","0","0","13.56","Humid","35.35","0","78.50","296096.80","SABD0002000014","AAV2.0.0.13","3.0.1.1413","PSt7-10","180509-002","6/18/2019 6:15:17 AM","0000-00","0","no battery","V"
"07/13/2019","06:33:18","9","default","116269760","OXY_CH9","26.339","min","263.797","μmol/L","Humid","20.103","deg","105167","µV","20.199","°C","1013.000","hPa","36.5","pmil","0","55.690","deg","20.000","°C","100.000","%a.s.","22.400","deg","20.000","°C","962.000","hPa","0.861","-0.02617","0.00035","0","0","13.56","Humid","35.35","0","78.50","296097.95","SABD0002000014","AAV2.0.0.13","3.0.1.1413","PSt7-10","180509-002","6/18/2019 6:15:17 AM","0000-00","0","no battery","V"
"07/13/2019","06:33:19","9","default","116269760","OXY_CH9","26.356","min","263.822","μmol/L","Humid","20.100","deg","105157","µV","20.205","°C","1013.000","hPa","36.5","pmil","0","55.690","deg","20.000","°C","100.000","%a.s.","22.400","deg","20.000","°C","962.000","hPa","0.861","-0.02617","0.00035","0","0","13.56","Humid","35.35","0","78.50","296098.97","SABD0002000014","AAV2.0.0.13","3.0.1.1413","PSt7-10","180509-002","6/18/2019 6:15:17 AM","0000-00","0","no battery","V"
"07/13/2019","06:33:20","9","default","116269760","OXY_CH9","26.372","min","263.727","μmol/L","Humid","20.104","deg","105150","µV","20.205","°C","1013.000","hPa","36.5","pmil","0","55.690","deg","20.000","°C","100.000","%a.s.","22.400","deg","20.000","°C","962.000","hPa","0.861","-0.02617","0.00035","0","0","13.56","Humid","35.35","0","78.50","296099.12","SABD0002000014","AAV2.0.0.13","3.0.1.1413","PSt7-10","180509-002","6/18/2019 6:15:17 AM","0000-00","0","no battery","V"
"07/13/2019","06:33:21","9","default","116269760","OXY_CH9","26.389","min","263.845","μmol/L","Humid","20.101","deg","105143","µV","20.199","°C","1013.000","hPa","36.5","pmil","0","55.690","deg","20.000","°C","100.000","%a.s.","22.400","deg","20.000","°C","962.000","hPa","0.861","-0.02617","0.00035","0","0","13.56","Humid","35.35","0","78.50","296109.14","SABD0002000014","AAV2.0.0.13","3.0.1.1413","PSt7-10","180509-002","6/18/2019 6:15:17 AM","0000-00","0","no battery","V"
"07/13/2019","06:33:22","9","default","116269760","OXY_CH9","26.406","min","263.965","μmol/L","Humid","20.096","deg","105128","µV","20.199","°C","1013.000","hPa","36.5","pmil","0","55.690","deg","20.000","°C","100.000","%a.s.","22.400","deg","20.000","°C","962.000","hPa","0.861","-0.02617","0.00035","0","0","13.56","Humid","35.35","0","78.50","296082.03","SABD0002000014","AAV2.0.0.13","3.0.1.1413","PSt7-10","180509-002","6/18/2019 6:15:17 AM","0000-00","0","no battery","V"
"07/13/2019","06:33:23","9","default","116269760","OXY_CH9","26.422","min","263.869","μmol/L","Humid","20.100","deg","105117","µV","20.199","°C","1013.000","hPa","36.5","pmil","0","55.690","deg","20.000","°C","100.000","%a.s.","22.400","deg","20.000","°C","962.000","hPa","0.861","-0.02617","0.00035","0","0","13.56","Humid","35.35","0","78.50","296088.52","SABD0002000014","AAV2.0.0.13","3.0.1.1413","PSt7-10","180509-002","6/18/2019 6:15:17 AM","0000-00","0","no battery","V"
"07/13/2019","06:33:24","9","default","116269760","OXY_CH9","26.439","min","263.916","μmol/L","Humid","20.100","deg","105120","µV","20.193","°C","1013.000","hPa","36.5","pmil","0","55.690","deg","20.000","°C","100.000","%a.s.","22.400","deg","20.000","°C","962.000","hPa","0.861","-0.02617","0.00035","0","0","13.56","Humid","35.35","0","78.50","296101.60","SABD0002000014","AAV2.0.0.13","3.0.1.1413","PSt7-10","180509-002","6/18/2019 6:15:17 AM","0000-00","0","no battery","V"
"07/13/2019","06:33:25","9","default","116269760","OXY_CH9","26.456","min","264.014","μmol/L","Humid","20.092","deg","105104","µV","20.205","°C","1013.000","hPa","36.5","pmil","0","55.690","deg","20.000","°C","100.000","%a.s.","22.400","deg","20.000","°C","962.000","hPa","0.861","-0.02617","0.00035","0","0","13.56","Humid","35.35","0","78.50","296101.03","SABD0002000014","AAV2.0.0.13","3.0.1.1413","PSt7-10","180509-002","6/18/2019 6:15:17 AM","0000-00","0","no battery","V"
"07/13/2019","06:33:26","9","default","116269760","OXY_CH9","26.472","min","264.060","μmol/L","Humid","20.092","deg","105094","µV","20.199","°C","1013.000","hPa","36.5","pmil","0","55.690","deg","20.000","°C","100.000","%a.s.","22.400","deg","20.000","°C","962.000","hPa","0.861","-0.02617","0.00035","0","0","13.56","Humid","35.35","0","78.50","296092.03","SABD0002000014","AAV2.0.0.13","3.0.1.1413","PSt7-10","180509-002","6/18/2019 6:15:17 AM","0000-00","0","no battery","V"
"07/13/2019","06:33:27","9","default","116269760","OXY_CH9","26.489","min","264.038","μmol/L","Humid","20.091","deg","105085","µV","20.205","°C","1013.000","hPa","36.5","pmil","0","55.690","deg","20.000","°C","100.000","%a.s.","22.400","deg","20.000","°C","962.000","hPa","0.861","-0.02617","0.00035","0","0","13.56","Humid","35.35","0","78.50","296098.90","SABD0002000014","AAV2.0.0.13","3.0.1.1413","PSt7-10","180509-002","6/18/2019 6:15:17 AM","0000-00","0","no battery","V"
"07/13/2019","06:33:28","9","default","116269760","OXY_CH9","26.506","min","263.965","μmol/L","Humid","20.096","deg","105083","µV","20.199","°C","1013.000","hPa","36.5","pmil","0","55.690","deg","20.000","°C","100.000","%a.s.","22.400","deg","20.000","°C","962.000","hPa","0.861","-0.02617","0.00035","0","0","13.56","Humid","35.35","0","78.50","296107.40","SABD0002000014","AAV2.0.0.13","3.0.1.1413","PSt7-10","180509-002","6/18/2019 6:15:17 AM","0000-00","0","no battery","V"
"07/13/2019","06:33:29","9","default","116269760","OXY_CH9","26.522","min","264.086","μmol/L","Humid","20.089","deg","105069","µV","20.205","°C","1013.000","hPa","36.5","pmil","0","55.690","deg","20.000","°C","100.000","%a.s.","22.400","deg","20.000","°C","962.000","hPa","0.861","-0.02617","0.00035","0","0","13.56","Humid","35.35","0","78.50","296092.04","SABD0002000014","AAV2.0.0.13","3.0.1.1413","PSt7-10","180509-002","6/18/2019 6:15:17 AM","0000-00","0","no battery","V"
"07/13/2019","06:33:30","9","default","116269760","OXY_CH9","26.539","min","264.132","μmol/L","Humid","20.089","deg","105062","µV","20.199","°C","1013.000","hPa","36.5","pmil","0","55.690","deg","20.000","°C","100.000","%a.s.","22.400","deg","20.000","°C","962.000","hPa","0.861","-0.02617","0.00035","0","0","13.56","Humid","35.35","0","78.50","296095.00","SABD0002000014","AAV2.0.0.13","3.0.1.1413","PSt7-10","180509-002","6/18/2019 6:15:17 AM","0000-00","0","no battery","V"
"07/13/2019","06:33:31","9","default","116269760","OXY_CH9","26.556","min","264.276","μmol/L","Humid","20.083","deg","105048","µV","20.199","°C","1013.000","hPa","36.5","pmil","0","55.690","deg","20.000","°C","100.000","%a.s.","22.400","deg","20.000","°C","962.000","hPa","0.861","-0.02617","0.00035","0","0","13.56","Humid","35.35","0","78.50","296088.27","SABD0002000014","AAV2.0.0.13","3.0.1.1413","PSt7-10","180509-002","6/18/2019 6:15:17 AM","0000-00","0","no battery","V"
"07/13/2019","06:33:32","9","default","116269760","OXY_CH9","26.572","min","264.301","μmol/L","Humid","20.080","deg","105035","µV","20.205","°C","1013.000","hPa","36.5","pmil","0","55.690","deg","20.000","°C","100.000","%a.s.","22.400","deg","20.000","°C","962.000","hPa","0.861","-0.02617","0.00035","0","0","13.56","Humid","35.35","0","78.50","296091.66","SABD0002000014","AAV2.0.0.13","3.0.1.1413","PSt7-10","180509-002","6/18/2019 6:15:17 AM","0000-00","0","no battery","V"
"07/13/2019","06:33:33","9","default","116269760","OXY_CH9","26.589","min","264.299","μmol/L","Humid","20.084","deg","105026","µV","20.193","°C","1013.000","hPa","36.5","pmil","0","55.690","deg","20.000","°C","100.000","%a.s.","22.400","deg","20.000","°C","962.000","hPa","0.861","-0.02617","0.00035","0","0","13.56","Humid","35.35","0","78.50","296096.78","SABD0002000014","AAV2.0.0.13","3.0.1.1413","PSt7-10","180509-002","6/18/2019 6:15:17 AM","0000-00","0","no battery","V"
"07/13/2019","06:33:34","9","default","116269760","OXY_CH9","26.606","min","264.277","μmol/L","Humid","20.081","deg","105022","µV","20.205","°C","1013.000","hPa","36.5","pmil","0","55.690","deg","20.000","°C","100.000","%a.s.","22.400","deg","20.000","°C","962.000","hPa","0.861","-0.02617","0.00035","0","0","13.56","Humid","35.35","0","78.50","296089.31","SABD0002000014","AAV2.0.0.13","3.0.1.1413","PSt7-10","180509-002","6/18/2019 6:15:17 AM","0000-00","0","no battery","V"
"07/13/2019","06:33:35","9","default","116269760","OXY_CH9","26.622","min","264.300","μmol/L","Humid","20.082","deg","105019","µV","20.199","°C","1013.000","hPa","36.5","pmil","0","55.690","deg","20.000","°C","100.000","%a.s.","22.400","deg","20.000","°C","962.000","hPa","0.861","-0.02617","0.00035","0","0","13.56","Humid","35.35","0","78.50","296086.31","SABD0002000014","AAV2.0.0.13","3.0.1.1413","PSt7-10","180509-002","6/18/2019 6:15:17 AM","0000-00","0","no battery","V"
"07/13/2019","06:33:36","9","default","116269760","OXY_CH9","26.639","min","264.349","μmol/L","Humid","20.078","deg","105004","µV","20.205","°C","1013.000","hPa","36.5","pmil","0","55.690","deg","20.000","°C","100.000","%a.s.","22.400","deg","20.000","°C","962.000","hPa","0.861","-0.02617","0.00035","0","0","13.56","Humid","35.35","0","78.50","296081.58","SABD0002000014","AAV2.0.0.13","3.0.1.1413","PSt7-10","180509-002","6/18/2019 6:15:17 AM","0000-00","0","no battery","V"
"07/13/2019","06:33:37","9","default","116269760","OXY_CH9","26.656","min","264.373","μmol/L","Humid","20.077","deg","105005","µV","20.205","°C","1013.000","hPa","36.5","pmil","0","55.690","deg","20.000","°C","100.000","%a.s.","22.400","deg","20.000","°C","962.000","hPa","0.861","-0.02617","0.00035","0","0","13.56","Humid","35.35","0","78.50","296093.61","SABD0002000014","AAV2.0.0.13","3.0.1.1413","PSt7-10","180509-002","6/18/2019 6:15:17 AM","0000-00","0","no battery","V"
"07/13/2019","06:33:38","9","default","116269760","OXY_CH9","26.672","min","264.514","μmol/L","Humid","20.075","deg","104995","µV","20.193","°C","1013.000","hPa","36.5","pmil","0","55.690","deg","20.000","°C","100.000","%a.s.","22.400","deg","20.000","°C","962.000","hPa","0.861","-0.02617","0.00035","0","0","13.56","Humid","35.35","0","78.50","296091.38","SABD0002000014","AAV2.0.0.13","3.0.1.1413","PSt7-10","180509-002","6/18/2019 6:15:17 AM","0000-00","0","no battery","V"
"07/13/2019","06:33:39","9","default","116269760","OXY_CH9","26.689","min","264.492","μmol/L","Humid","20.074","deg","104987","µV","20.199","°C","1013.000","hPa","36.5","pmil","0","55.690","deg","20.000","°C","100.000","%a.s.","22.400","deg","20.000","°C","962.000","hPa","0.861","-0.02617","0.00035","0","0","13.56","Humid","35.35","0","78.50","296091.78","SABD0002000014","AAV2.0.0.13","3.0.1.1413","PSt7-10","180509-002","6/18/2019 6:15:17 AM","0000-00","0","no battery","V"
"07/13/2019","06:33:40","9","default","116269760","OXY_CH9","26.705","min","264.562","μmol/L","Humid","20.073","deg","104967","µV","20.193","°C","1013.000","hPa","36.5","pmil","0","55.690","deg","20.000","°C","100.000","%a.s.","22.400","deg","20.000","°C","962.000","hPa","0.861","-0.02617","0.00035","0","0","13.56","Humid","35.35","0","78.50","296085.97","SABD0002000014","AAV2.0.0.13","3.0.1.1413","PSt7-10","180509-002","6/18/2019 6:15:17 AM","0000-00","0","no battery","V"
"07/13/2019","06:33:41","9","default","116269760","OXY_CH9","26.722","min","264.421","μmol/L","Humid","20.075","deg","104962","µV","20.205","°C","1013.000","hPa","36.5","pmil","0","55.690","deg","20.000","°C","100.000","%a.s.","22.400","deg","20.000","°C","962.000","hPa","0.861","-0.02617","0.00035","0","0","13.56","Humid","35.35","0","78.50","296092.47","SABD0002000014","AAV2.0.0.13","3.0.1.1413","PSt7-10","180509-002","6/18/2019 6:15:17 AM","0000-00","0","no battery","V"
"07/13/2019","06:33:42","9","default","116269760","OXY_CH9","26.739","min","264.588","μmol/L","Humid","20.070","deg","104956","µV","20.199","°C","1013.000","hPa","36.5","pmil","0","55.690","deg","20.000","°C","100.000","%a.s.","22.400","deg","20.000","°C","962.000","hPa","0.861","-0.02617","0.00035","0","0","13.56","Humid","35.35","0","78.50","296092.46","SABD0002000014","AAV2.0.0.13","3.0.1.1413","PSt7-10","180509-002","6/18/2019 6:15:17 AM","0000-00","0","no battery","V"
"07/13/2019","06:33:43","9","default","116269760","OXY_CH9","26.755","min","264.586","μmol/L","Humid","20.072","deg","104940","µV","20.193","°C","1013.000","hPa","36.5","pmil","0","55.690","deg","20.000","°C","100.000","%a.s.","22.400","deg","20.000","°C","962.000","hPa","0.861","-0.02617","0.00035","0","0","13.56","Humid","35.35","0","78.50","296076.39","SABD0002000014","AAV2.0.0.13","3.0.1.1413","PSt7-10","180509-002","6/18/2019 6:15:17 AM","0000-00","0","no battery","V"
"07/13/2019","06:33:44","9","default","116269760","OXY_CH9","26.772","min","264.636","μmol/L","Humid","20.068","deg","104933","µV","20.199","°C","1013.000","hPa","36.5","pmil","0","55.690","deg","20.000","°C","100.000","%a.s.","22.400","deg","20.000","°C","962.000","hPa","0.861","-0.02617","0.00035","0","0","13.56","Humid","35.35","0","78.50","296076.62","SABD0002000014","AAV2.0.0.13","3.0.1.1413","PSt7-10","180509-002","6/18/2019 6:15:17 AM","0000-00","0","no battery","V"
"07/13/2019","06:33:45","9","default","116269760","OXY_CH9","26.789","min","264.564","μmol/L","Humid","20.071","deg","104931","µV","20.199","°C","1013.000","hPa","36.5","pmil","0","55.690","deg","20.000","°C","100.000","%a.s.","22.400","deg","20.000","°C","962.000","hPa","0.861","-0.02617","0.00035","0","0","13.56","Humid","35.35","0","78.50","296077.35","SABD0002000014","AAV2.0.0.13","3.0.1.1413","PSt7-10","180509-002","6/18/2019 6:15:17 AM","0000-00","0","no battery","V"
"07/13/2019","06:33:46","9","default","116269760","OXY_CH9","26.805","min","264.564","μmol/L","Humid","20.071","deg","104925","µV","20.199","°C","1013.000","hPa","36.5","pmil","0","55.690","deg","20.000","°C","100.000","%a.s.","22.400","deg","20.000","°C","962.000","hPa","0.861","-0.02617","0.00035","0","0","13.56","Humid","35.35","0","78.50","296076.21","SABD0002000014","AAV2.0.0.13","3.0.1.1413","PSt7-10","180509-002","6/18/2019 6:15:17 AM","0000-00","0","no battery","V"
"07/13/2019","06:33:47","9","default","116269760","OXY_CH9","26.822","min","264.661","μmol/L","Humid","20.065","deg","104918","µV","20.205","°C","1013.000","hPa","36.5","pmil","0","55.690","deg","20.000","°C","100.000","%a.s.","22.400","deg","20.000","°C","962.000","hPa","0.861","-0.02617","0.00035","0","0","13.56","Humid","35.35","0","78.50","296081.71","SABD0002000014","AAV2.0.0.13","3.0.1.1413","PSt7-10","180509-002","6/18/2019 6:15:17 AM","0000-00","0","no battery","V"
"07/13/2019","06:33:48","9","default","116269760","OXY_CH9","26.839","min","264.732","μmol/L","Humid","20.064","deg","104914","µV","20.199","°C","1013.000","hPa","36.5","pmil","0","55.690","deg","20.000","°C","100.000","%a.s.","22.400","deg","20.000","°C","962.000","hPa","0.861","-0.02617","0.00035","0","0","13.56","Humid","35.35","0","78.50","296084.57","SABD0002000014","AAV2.0.0.13","3.0.1.1413","PSt7-10","180509-002","6/18/2019 6:15:17 AM","0000-00","0","no battery","V"
"07/13/2019","06:33:49","9","default","116269760","OXY_CH9","26.855","min","264.684","μmol/L","Humid","20.066","deg","104908","µV","20.199","°C","1013.000","hPa","36.5","pmil","0","55.690","deg","20.000","°C","100.000","%a.s.","22.400","deg","20.000","°C","962.000","hPa","0.861","-0.02617","0.00035","0","0","13.56","Humid","35.35","0","78.50","296077.66","SABD0002000014","AAV2.0.0.13","3.0.1.1413","PSt7-10","180509-002","6/18/2019 6:15:17 AM","0000-00","0","no battery","V"
"07/13/2019","06:33:50","9","default","116269760","OXY_CH9","26.872","min","264.756","μmol/L","Humid","20.063","deg","104894","µV","20.199","°C","1013.000","hPa","36.5","pmil","0","55.690","deg","20.000","°C","100.000","%a.s.","22.400","deg","20.000","°C","962.000","hPa","0.861","-0.02617","0.00035","0","0","13.56","Humid","35.35","0","78.50","296076.01","SABD0002000014","AAV2.0.0.13","3.0.1.1413","PSt7-10","180509-002","6/18/2019 6:15:17 AM","0000-00","0","no battery","V"
"07/13/2019","06:33:51","9","default","116269760","OXY_CH9","26.889","min","264.924","μmol/L","Humid","20.056","deg","104892","µV","20.199","°C","1013.000","hPa","36.5","pmil","0","55.690","deg","20.000","°C","100.000","%a.s.","22.400","deg","20.000","°C","962.000","hPa","0.861","-0.02617","0.00035","0","0","13.56","Humid","35.35","0","78.50","296065.98","SABD0002000014","AAV2.0.0.13","3.0.1.1413","PSt7-10","180509-002","6/18/2019 6:15:17 AM","0000-00","0","no battery","V"
"07/13/2019","06:33:52","9","default","116269760","OXY_CH9","26.905","min","264.733","μmol/L","Humid","20.062","deg","104877","µV","20.205","°C","1013.000","hPa","36.5","pmil","0","55.690","deg","20.000","°C","100.000","%a.s.","22.400","deg","20.000","°C","962.000","hPa","0.861","-0.02617","0.00035","0","0","13.56","Humid","35.35","0","78.50","296072.03","SABD0002000014","AAV2.0.0.13","3.0.1.1413","PSt7-10","180509-002","6/18/2019 6:15:17 AM","0000-00","0","no battery","V"
"07/13/2019","06:33:53","9","default","116269760","OXY_CH9","26.922","min","264.875","μmol/L","Humid","20.060","deg","104873","µV","20.193","°C","1013.000","hPa","36.5","pmil","0","55.690","deg","20.000","°C","100.000","%a.s.","22.400","deg","20.000","°C","962.000","hPa","0.861","-0.02617","0.00035","0","0","13.56","Humid","35.35","0","78.50","296086.16","SABD0002000014","AAV2.0.0.13","3.0.1.1413","PSt7-10","180509-002","6/18/2019 6:15:17 AM","0000-00","0","no battery","V"
"07/13/2019","06:33:54","9","default","116269760","OXY_CH9","26.939","min","264.924","μmol/L","Humid","20.056","deg","104851","µV","20.199","°C","1013.000","hPa","36.5","pmil","0","55.690","deg","20.000","°C","100.000","%a.s.","22.400","deg","20.000","°C","962.000","hPa","0.861","-0.02617","0.00035","0","0","13.56","Humid","35.35","0","78.50","296077.80","SABD0002000014","AAV2.0.0.13","3.0.1.1413","PSt7-10","180509-002","6/18/2019 6:15:17 AM","0000-00","0","no battery","V"
"07/13/2019","06:33:55","9","default","116269760","OXY_CH9","26.955","min","264.972","μmol/L","Humid","20.054","deg","104850","µV","20.199","°C","1013.000","hPa","36.5","pmil","0","55.690","deg","20.000","°C","100.000","%a.s.","22.400","deg","20.000","°C","962.000","hPa","0.861","-0.02617","0.00035","0","0","13.56","Humid","35.35","0","78.50","296083.35","SABD0002000014","AAV2.0.0.13","3.0.1.1413","PSt7-10","180509-002","6/18/2019 6:15:17 AM","0000-00","0","no battery","V"
"07/13/2019","06:33:56","9","default","116269760","OXY_CH9","26.972","min","264.997","μmol/L","Humid","20.051","deg","104849","µV","20.205","°C","1013.000","hPa","36.5","pmil","0","55.690","deg","20.000","°C","100.000","%a.s.","22.400","deg","20.000","°C","962.000","hPa","0.861","-0.02617","0.00035","0","0","13.56","Humid","35.35","0","78.50","296075.14","SABD0002000014","AAV2.0.0.13","3.0.1.1413","PSt7-10","180509-002","6/18/2019 6:15:17 AM","0000-00","0","no battery","V"
"07/13/2019","06:33:57","9","default","116269760","OXY_CH9","26.989","min","265.068","μmol/L","Humid","20.050","deg","104826","µV","20.199","°C","1013.000","hPa","36.5","pmil","0","55.690","deg","20.000","°C","100.000","%a.s.","22.400","deg","20.000","°C","962.000","hPa","0.861","-0.02617","0.00035","0","0","13.56","Humid","35.35","0","78.50","296079.05","SABD0002000014","AAV2.0.0.13","3.0.1.1413","PSt7-10","180509-002","6/18/2019 6:15:17 AM","0000-00","0","no battery","V"
"07/13/2019","06:33:58","9","default","116269760","OXY_CH9","27.005","min","265.068","μmol/L","Humid","20.050","deg","104824","µV","20.199","°C","1013.000","hPa","36.5","pmil","0","55.690","deg","20.000","°C","100.000","%a.s.","22.400","deg","20.000","°C","962.000","hPa","0.861","-0.02617","0.00035","0","0","13.56","Humid","35.35","0","78.50","296085.12","SABD0002000014","AAV2.0.0.13","3.0.1.1413","PSt7-10","180509-002","6/18/2019 6:15:17 AM","0000-00","0","no battery","V"
"07/13/2019","06:33:59","9","default","116269760","OXY_CH9","27.022","min","265.091","μmol/L","Humid","20.051","deg","104821","µV","20.193","°C","1013.000","hPa","36.5","pmil","0","55.690","deg","20.000","°C","100.000","%a.s.","22.400","deg","20.000","°C","962.000","hPa","0.861","-0.02617","0.00035","0","0","13.56","Humid","35.35","0","78.50","296077.47","SABD0002000014","AAV2.0.0.13","3.0.1.1413","PSt7-10","180509-002","6/18/2019 6:15:17 AM","0000-00","0","no battery","V"
"07/13/2019","06:34:00","9","default","116269760","OXY_CH9","27.039","min","265.140","μmol/L","Humid","20.047","deg","104813","µV","20.199","°C","1013.000","hPa","36.5","pmil","0","55.690","deg","20.000","°C","100.000","%a.s.","22.400","deg","20.000","°C","962.000","hPa","0.861","-0.02617","0.00035","0","0","13.56","Humid","35.35","0","78.50","296087.03","SABD0002000014","AAV2.0.0.13","3.0.1.1413","PSt7-10","180509-002","6/18/2019 6:15:17 AM","0000-00","0","no battery","V"
"07/13/2019","06:34:01","9","default","116269760","OXY_CH9","27.055","min","265.116","μmol/L","Humid","20.048","deg","104798","µV","20.199","°C","1013.000","hPa","36.5","pmil","0","55.690","deg","20.000","°C","100.000","%a.s.","22.400","deg","20.000","°C","962.000","hPa","0.861","-0.02617","0.00035","0","0","13.56","Humid","35.35","0","78.50","296076.71","SABD0002000014","AAV2.0.0.13","3.0.1.1413","PSt7-10","180509-002","6/18/2019 6:15:17 AM","0000-00","0","no battery","V"
"07/13/2019","06:34:02","9","default","116269760","OXY_CH9","27.072","min","265.190","μmol/L","Humid","20.043","deg","104795","µV","20.205","°C","1013.000","hPa","36.5","pmil","0","55.690","deg","20.000","°C","100.000","%a.s.","22.400","deg","20.000","°C","962.000","hPa","0.861","-0.02617","0.00035","0","0","13.56","Humid","35.35","0","78.50","296083.73","SABD0002000014","AAV2.0.0.13","3.0.1.1413","PSt7-10","180509-002","6/18/2019 6:15:17 AM","0000-00","0","no battery","V"
"07/13/2019","06:34:03","9","default","116269760","OXY_CH9","27.089","min","265.211","μmol/L","Humid","20.046","deg","104777","µV","20.193","°C","1013.000","hPa","36.5","pmil","0","55.690","deg","20.000","°C","100.000","%a.s.","22.400","deg","20.000","°C","962.000","hPa","0.861","-0.02617","0.00035","0","0","13.56","Humid","35.35","0","78.50","296079.07","SABD0002000014","AAV2.0.0.13","3.0.1.1413","PSt7-10","180509-002","6/18/2019 6:15:17 AM","0000-00","0","no battery","V"
"07/13/2019","06:34:04","9","default","116269760","OXY_CH9","27.105","min","265.283","μmol/L","Humid","20.043","deg","104772","µV","20.193","°C","1013.000","hPa","36.5","pmil","0","55.690","deg","20.000","°C","100.000","%a.s.","22.400","deg","20.000","°C","962.000","hPa","0.861","-0.02617","0.00035","0","0","13.56","Humid","35.35","0","78.50","296079.90","SABD0002000014","AAV2.0.0.13","3.0.1.1413","PSt7-10","180509-002","6/18/2019 6:15:17 AM","0000-00","0","no battery","V"
"07/13/2019","06:34:05","9","default","116269760","OXY_CH9","27.122","min","265.381","μmol/L","Humid","20.037","deg","104762","µV","20.199","°C","1013.000","hPa","36.5","pmil","0","55.690","deg","20.000","°C","100.000","%a.s.","22.400","deg","20.000","°C","962.000","hPa","0.861","-0.02617","0.00035","0","0","13.56","Humid","35.35","0","78.50","296083.04","SABD0002000014","AAV2.0.0.13","3.0.1.1413","PSt7-10","180509-002","6/18/2019 6:15:17 AM","0000-00","0","no battery","V"
"07/13/2019","06:34:06","9","default","116269760","OXY_CH9","27.139","min","265.285","μmol/L","Humid","20.041","deg","104754","µV","20.199","°C","1013.000","hPa","36.5","pmil","0","55.690","deg","20.000","°C","100.000","%a.s.","22.400","deg","20.000","°C","962.000","hPa","0.861","-0.02617","0.00035","0","0","13.56","Humid","35.35","0","78.50","296071.71","SABD0002000014","AAV2.0.0.13","3.0.1.1413","PSt7-10","180509-002","6/18/2019 6:15:17 AM","0000-00","0","no battery","V"
"07/13/2019","06:34:07","9","default","116269760","OXY_CH9","27.156","min","265.381","μmol/L","Humid","20.037","deg","104747","µV","20.199","°C","1013.000","hPa","36.5","pmil","0","55.690","deg","20.000","°C","100.000","%a.s.","22.400","deg","20.000","°C","962.000","hPa","0.861","-0.02617","0.00035","0","0","13.56","Humid","35.35","0","78.50","296074.05","SABD0002000014","AAV2.0.0.13","3.0.1.1413","PSt7-10","180509-002","6/18/2019 6:15:17 AM","0000-00","0","no battery","V"
"07/13/2019","06:34:08","9","default","116269760","OXY_CH9","27.172","min","265.333","μmol/L","Humid","20.039","deg","104741","µV","20.199","°C","1013.000","hPa","36.5","pmil","0","55.690","deg","20.000","°C","100.000","%a.s.","22.400","deg","20.000","°C","962.000","hPa","0.861","-0.02617","0.00035","0","0","13.56","Humid","35.35","0","78.50","296082.93","SABD0002000014","AAV2.0.0.13","3.0.1.1413","PSt7-10","180509-002","6/18/2019 6:15:17 AM","0000-00","0","no battery","V"
"07/13/2019","06:34:09","9","default","116269760","OXY_CH9","27.189","min","265.453","μmol/L","Humid","20.034","deg","104733","µV","20.199","°C","1013.000","hPa","36.5","pmil","0","55.690","deg","20.000","°C","100.000","%a.s.","22.400","deg","20.000","°C","962.000","hPa","0.861","-0.02617","0.00035","0","0","13.56","Humid","35.35","0","78.50","296079.02","SABD0002000014","AAV2.0.0.13","3.0.1.1413","PSt7-10","180509-002","6/18/2019 6:15:17 AM","0000-00","0","no battery","V"
"07/13/2019","06:34:10","9","default","116269760","OXY_CH9","27.205","min","265.430","μmol/L","Humid","20.033","deg","104720","µV","20.205","°C","1013.000","hPa","36.5","pmil","0","55.690","deg","20.000","°C","100.000","%a.s.","22.400","deg","20.000","°C","962.000","hPa","0.861","-0.02617","0.00035","0","0","13.56","Humid","35.35","0","78.50","296079.22","SABD0002000014","AAV2.0.0.13","3.0.1.1413","PSt7-10","180509-002","6/18/2019 6:15:17 AM","0000-00","0","no battery","V"
"07/13/2019","06:34:11","9","default","116269760","OXY_CH9","27.222","min","265.500","μmol/L","Humid","20.034","deg","104705","µV","20.193","°C","1013.000","hPa","36.5","pmil","0","55.690","deg","20.000","°C","100.000","%a.s.","22.400","deg","20.000","°C","962.000","hPa","0.861","-0.02617","0.00035","0","0","13.56","Humid","35.35","0","78.50","296077.81","SABD0002000014","AAV2.0.0.13","3.0.1.1413","PSt7-10","180509-002","6/18/2019 6:15:17 AM","0000-00","0","no battery","V"
"07/13/2019","06:34:12","9","default","116269760","OXY_CH9","27.239","min","265.598","μmol/L","Humid","20.028","deg","104699","µV","20.199","°C","1013.000","hPa","36.5","pmil","0","55.690","deg","20.000","°C","100.000","%a.s.","22.400","deg","20.000","°C","962.000","hPa","0.861","-0.02617","0.00035","0","0","13.56","Humid","35.35","0","78.50","296072.75","SABD0002000014","AAV2.0.0.13","3.0.1.1413","PSt7-10","180509-002","6/18/2019 6:15:17 AM","0000-00","0","no battery","V"
"07/13/2019","06:34:13","9","default","116269760","OXY_CH9","27.256","min","265.575","μmol/L","Humid","20.027","deg","104688","µV","20.205","°C","1013.000","hPa","36.5","pmil","0","55.690","deg","20.000","°C","100.000","%a.s.","22.400","deg","20.000","°C","962.000","hPa","0.861","-0.02617","0.00035","0","0","13.56","Humid","35.35","0","78.50","296073.29","SABD0002000014","AAV2.0.0.13","3.0.1.1413","PSt7-10","180509-002","6/18/2019 6:15:17 AM","0000-00","0","no battery","V"
"07/13/2019","06:34:14","9","default","116269760","OXY_CH9","27.272","min","265.622","μmol/L","Humid","20.027","deg","104681","µV","20.199","°C","1013.000","hPa","36.5","pmil","0","55.690","deg","20.000","°C","100.000","%a.s.","22.400","deg","20.000","°C","962.000","hPa","0.861","-0.02617","0.00035","0","0","13.56","Humid","35.35","0","78.50","296072.28","SABD0002000014","AAV2.0.0.13","3.0.1.1413","PSt7-10","180509-002","6/18/2019 6:15:17 AM","0000-00","0","no battery","V"
"07/13/2019","06:34:15","9","default","116269760","OXY_CH9","27.289","min","265.743","μmol/L","Humid","20.022","deg","104674","µV","20.199","°C","1013.000","hPa","36.5","pmil","0","55.690","deg","20.000","°C","100.000","%a.s.","22.400","deg","20.000","°C","962.000","hPa","0.861","-0.02617","0.00035","0","0","13.56","Humid","35.35","0","78.50","296078.23","SABD0002000014","AAV2.0.0.13","3.0.1.1413","PSt7-10","180509-002","6/18/2019 6:15:17 AM","0000-00","0","no battery","V"
"07/13/2019","06:34:16","9","default","116269760","OXY_CH9","27.306","min","265.718","μmol/L","Humid","20.023","deg","104656","µV","20.199","°C","1013.000","hPa","36.5","pmil","0","55.690","deg","20.000","°C","100.000","%a.s.","22.400","deg","20.000","°C","962.000","hPa","0.861","-0.02617","0.00035","0","0","13.56","Humid","35.35","0","78.50","296050.52","SABD0002000014","AAV2.0.0.13","3.0.1.1413","PSt7-10","180509-002","6/18/2019 6:15:17 AM","0000-00","0","no battery","V"
"07/13/2019","06:34:17","9","default","116269760","OXY_CH9","27.322","min","265.863","μmol/L","Humid","20.017","deg","104650","µV","20.199","°C","1013.000","hPa","36.5","pmil","0","55.690","deg","20.000","°C","100.000","%a.s.","22.400","deg","20.000","°C","962.000","hPa","0.861","-0.02617","0.00035","0","0","13.56","Humid","35.35","0","78.50","296062.88","SABD0002000014","AAV2.0.0.13","3.0.1.1413","PSt7-10","180509-002","6/18/2019 6:15:17 AM","0000-00","0","no battery","V"
"07/13/2019","06:34:18","9","default","116269760","OXY_CH9","27.339","min","265.717","μmol/L","Humid","20.025","deg","104638","µV","20.193","°C","1013.000","hPa","36.5","pmil","0","55.690","deg","20.000","°C","100.000","%a.s.","22.400","deg","20.000","°C","962.000","hPa","0.861","-0.02617","0.00035","0","0","13.56","Humid","35.35","0","78.50","296065.69","SABD0002000014","AAV2.0.0.13","3.0.1.1413","PSt7-10","180509-002","6/18/2019 6:15:17 AM","0000-00","0","no battery","V"
"07/13/2019","06:34:19","9","default","116269760","OXY_CH9","27.355","min","265.718","μmol/L","Humid","20.023","deg","104629","µV","20.199","°C","1013.000","hPa","36.5","pmil","0","55.690","deg","20.000","°C","100.000","%a.s.","22.400","deg","20.000","°C","962.000","hPa","0.861","-0.02617","0.00035","0","0","13.56","Humid","35.35","0","78.50","296072.44","SABD0002000014","AAV2.0.0.13","3.0.1.1413","PSt7-10","180509-002","6/18/2019 6:15:17 AM","0000-00","0","no battery","V"
"07/13/2019","06:34:20","9","default","116269760","OXY_CH9","27.372","min","265.887","μmol/L","Humid","20.016","deg","104624","µV","20.199","°C","1013.000","hPa","36.5","pmil","0","55.690","deg","20.000","°C","100.000","%a.s.","22.400","deg","20.000","°C","962.000","hPa","0.861","-0.02617","0.00035","0","0","13.56","Humid","35.35","0","78.50","296076.84","SABD0002000014","AAV2.0.0.13","3.0.1.1413","PSt7-10","180509-002","6/18/2019 6:15:17 AM","0000-00","0","no battery","V"
"07/13/2019","06:34:21","9","default","116269760","OXY_CH9","27.389","min","265.886","μmol/L","Humid","20.018","deg","104612","µV","20.193","°C","1013.000","hPa","36.5","pmil","0","55.690","deg","20.000","°C","100.000","%a.s.","22.400","deg","20.000","°C","962.000","hPa","0.861","-0.02617","0.00035","0","0","13.56","Humid","35.35","0","78.50","296065.39","SABD0002000014","AAV2.0.0.13","3.0.1.1413","PSt7-10","180509-002","6/18/2019 6:15:17 AM","0000-00","0","no battery","V"
"07/13/2019","06:34:22","9","default","116269760","OXY_CH9","27.406","min","265.912","μmol/L","Humid","20.015","deg","104603","µV","20.199","°C","1013.000","hPa","36.5","pmil","0","55.690","deg","20.000","°C","100.000","%a.s.","22.400","deg","20.000","°C","962.000","hPa","0.861","-0.02617","0.00035","0","0","13.56","Humid","35.35","0","78.50","296065.07","SABD0002000014","AAV2.0.0.13","3.0.1.1413","PSt7-10","180509-002","6/18/2019 6:15:17 AM","0000-00","0","no battery","V"
"07/13/2019","06:34:23","9","default","116269760","OXY_CH9","27.422","min","265.960","μmol/L","Humid","20.013","deg","104590","µV","20.199","°C","1013.000","hPa","36.5","pmil","0","55.690","deg","20.000","°C","100.000","%a.s.","22.400","deg","20.000","°C","962.000","hPa","0.861","-0.02617","0.00035","0","0","13.56","Humid","35.35","0","78.50","296061.06","SABD0002000014","AAV2.0.0.13","3.0.1.1413","PSt7-10","180509-002","6/18/2019 6:15:17 AM","0000-00","0","no battery","V"
"07/13/2019","06:34:24","9","default","116269760","OXY_CH9","27.439","min","266.104","μmol/L","Humid","20.009","deg","104587","µV","20.193","°C","1013.000","hPa","36.5","pmil","0","55.690","deg","20.000","°C","100.000","%a.s.","22.400","deg","20.000","°C","962.000","hPa","0.861","-0.02617","0.00035","0","0","13.56","Humid","35.35","0","78.50","296070.59","SABD0002000014","AAV2.0.0.13","3.0.1.1413","PSt7-10","180509-002","6/18/2019 6:15:17 AM","0000-00","0","no battery","V"
"07/13/2019","06:34:25","9","default","116269760","OXY_CH9","27.456","min","265.984","μmol/L","Humid","20.012","deg","104575","µV","20.199","°C","1013.000","hPa","36.5","pmil","0","55.690","deg","20.000","°C","100.000","%a.s.","22.400","deg","20.000","°C","962.000","hPa","0.861","-0.02617","0.00035","0","0","13.56","Humid","35.35","0","78.50","296056.65","SABD0002000014","AAV2.0.0.13","3.0.1.1413","PSt7-10","180509-002","6/18/2019 6:15:17 AM","0000-00","0","no battery","V"
"07/13/2019","06:34:26","9","default","116269760","OXY_CH9","27.472","min","266.057","μmol/L","Humid","20.009","deg","104558","µV","20.199","°C","1013.000","hPa","36.5","pmil","0","55.690","deg","20.000","°C","100.000","%a.s.","22.400","deg","20.000","°C","962.000","hPa","0.861","-0.02617","0.00035","0","0","13.56","Humid","35.35","0","78.50","296057.17","SABD0002000014","AAV2.0.0.13","3.0.1.1413","PSt7-10","180509-002","6/18/2019 6:15:17 AM","0000-00","0","no battery","V"
"07/13/2019","06:34:27","9","default","116269760","OXY_CH9","27.489","min","266.129","μmol/L","Humid","20.006","deg","104536","µV","20.199","°C","1013.000","hPa","36.5","pmil","0","55.690","deg","20.000","°C","100.000","%a.s.","22.400","deg","20.000","°C","962.000","hPa","0.861","-0.02617","0.00035","0","0","13.56","Humid","35.35","0","78.50","296055.50","SABD0002000014","AAV2.0.0.13","3.0.1.1413","PSt7-10","180509-002","6/18/2019 6:15:17 AM","0000-00","0","no battery","V"
"07/13/2019","06:34:28","9","default","116269760","OXY_CH9","27.505","min","266.273","μmol/L","Humid","20.002","deg","104539","µV","20.193","°C","1013.000","hPa","36.5","pmil","0","55.690","deg","20.000","°C","100.000","%a.s.","22.400","deg","20.000","°C","962.000","hPa","0.861","-0.02617","0.00035","0","0","13.56","Humid","35.35","0","78.50","296065.04","SABD0002000014","AAV2.0.0.13","3.0.1.1413","PSt7-10","180509-002","6/18/2019 6:15:17 AM","0000-00","0","no battery","V"
"07/13/2019","06:34:29","9","default","116269760","OXY_CH9","27.522","min","266.200","μmol/L","Humid","20.005","deg","104529","µV","20.193","°C","1013.000","hPa","36.5","pmil","0","55.690","deg","20.000","°C","100.000","%a.s.","22.400","deg","20.000","°C","962.000","hPa","0.861","-0.02617","0.00035","0","0","13.56","Humid","35.35","0","78.50","296051.59","SABD0002000014","AAV2.0.0.13","3.0.1.1413","PSt7-10","180509-002","6/18/2019 6:15:17 AM","0000-00","0","no battery","V"
"07/13/2019","06:34:30","9","default","116269760","OXY_CH9","27.539","min","266.153","μmol/L","Humid","20.005","deg","104521","µV","20.199","°C","1013.000","hPa","36.5","pmil","0","55.690","deg","20.000","°C","100.000","%a.s.","22.400","deg","20.000","°C","962.000","hPa","0.861","-0.02617","0.00035","0","0","13.56","Humid","35.35","0","78.50","296060.75","SABD0002000014","AAV2.0.0.13","3.0.1.1413","PSt7-10","180509-002","6/18/2019 6:15:17 AM","0000-00","0","no battery","V"
"07/13/2019","06:34:31","9","default","116269760","OXY_CH9","27.555","min","266.202","μmol/L","Humid","20.003","deg","104511","µV","20.199","°C","1013.000","hPa","36.5","pmil","0","55.690","deg","20.000","°C","100.000","%a.s.","22.400","deg","20.000","°C","962.000","hPa","0.861","-0.02617","0.00035","0","0","13.56","Humid","35.35","0","78.50","296060.47","SABD0002000014","AAV2.0.0.13","3.0.1.1413","PSt7-10","180509-002","6/18/2019 6:15:17 AM","0000-00","0","no battery","V"
"07/13/2019","06:34:32","9","default","116269760","OXY_CH9","27.572","min","266.274","μmol/L","Humid","20.000","deg","104506","µV","20.199","°C","1013.000","hPa","36.5","pmil","0","55.690","deg","20.000","°C","100.000","%a.s.","22.400","deg","20.000","°C","962.000","hPa","0.861","-0.02617","0.00035","0","0","13.56","Humid","35.35","0","78.50","296049.13","SABD0002000014","AAV2.0.0.13","3.0.1.1413","PSt7-10","180509-002","6/18/2019 6:15:17 AM","0000-00","0","no battery","V"
"07/13/2019","06:34:33","9","default","116269760","OXY_CH9","27.589","min","266.274","μmol/L","Humid","20.000","deg","104497","µV","20.199","°C","1013.000","hPa","36.5","pmil","0","55.690","deg","20.000","°C","100.000","%a.s.","22.400","deg","20.000","°C","962.000","hPa","0.861","-0.02617","0.00035","0","0","13.56","Humid","35.35","0","78.50","296044.57","SABD0002000014","AAV2.0.0.13","3.0.1.1413","PSt7-10","180509-002","6/18/2019 6:15:17 AM","0000-00","0","no battery","V"
"07/13/2019","06:34:34","9","default","116269760","OXY_CH9","27.606","min","266.442","μmol/L","Humid","19.995","deg","104488","µV","20.193","°C","1013.000","hPa","36.5","pmil","0","55.690","deg","20.000","°C","100.000","%a.s.","22.400","deg","20.000","°C","962.000","hPa","0.861","-0.02617","0.00035","0","0","13.56","Humid","35.35","0","78.50","296053.95","SABD0002000014","AAV2.0.0.13","3.0.1.1413","PSt7-10","180509-002","6/18/2019 6:15:17 AM","0000-00","0","no battery","V"
"07/13/2019","06:34:35","9","default","116269760","OXY_CH9","27.622","min","266.395","μmol/L","Humid","19.995","deg","104478","µV","20.199","°C","1013.000","hPa","36.5","pmil","0","55.690","deg","20.000","°C","100.000","%a.s.","22.400","deg","20.000","°C","962.000","hPa","0.861","-0.02617","0.00035","0","0","13.56","Humid","35.35","0","78.50","296065.82","SABD0002000014","AAV2.0.0.13","3.0.1.1413","PSt7-10","180509-002","6/18/2019 6:15:17 AM","0000-00","0","no battery","V"
"07/13/2019","06:34:36","9","default","116269760","OXY_CH9","27.639","min","266.419","μmol/L","Humid","19.994","deg","104472","µV","20.199","°C","1013.000","hPa","36.5","pmil","0","55.690","deg","20.000","°C","100.000","%a.s.","22.400","deg","20.000","°C","962.000","hPa","0.861","-0.02617","0.00035","0","0","13.56","Humid","35.35","0","78.50","296057.23","SABD0002000014","AAV2.0.0.13","3.0.1.1413","PSt7-10","180509-002","6/18/2019 6:15:17 AM","0000-00","0","no battery","V"
"07/13/2019","06:34:37","9","default","116269760","OXY_CH9","27.655","min","266.395","μmol/L","Humid","19.995","deg","104461","µV","20.199","°C","1013.000","hPa","36.5","pmil","0","55.690","deg","20.000","°C","100.000","%a.s.","22.400","deg","20.000","°C","962.000","hPa","0.861","-0.02617","0.00035","0","0","13.56","Humid","35.35","0","78.50","296061.23","SABD0002000014","AAV2.0.0.13","3.0.1.1413","PSt7-10","180509-002","6/18/2019 6:15:17 AM","0000-00","0","no battery","V"
"07/13/2019","06:34:38","9","default","116269760","OXY_CH9","27.672","min","266.468","μmol/L","Humid","19.992","deg","104455","µV","20.199","°C","1013.000","hPa","36.5","pmil","0","55.690","deg","20.000","°C","100.000","%a.s.","22.400","deg","20.000","°C","962.000","hPa","0.861","-0.02617","0.00035","0","0","13.56","Humid","35.35","0","78.50","296065.12","SABD0002000014","AAV2.0.0.13","3.0.1.1413","PSt7-10","180509-002","6/18/2019 6:15:17 AM","0000-00","0","no battery","V"
"07/13/2019","06:34:39","9","default","116269760","OXY_CH9","27.689","min","266.469","μmol/L","Humid","19.990","deg","104448","µV","20.205","°C","1013.000","hPa","36.5","pmil","0","55.690","deg","20.000","°C","100.000","%a.s.","22.400","deg","20.000","°C","962.000","hPa","0.861","-0.02617","0.00035","0","0","13.56","Humid","35.35","0","78.50","296050.13","SABD0002000014","AAV2.0.0.13","3.0.1.1413","PSt7-10","180509-002","6/18/2019 6:15:17 AM","0000-00","0","no battery","V"
"07/13/2019","06:34:40","9","default","116269760","OXY_CH9","27.706","min","266.516","μmol/L","Humid","19.990","deg","104447","µV","20.199","°C","1013.000","hPa","36.5","pmil","0","55.690","deg","20.000","°C","100.000","%a.s.","22.400","deg","20.000","°C","962.000","hPa","0.861","-0.02617","0.00035","0","0","13.56","Humid","35.35","0","78.50","296064.02","SABD0002000014","AAV2.0.0.13","3.0.1.1413","PSt7-10","180509-002","6/18/2019 6:15:17 AM","0000-00","0","no battery","V"
"07/13/2019","06:34:41","9","default","116269760","OXY_CH9","27.722","min","266.588","μmol/L","Humid","19.989","deg","104427","µV","20.193","°C","1013.000","hPa","36.5","pmil","0","55.690","deg","20.000","°C","100.000","%a.s.","22.400","deg","20.000","°C","962.000","hPa","0.861","-0.02617","0.00035","0","0","13.56","Humid","35.35","0","78.50","296051.39","SABD0002000014","AAV2.0.0.13","3.0.1.1413","PSt7-10","180509-002","6/18/2019 6:15:17 AM","0000-00","0","no battery","V"
"07/13/2019","06:34:42","9","default","116269760","OXY_CH9","27.739","min","266.636","μmol/L","Humid","19.987","deg","104422","µV","20.193","°C","1013.000","hPa","36.5","pmil","0","55.690","deg","20.000","°C","100.000","%a.s.","22.400","deg","20.000","°C","962.000","hPa","0.861","-0.02617","0.00035","0","0","13.56","Humid","35.35","0","78.50","296047.69","SABD0002000014","AAV2.0.0.13","3.0.1.1413","PSt7-10","180509-002","6/18/2019 6:15:17 AM","0000-00","0","no battery","V"
"07/13/2019","06:34:43","9","default","116269760","OXY_CH9","27.756","min","266.709","μmol/L","Humid","19.984","deg","104418","µV","20.193","°C","1013.000","hPa","36.5","pmil","0","55.690","deg","20.000","°C","100.000","%a.s.","22.400","deg","20.000","°C","962.000","hPa","0.861","-0.02617","0.00035","0","0","13.56","Humid","35.35","0","78.50","296066.10","SABD0002000014","AAV2.0.0.13","3.0.1.1413","PSt7-10","180509-002","6/18/2019 6:15:17 AM","0000-00","0","no battery","V"
"07/13/2019","06:34:44","9","default","116269760","OXY_CH9","27.772","min","266.710","μmol/L","Humid","19.982","deg","104399","µV","20.199","°C","1013.000","hPa","36.5","pmil","0","55.690","deg","20.000","°C","100.000","%a.s.","22.400","deg","20.000","°C","962.000","hPa","0.861","-0.02617","0.00035","0","0","13.56","Humid","35.35","0","78.50","296051.35","SABD0002000014","AAV2.0.0.13","3.0.1.1413","PSt7-10","180509-002","6/18/2019 6:15:17 AM","0000-00","0","no battery","V"
"07/13/2019","06:34:45","9","default","116269760","OXY_CH9","27.789","min","266.829","μmol/L","Humid","19.981","deg","104387","µV","20.187","°C","1013.000","hPa","36.5","pmil","0","55.690","deg","20.000","°C","100.000","%a.s.","22.400","deg","20.000","°C","962.000","hPa","0.861","-0.02617","0.00035","0","0","13.56","Humid","35.35","0","78.50","296053.67","SABD0002000014","AAV2.0.0.13","3.0.1.1413","PSt7-10","180509-002","6/18/2019 6:15:17 AM","0000-00","0","no battery","V"
"07/13/2019","06:34:46","9","default","116269760","OXY_CH9","27.806","min","266.686","μmol/L","Humid","19.983","deg","104398","µV","20.199","°C","1013.000","hPa","36.5","pmil","0","55.690","deg","20.000","°C","100.000","%a.s.","22.400","deg","20.000","°C","962.000","hPa","0.861","-0.02617","0.00035","0","0","13.56","Humid","35.35","0","78.50","296066.28","SABD0002000014","AAV2.0.0.13","3.0.1.1413","PSt7-10","180509-002","6/18/2019 6:15:17 AM","0000-00","0","no battery","V"
"07/13/2019","06:34:47","9","default","116269760","OXY_CH9","27.822","min","266.806","μmol/L","Humid","19.980","deg","104387","µV","20.193","°C","1013.000","hPa","36.5","pmil","0","55.690","deg","20.000","°C","100.000","%a.s.","22.400","deg","20.000","°C","962.000","hPa","0.861","-0.02617","0.00035","0","0","13.56","Humid","35.35","0","78.50","296050.35","SABD0002000014","AAV2.0.0.13","3.0.1.1413","PSt7-10","180509-002","6/18/2019 6:15:17 AM","0000-00","0","no battery","V"
"07/13/2019","06:34:48","9","default","116269760","OXY_CH9","27.839","min","266.877","μmol/L","Humid","19.979","deg","104375","µV","20.187","°C","1013.000","hPa","36.5","pmil","0","55.690","deg","20.000","°C","100.000","%a.s.","22.400","deg","20.000","°C","962.000","hPa","0.861","-0.02617","0.00035","0","0","13.56","Humid","35.35","0","78.50","296063.52","SABD0002000014","AAV2.0.0.13","3.0.1.1413","PSt7-10","180509-002","6/18/2019 6:15:17 AM","0000-00","0","no battery","V"
"07/13/2019","06:34:49","9","default","116269760","OXY_CH9","27.856","min","266.880","μmol/L","Humid","19.975","deg","104371","µV","20.199","°C","1013.000","hPa","36.5","pmil","0","55.690","deg","20.000","°C","100.000","%a.s.","22.400","deg","20.000","°C","962.000","hPa","0.861","-0.02617","0.00035","0","0","13.56","Humid","35.35","0","78.50","296057.46","SABD0002000014","AAV2.0.0.13","3.0.1.1413","PSt7-10","180509-002","6/18/2019 6:15:17 AM","0000-00","0","no battery","V"
"07/13/2019","06:34:50","9","default","116269760","OXY_CH9","27.872","min","266.831","μmol/L","Humid","19.977","deg","104353","µV","20.199","°C","1013.000","hPa","36.5","pmil","0","55.690","deg","20.000","°C","100.000","%a.s.","22.400","deg","20.000","°C","962.000","hPa","0.861","-0.02617","0.00035","0","0","13.56","Humid","35.35","0","78.50","296048.19","SABD0002000014","AAV2.0.0.13","3.0.1.1413","PSt7-10","180509-002","6/18/2019 6:15:17 AM","0000-00","0","no battery","V"
"07/13/2019","06:34:51","9","default","116269760","OXY_CH9","27.889","min","266.926","μmol/L","Humid","19.977","deg","104353","µV","20.187","°C","1013.000","hPa","36.5","pmil","0","55.690","deg","20.000","°C","100.000","%a.s.","22.400","deg","20.000","°C","962.000","hPa","0.861","-0.02617","0.00035","0","0","13.56","Humid","35.35","0","78.50","296051.88","SABD0002000014","AAV2.0.0.13","3.0.1.1413","PSt7-10","180509-002","6/18/2019 6:15:17 AM","0000-00","0","no battery","V"
"07/13/2019","06:34:52","9","default","116269760","OXY_CH9","27.906","min","266.953","μmol/L","Humid","19.972","deg","104334","µV","20.199","°C","1013.000","hPa","36.5","pmil","0","55.690","deg","20.000","°C","100.000","%a.s.","22.400","deg","20.000","°C","962.000","hPa","0.861","-0.02617","0.00035","0","0","13.56","Humid","35.35","0","78.50","296045.61","SABD0002000014","AAV2.0.0.13","3.0.1.1413","PSt7-10","180509-002","6/18/2019 6:15:17 AM","0000-00","0","no battery","V"
"07/13/2019","06:34:53","9","default","116269760","OXY_CH9","27.923","min","267.024","μmol/L","Humid","19.971","deg","104328","µV","20.193","°C","1013.000","hPa","36.5","pmil","0","55.690","deg","20.000","°C","100.000","%a.s.","22.400","deg","20.000","°C","962.000","hPa","0.861","-0.02617","0.00035","0","0","13.56","Humid","35.35","0","78.50","296058.43","SABD0002000014","AAV2.0.0.13","3.0.1.1413","PSt7-10","180509-002","6/18/2019 6:15:17 AM","0000-00","0","no battery","V"
"07/13/2019","06:34:54","9","default","116269760","OXY_CH9","27.939","min","267.024","μmol/L","Humid","19.971","deg","104314","µV","20.193","°C","1013.000","hPa","36.5","pmil","0","55.690","deg","20.000","°C","100.000","%a.s.","22.400","deg","20.000","°C","962.000","hPa","0.861","-0.02617","0.00035","0","0","13.56","Humid","35.35","0","78.50","296053.62","SABD0002000014","AAV2.0.0.13","3.0.1.1413","PSt7-10","180509-002","6/18/2019 6:15:17 AM","0000-00","0","no battery","V"
"07/13/2019","06:34:55","9","default","116269760","OXY_CH9","27.956","min","267.048","μmol/L","Humid","19.970","deg","104304","µV","20.193","°C","1013.000","hPa","36.5","pmil","0","55.690","deg","20.000","°C","100.000","%a.s.","22.400","deg","20.000","°C","962.000","hPa","0.861","-0.02617","0.00035","0","0","13.56","Humid","35.35","0","78.50","296041.01","SABD0002000014","AAV2.0.0.13","3.0.1.1413","PSt7-10","180509-002","6/18/2019 6:15:17 AM","0000-00","0","no battery","V"
"07/13/2019","06:34:56","9","default","116269760","OXY_CH9","27.972","min","267.146","μmol/L","Humid","19.966","deg","104295","µV","20.193","°C","1013.000","hPa","36.5","pmil","0","55.690","deg","20.000","°C","100.000","%a.s.","22.400","deg","20.000","°C","962.000","hPa","0.861","-0.02617","0.00035","0","0","13.56","Humid","35.35","0","78.50","296037.86","SABD0002000014","AAV2.0.0.13","3.0.1.1413","PSt7-10","180509-002","6/18/2019 6:15:17 AM","0000-00","0","no battery","V"
"07/13/2019","06:34:57","9","default","116269760","OXY_CH9","27.989","min","267.146","μmol/L","Humid","19.966","deg","104290","µV","20.193","°C","1013.000","hPa","36.5","pmil","0","55.690","deg","20.000","°C","100.000","%a.s.","22.400","deg","20.000","°C","962.000","hPa","0.861","-0.02617","0.00035","0","0","13.56","Humid","35.35","0","78.50","296047.87","SABD0002000014","AAV2.0.0.13","3.0.1.1413","PSt7-10","180509-002","6/18/2019 6:15:17 AM","0000-00","0","no battery","V"
"07/13/2019","06:34:58","9","default","116269760","OXY_CH9","28.006","min","267.123","μmol/L","Humid","19.965","deg","104286","µV","20.199","°C","1013.000","hPa","36.5","pmil","0","55.690","deg","20.000","°C","100.000","%a.s.","22.400","deg","20.000","°C","962.000","hPa","0.861","-0.02617","0.00035","0","0","13.56","Humid","35.35","0","78.50","296044.62","SABD0002000014","AAV2.0.0.13","3.0.1.1413","PSt7-10","180509-002","6/18/2019 6:15:17 AM","0000-00","0","no battery","V"
"07/13/2019","06:34:59","9","default","116269760","OXY_CH9","28.022","min","267.170","μmol/L","Humid","19.965","deg","104277","µV","20.193","°C","1013.000","hPa","36.5","pmil","0","55.690","deg","20.000","°C","100.000","%a.s.","22.400","deg","20.000","°C","962.000","hPa","0.861","-0.02617","0.00035","0","0","13.56","Humid","35.35","0","78.50","296041.39","SABD0002000014","AAV2.0.0.13","3.0.1.1413","PSt7-10","180509-002","6/18/2019 6:15:17 AM","0000-00","0","no battery","V"
"07/13/2019","06:35:00","9","default","116269760","OXY_CH9","28.039","min","267.243","μmol/L","Humid","19.962","deg","104261","µV","20.193","°C","1013.000","hPa","36.5","pmil","0","55.690","deg","20.000","°C","100.000","%a.s.","22.400","deg","20.000","°C","962.000","hPa","0.861","-0.02617","0.00035","0","0","13.56","Humid","35.35","0","78.50","296048.84","SABD0002000014","AAV2.0.0.13","3.0.1.1413","PSt7-10","180509-002","6/18/2019 6:15:17 AM","0000-00","0","no battery","V"
"07/13/2019","06:35:01","9","default","116269760","OXY_CH9","28.056","min","267.316","μmol/L","Humid","19.959","deg","104257","µV","20.193","°C","1013.000","hPa","36.5","pmil","0","55.690","deg","20.000","°C","100.000","%a.s.","22.400","deg","20.000","°C","962.000","hPa","0.861","-0.02617","0.00035","0","0","13.56","Humid","35.35","0","78.50","296036.39","SABD0002000014","AAV2.0.0.13","3.0.1.1413","PSt7-10","180509-002","6/18/2019 6:15:17 AM","0000-00","0","no battery","V"
"07/13/2019","06:35:02","9","default","116269760","OXY_CH9","28.072","min","267.316","μmol/L","Humid","19.959","deg","104241","µV","20.193","°C","1013.000","hPa","36.5","pmil","0","55.690","deg","20.000","°C","100.000","%a.s.","22.400","deg","20.000","°C","962.000","hPa","0.861","-0.02617","0.00035","0","0","13.56","Humid","35.35","0","78.50","296052.51","SABD0002000014","AAV2.0.0.13","3.0.1.1413","PSt7-10","180509-002","6/18/2019 6:15:17 AM","0000-00","0","no battery","V"
"07/13/2019","06:35:03","9","default","116269760","OXY_CH9","28.089","min","267.293","μmol/L","Humid","19.958","deg","104233","µV","20.199","°C","1013.000","hPa","36.5","pmil","0","55.690","deg","20.000","°C","100.000","%a.s.","22.400","deg","20.000","°C","962.000","hPa","0.861","-0.02617","0.00035","0","0","13.56","Humid","35.35","0","78.50","296046.84","SABD0002000014","AAV2.0.0.13","3.0.1.1413","PSt7-10","180509-002","6/18/2019 6:15:17 AM","0000-00","0","no battery","V"
"07/13/2019","06:35:04","9","default","116269760","OXY_CH9","28.106","min","267.364","μmol/L","Humid","19.957","deg","104234","µV","20.193","°C","1013.000","hPa","36.5","pmil","0","55.690","deg","20.000","°C","100.000","%a.s.","22.400","deg","20.000","°C","962.000","hPa","0.861","-0.02617","0.00035","0","0","13.56","Humid","35.35","0","78.50","296059.12","SABD0002000014","AAV2.0.0.13","3.0.1.1413","PSt7-10","180509-002","6/18/2019 6:15:17 AM","0000-00","0","no battery","V"
"07/13/2019","06:35:05","9","default","116269760","OXY_CH9","28.122","min","267.390","μmol/L","Humid","19.954","deg","104227","µV","20.199","°C","1013.000","hPa","36.5","pmil","0","55.690","deg","20.000","°C","100.000","%a.s.","22.400","deg","20.000","°C","962.000","hPa","0.861","-0.02617","0.00035","0","0","13.56","Humid","35.35","0","78.50","296050.36","SABD0002000014","AAV2.0.0.13","3.0.1.1413","PSt7-10","180509-002","6/18/2019 6:15:17 AM","0000-00","0","no battery","V"
"07/13/2019","06:35:06","9","default","116269760","OXY_CH9","28.139","min","267.439","μmol/L","Humid","19.952","deg","104214","µV","20.199","°C","1013.000","hPa","36.5","pmil","0","55.690","deg","20.000","°C","100.000","%a.s.","22.400","deg","20.000","°C","962.000","hPa","0.861","-0.02617","0.00035","0","0","13.56","Humid","35.35","0","78.50","296054.28","SABD0002000014","AAV2.0.0.13","3.0.1.1413","PSt7-10","180509-002","6/18/2019 6:15:17 AM","0000-00","0","no battery","V"
"07/13/2019","06:35:07","9","default","116269760","OXY_CH9","28.156","min","267.487","μmol/L","Humid","19.950","deg","104220","µV","20.199","°C","1013.000","hPa","36.5","pmil","0","55.690","deg","20.000","°C","100.000","%a.s.","22.400","deg","20.000","°C","962.000","hPa","0.861","-0.02617","0.00035","0","0","13.56","Humid","35.35","0","78.50","296061.93","SABD0002000014","AAV2.0.0.13","3.0.1.1413","PSt7-10","180509-002","6/18/2019 6:15:17 AM","0000-00","0","no battery","V"
"07/13/2019","06:35:08","9","default","116269760","OXY_CH9","28.173","min","267.512","μmol/L","Humid","19.949","deg","104201","µV","20.199","°C","1013.000","hPa","36.5","pmil","0","55.690","deg","20.000","°C","100.000","%a.s.","22.400","deg","20.000","°C","962.000","hPa","0.861","-0.02617","0.00035","0","0","13.56","Humid","35.35","0","78.50","296047.57","SABD0002000014","AAV2.0.0.13","3.0.1.1413","PSt7-10","180509-002","6/18/2019 6:15:17 AM","0000-00","0","no battery","V"
"07/13/2019","06:35:09","9","default","116269760","OXY_CH9","28.189","min","267.535","μmol/L","Humid","19.950","deg","104189","µV","20.193","°C","1013.000","hPa","36.5","pmil","0","55.690","deg","20.000","°C","100.000","%a.s.","22.400","deg","20.000","°C","962.000","hPa","0.861","-0.02617","0.00035","0","0","13.56","Humid","35.35","0","78.50","296053.18","SABD0002000014","AAV2.0.0.13","3.0.1.1413","PSt7-10","180509-002","6/18/2019 6:15:17 AM","0000-00","0","no battery","V"
"07/13/2019","06:35:10","9","default","116269760","OXY_CH9","28.206","min","267.559","μmol/L","Humid","19.949","deg","104183","µV","20.193","°C","1013.000","hPa","36.5","pmil","0","55.690","deg","20.000","°C","100.000","%a.s.","22.400","deg","20.000","°C","962.000","hPa","0.861","-0.02617","0.00035","0","0","13.56","Humid","35.35","0","78.50","296058.82","SABD0002000014","AAV2.0.0.13","3.0.1.1413","PSt7-10","180509-002","6/18/2019 6:15:17 AM","0000-00","0","no battery","V"
"07/13/2019","06:35:11","9","default","116269760","OXY_CH9","28.222","min","267.585","μmol/L","Humid","19.946","deg","104165","µV","20.199","°C","1013.000","hPa","36.5","pmil","0","55.690","deg","20.000","°C","100.000","%a.s.","22.400","deg","20.000","°C","962.000","hPa","0.861","-0.02617","0.00035","0","0","13.56","Humid","35.35","0","78.50","296044.85","SABD0002000014","AAV2.0.0.13","3.0.1.1413","PSt7-10","180509-002","6/18/2019 6:15:17 AM","0000-00","0","no battery","V"
"07/13/2019","06:35:12","9","default","116269760","OXY_CH9","28.239","min","267.777","μmol/L","Humid","19.942","deg","104163","µV","20.187","°C","1013.000","hPa","36.5","pmil","0","55.690","deg","20.000","°C","100.000","%a.s.","22.400","deg","20.000","°C","962.000","hPa","0.861","-0.02617","0.00035","0","0","13.56","Humid","35.35","0","78.50","296037.99","SABD0002000014","AAV2.0.0.13","3.0.1.1413","PSt7-10","180509-002","6/18/2019 6:15:17 AM","0000-00","0","no battery","V"
"07/13/2019","06:35:13","9","default","116269760","OXY_CH9","28.255","min","267.657","μmol/L","Humid","19.945","deg","104155","µV","20.193","°C","1013.000","hPa","36.5","pmil","0","55.690","deg","20.000","°C","100.000","%a.s.","22.400","deg","20.000","°C","962.000","hPa","0.861","-0.02617","0.00035","0","0","13.56","Humid","35.35","0","78.50","296042.92","SABD0002000014","AAV2.0.0.13","3.0.1.1413","PSt7-10","180509-002","6/18/2019 6:15:17 AM","0000-00","0","no battery","V"
"07/13/2019","06:35:14","9","default","116269760","OXY_CH9","28.272","min","267.755","μmol/L","Humid","19.939","deg","104138","µV","20.199","°C","1013.000","hPa","36.5","pmil","0","55.690","deg","20.000","°C","100.000","%a.s.","22.400","deg","20.000","°C","962.000","hPa","0.861","-0.02617","0.00035","0","0","13.56","Humid","35.35","0","78.50","296068.13","SABD0002000014","AAV2.0.0.13","3.0.1.1413","PSt7-10","180509-002","6/18/2019 6:15:17 AM","0000-00","0","no battery","V"
"07/13/2019","06:35:15","9","default","116269760","OXY_CH9","28.289","min","267.707","μmol/L","Humid","19.941","deg","104132","µV","20.199","°C","1013.000","hPa","36.5","pmil","0","55.690","deg","20.000","°C","100.000","%a.s.","22.400","deg","20.000","°C","962.000","hPa","0.861","-0.02617","0.00035","0","0","13.56","Humid","35.35","0","78.50","296046.24","SABD0002000014","AAV2.0.0.13","3.0.1.1413","PSt7-10","180509-002","6/18/2019 6:15:17 AM","0000-00","0","no battery","V"
"07/13/2019","06:35:16","9","default","116269760","OXY_CH9","28.305","min","267.851","μmol/L","Humid","19.937","deg","104126","µV","20.193","°C","1013.000","hPa","36.5","pmil","0","55.690","deg","20.000","°C","100.000","%a.s.","22.400","deg","20.000","°C","962.000","hPa","0.861","-0.02617","0.00035","0","0","13.56","Humid","35.35","0","78.50","296046.91","SABD0002000014","AAV2.0.0.13","3.0.1.1413","PSt7-10","180509-002","6/18/2019 6:15:17 AM","0000-00","0","no battery","V"
"07/13/2019","06:35:17","9","default","116269760","OXY_CH9","28.322","min","267.755","μmol/L","Humid","19.939","deg","104119","µV","20.199","°C","1013.000","hPa","36.5","pmil","0","55.690","deg","20.000","°C","100.000","%a.s.","22.400","deg","20.000","°C","962.000","hPa","0.861","-0.02617","0.00035","0","0","13.56","Humid","35.35","0","78.50","296051.04","SABD0002000014","AAV2.0.0.13","3.0.1.1413","PSt7-10","180509-002","6/18/2019 6:15:17 AM","0000-00","0","no battery","V"
"07/13/2019","06:35:18","9","default","116269760","OXY_CH9","28.339","min","267.755","μmol/L","Humid","19.939","deg","104114","µV","20.199","°C","1013.000","hPa","36.5","pmil","0","55.690","deg","20.000","°C","100.000","%a.s.","22.400","deg","20.000","°C","962.000","hPa","0.861","-0.02617","0.00035","0","0","13.56","Humid","35.35","0","78.50","296034.66","SABD0002000014","AAV2.0.0.13","3.0.1.1413","PSt7-10","180509-002","6/18/2019 6:15:17 AM","0000-00","0","no battery","V"
"07/13/2019","06:35:19","9","default","116269760","OXY_CH9","28.356","min","267.900","μmol/L","Humid","19.935","deg","104104","µV","20.193","°C","1013.000","hPa","36.5","pmil","0","55.690","deg","20.000","°C","100.000","%a.s.","22.400","deg","20.000","°C","962.000","hPa","0.861","-0.02617","0.00035","0","0","13.56","Humid","35.35","0","78.50","296053.92","SABD0002000014","AAV2.0.0.13","3.0.1.1413","PSt7-10","180509-002","6/18/2019 6:15:17 AM","0000-00","0","no battery","V"
"07/13/2019","06:35:20","9","default","116269760","OXY_CH9","28.372","min","267.899","μmol/L","Humid","19.937","deg","104095","µV","20.187","°C","1013.000","hPa","36.5","pmil","0","55.690","deg","20.000","°C","100.000","%a.s.","22.400","deg","20.000","°C","962.000","hPa","0.861","-0.02617","0.00035","0","0","13.56","Humid","35.35","0","78.50","296049.24","SABD0002000014","AAV2.0.0.13","3.0.1.1413","PSt7-10","180509-002","6/18/2019 6:15:17 AM","0000-00","0","no battery","V"
"07/13/2019","06:35:21","9","default","116269760","OXY_CH9","28.389","min","268.045","μmol/L","Humid","19.931","deg","104094","µV","20.187","°C","1013.000","hPa","36.5","pmil","0","55.690","deg","20.000","°C","100.000","%a.s.","22.400","deg","20.000","°C","962.000","hPa","0.861","-0.02617","0.00035","0","0","13.56","Humid","35.35","0","78.50","296064.33","SABD0002000014","AAV2.0.0.13","3.0.1.1413","PSt7-10","180509-002","6/18/2019 6:15:17 AM","0000-00","0","no battery","V"
"07/13/2019","06:35:22","9","default","116269760","OXY_CH9","28.405","min","267.973","μmol/L","Humid","19.932","deg","104078","µV","20.193","°C","1013.000","hPa","36.5","pmil","0","55.690","deg","20.000","°C","100.000","%a.s.","22.400","deg","20.000","°C","962.000","hPa","0.861","-0.02617","0.00035","0","0","13.56","Humid","35.35","0","78.50","296049.25","SABD0002000014","AAV2.0.0.13","3.0.1.1413","PSt7-10","180509-002","6/18/2019 6:15:17 AM","0000-00","0","no battery","V"
"07/13/2019","06:35:23","9","default","116269760","OXY_CH9","28.422","min","268.021","μmol/L","Humid","19.932","deg","104075","µV","20.187","°C","1013.000","hPa","36.5","pmil","0","55.690","deg","20.000","°C","100.000","%a.s.","22.400","deg","20.000","°C","962.000","hPa","0.861","-0.02617","0.00035","0","0","13.56","Humid","35.35","0","78.50","296048.80","SABD0002000014","AAV2.0.0.13","3.0.1.1413","PSt7-10","180509-002","6/18/2019 6:15:17 AM","0000-00","0","no battery","V"
"07/13/2019","06:35:24","9","default","116269760","OXY_CH9","28.439","min","268.144","μmol/L","Humid","19.925","deg","104055","µV","20.193","°C","1013.000","hPa","36.5","pmil","0","55.690","deg","20.000","°C","100.000","%a.s.","22.400","deg","20.000","°C","962.000","hPa","0.861","-0.02617","0.00035","0","0","13.56","Humid","35.35","0","78.50","296034.91","SABD0002000014","AAV2.0.0.13","3.0.1.1413","PSt7-10","180509-002","6/18/2019 6:15:17 AM","0000-00","0","no battery","V"
"07/13/2019","06:35:25","9","default","116269760","OXY_CH9","28.455","min","268.118","μmol/L","Humid","19.928","deg","104041","µV","20.187","°C","1013.000","hPa","36.5","pmil","0","55.690","deg","20.000","°C","100.000","%a.s.","22.400","deg","20.000","°C","962.000","hPa","0.861","-0.02617","0.00035","0","0","13.56","Humid","35.35","0","78.50","296035.39","SABD0002000014","AAV2.0.0.13","3.0.1.1413","PSt7-10","180509-002","6/18/2019 6:15:17 AM","0000-00","0","no battery","V"
"07/13/2019","06:35:26","9","default","116269760","OXY_CH9","28.472","min","268.193","μmol/L","Humid","19.923","deg","104039","µV","20.193","°C","1013.000","hPa","36.5","pmil","0","55.690","deg","20.000","°C","100.000","%a.s.","22.400","deg","20.000","°C","962.000","hPa","0.861","-0.02617","0.00035","0","0","13.56","Humid","35.35","0","78.50","296041.34","SABD0002000014","AAV2.0.0.13","3.0.1.1413","PSt7-10","180509-002","6/18/2019 6:15:17 AM","0000-00","0","no battery","V"
"07/13/2019","06:35:27","9","default","116269760","OXY_CH9","28.489","min","268.097","μmol/L","Humid","19.925","deg","104030","µV","20.199","°C","1013.000","hPa","36.5","pmil","0","55.690","deg","20.000","°C","100.000","%a.s.","22.400","deg","20.000","°C","962.000","hPa","0.861","-0.02617","0.00035","0","0","13.56","Humid","35.35","0","78.50","296041.19","SABD0002000014","AAV2.0.0.13","3.0.1.1413","PSt7-10","180509-002","6/18/2019 6:15:17 AM","0000-00","0","no battery","V"
"07/13/2019","06:35:28","9","default","116269760","OXY_CH9","28.506","min","268.170","μmol/L","Humid","19.922","deg","104022","µV","20.199","°C","1013.000","hPa","36.5","pmil","0","55.690","deg","20.000","°C","100.000","%a.s.","22.400","deg","20.000","°C","962.000","hPa","0.861","-0.02617","0.00035","0","0","13.56","Humid","35.35","0","78.50","296042.79","SABD0002000014","AAV2.0.0.13","3.0.1.1413","PSt7-10","180509-002","6/18/2019 6:15:17 AM","0000-00","0","no battery","V"
"07/13/2019","06:35:29","9","default","116269760","OXY_CH9","28.522","min","268.195","μmol/L","Humid","19.921","deg","104023","µV","20.199","°C","1013.000","hPa","36.5","pmil","0","55.690","deg","20.000","°C","100.000","%a.s.","22.400","deg","20.000","°C","962.000","hPa","0.861","-0.02617","0.00035","0","0","13.56","Humid","35.35","0","78.50","296046.88","SABD0002000014","AAV2.0.0.13","3.0.1.1413","PSt7-10","180509-002","6/18/2019 6:15:17 AM","0000-00","0","no battery","V"
"07/13/2019","06:35:30","9","default","116269760","OXY_CH9","28.539","min","268.266","μmol/L","Humid","19.920","deg","104010","µV","20.193","°C","1013.000","hPa","36.5","pmil","0","55.690","deg","20.000","°C","100.000","%a.s.","22.400","deg","20.000","°C","962.000","hPa","0.861","-0.02617","0.00035","0","0","13.56","Humid","35.35","0","78.50","296034.29","SABD0002000014","AAV2.0.0.13","3.0.1.1413","PSt7-10","180509-002","6/18/2019 6:15:17 AM","0000-00","0","no battery","V"
"07/13/2019","06:35:31","9","default","116269760","OXY_CH9","28.555","min","268.193","μmol/L","Humid","19.923","deg","104006","µV","20.193","°C","1013.000","hPa","36.5","pmil","0","55.690","deg","20.000","°C","100.000","%a.s.","22.400","deg","20.000","°C","962.000","hPa","0.861","-0.02617","0.00035","0","0","13.56","Humid","35.35","0","78.50","296038.17","SABD0002000014","AAV2.0.0.13","3.0.1.1413","PSt7-10","180509-002","6/18/2019 6:15:17 AM","0000-00","0","no battery","V"
"07/13/2019","06:35:32","9","default","116269760","OXY_CH9","28.572","min","268.219","μmol/L","Humid","19.920","deg","103995","µV","20.199","°C","1013.000","hPa","36.5","pmil","0","55.690","deg","20.000","°C","100.000","%a.s.","22.400","deg","20.000","°C","962.000","hPa","0.861","-0.02617","0.00035","0","0","13.56","Humid","35.35","0","78.50","296033.26","SABD0002000014","AAV2.0.0.13","3.0.1.1413","PSt7-10","180509-002","6/18/2019 6:15:17 AM","0000-00","0","no battery","V"
"07/13/2019","06:35:33","9","default","116269760","OXY_CH9","28.589","min","268.340","μmol/L","Humid","19.917","deg","103982","µV","20.193","°C","1013.000","hPa","36.5","pmil","0","55.690","deg","20.000","°C","100.000","%a.s.","22.400","deg","20.000","°C","962.000","hPa","0.861","-0.02617","0.00035","0","0","13.56","Humid","35.35","0","78.50","296039.86","SABD0002000014","AAV2.0.0.13","3.0.1.1413","PSt7-10","180509-002","6/18/2019 6:15:17 AM","0000-00","0","no battery","V"
"07/13/2019","06:35:34","9","default","116269760","OXY_CH9","28.605","min","268.338","μmol/L","Humid","19.919","deg","103982","µV","20.187","°C","1013.000","hPa","36.5","pmil","0","55.690","deg","20.000","°C","100.000","%a.s.","22.400","deg","20.000","°C","962.000","hPa","0.861","-0.02617","0.00035","0","0","13.56","Humid","35.35","0","78.50","296036.59","SABD0002000014","AAV2.0.0.13","3.0.1.1413","PSt7-10","180509-002","6/18/2019 6:15:17 AM","0000-00","0","no battery","V"
"07/13/2019","06:35:35","9","default","116269760","OXY_CH9","28.622","min","268.390","μmol/L","Humid","19.913","deg","103983","µV","20.199","°C","1013.000","hPa","36.5","pmil","0","55.690","deg","20.000","°C","100.000","%a.s.","22.400","deg","20.000","°C","962.000","hPa","0.861","-0.02617","0.00035","0","0","13.56","Humid","35.35","0","78.50","296050.19","SABD0002000014","AAV2.0.0.13","3.0.1.1413","PSt7-10","180509-002","6/18/2019 6:15:17 AM","0000-00","0","no battery","V"
"07/13/2019","06:35:36","9","default","116269760","OXY_CH9","28.639","min","268.317","μmol/L","Humid","19.916","deg","103959","µV","20.199","°C","1013.000","hPa","36.5","pmil","0","55.690","deg","20.000","°C","100.000","%a.s.","22.400","deg","20.000","°C","962.000","hPa","0.861","-0.02617","0.00035","0","0","13.56","Humid","35.35","0","78.50","296026.42","SABD0002000014","AAV2.0.0.13","3.0.1.1413","PSt7-10","180509-002","6/18/2019 6:15:17 AM","0000-00","0","no battery","V"
"07/13/2019","06:35:37","9","default","116269760","OXY_CH9","28.656","min","268.414","μmol/L","Humid","19.912","deg","103957","µV","20.199","°C","1013.000","hPa","36.5","pmil","0","55.690","deg","20.000","°C","100.000","%a.s.","22.400","deg","20.000","°C","962.000","hPa","0.861","-0.02617","0.00035","0","0","13.56","Humid","35.35","0","78.50","296035.58","SABD0002000014","AAV2.0.0.13","3.0.1.1413","PSt7-10","180509-002","6/18/2019 6:15:17 AM","0000-00","0","no battery","V"
"07/13/2019","06:35:38","9","default","116269760","OXY_CH9","28.672","min","268.486","μmol/L","Humid","19.911","deg","103943","µV","20.193","°C","1013.000","hPa","36.5","pmil","0","55.690","deg","20.000","°C","100.000","%a.s.","22.400","deg","20.000","°C","962.000","hPa","0.861","-0.02617","0.00035","0","0","13.56","Humid","35.35","0","78.50","296027.67","SABD0002000014","AAV2.0.0.13","3.0.1.1413","PSt7-10","180509-002","6/18/2019 6:15:17 AM","0000-00","0","no battery","V"
"07/13/2019","06:35:39","9","default","116269760","OXY_CH9","28.689","min","268.462","μmol/L","Humid","19.912","deg","103945","µV","20.193","°C","1013.000","hPa","36.5","pmil","0","55.690","deg","20.000","°C","100.000","%a.s.","22.400","deg","20.000","°C","962.000","hPa","0.861","-0.02617","0.00035","0","0","13.56","Humid","35.35","0","78.50","296031.77","SABD0002000014","AAV2.0.0.13","3.0.1.1413","PSt7-10","180509-002","6/18/2019 6:15:17 AM","0000-00","0","no battery","V"
"07/13/2019","06:35:40","9","default","116269760","OXY_CH9","28.706","min","268.609","μmol/L","Humid","19.906","deg","103937","µV","20.193","°C","1013.000","hPa","36.5","pmil","0","55.690","deg","20.000","°C","100.000","%a.s.","22.400","deg","20.000","°C","962.000","hPa","0.861","-0.02617","0.00035","0","0","13.56","Humid","35.35","0","78.50","296030.43","SABD0002000014","AAV2.0.0.13","3.0.1.1413","PSt7-10","180509-002","6/18/2019 6:15:17 AM","0000-00","0","no battery","V"
"07/13/2019","06:35:41","9","default","116269760","OXY_CH9","28.723","min","268.609","μmol/L","Humid","19.906","deg","103915","µV","20.193","°C","1013.000","hPa","36.5","pmil","0","55.690","deg","20.000","°C","100.000","%a.s.","22.400","deg","20.000","°C","962.000","hPa","0.861","-0.02617","0.00035","0","0","13.56","Humid","35.35","0","78.50","296021.60","SABD0002000014","AAV2.0.0.13","3.0.1.1413","PSt7-10","180509-002","6/18/2019 6:15:17 AM","0000-00","0","no battery","V"
"07/13/2019","06:35:42","9","default","116269760","OXY_CH9","28.739","min","268.488","μmol/L","Humid","19.909","deg","103919","µV","20.199","°C","1013.000","hPa","36.5","pmil","0","55.690","deg","20.000","°C","100.000","%a.s.","22.400","deg","20.000","°C","962.000","hPa","0.861","-0.02617","0.00035","0","0","13.56","Humid","35.35","0","78.50","296021.86","SABD0002000014","AAV2.0.0.13","3.0.1.1413","PSt7-10","180509-002","6/18/2019 6:15:17 AM","0000-00","0","no battery","V"
"07/13/2019","06:35:43","9","default","116269760","OXY_CH9","28.756","min","268.607","μmol/L","Humid","19.908","deg","103915","µV","20.187","°C","1013.000","hPa","36.5","pmil","0","55.690","deg","20.000","°C","100.000","%a.s.","22.400","deg","20.000","°C","962.000","hPa","0.861","-0.02617","0.00035","0","0","13.56","Humid","35.35","0","78.50","296021.20","SABD0002000014","AAV2.0.0.13","3.0.1.1413","PSt7-10","180509-002","6/18/2019 6:15:17 AM","0000-00","0","no battery","V"
"07/13/2019","06:35:44","9","default","116269760","OXY_CH9","28.772","min","268.682","μmol/L","Humid","19.903","deg","103908","µV","20.193","°C","1013.000","hPa","36.5","pmil","0","55.690","deg","20.000","°C","100.000","%a.s.","22.400","deg","20.000","°C","962.000","hPa","0.861","-0.02617","0.00035","0","0","13.56","Humid","35.35","0","78.50","296028.08","SABD0002000014","AAV2.0.0.13","3.0.1.1413","PSt7-10","180509-002","6/18/2019 6:15:17 AM","0000-00","0","no battery","V"
"07/13/2019","06:35:45","9","default","116269760","OXY_CH9","28.789","min","268.682","μmol/L","Humid","19.903","deg","103901","µV","20.193","°C","1013.000","hPa","36.5","pmil","0","55.690","deg","20.000","°C","100.000","%a.s.","22.400","deg","20.000","°C","962.000","hPa","0.861","-0.02617","0.00035","0","0","13.56","Humid","35.35","0","78.50","296036.70","SABD0002000014","AAV2.0.0.13","3.0.1.1413","PSt7-10","180509-002","6/18/2019 6:15:17 AM","0000-00","0","no battery","V"
"07/13/2019","06:35:46","9","default","116269760","OXY_CH9","28.806","min","268.659","μmol/L","Humid","19.902","deg","103885","µV","20.199","°C","1013.000","hPa","36.5","pmil","0","55.690","deg","20.000","°C","100.000","%a.s.","22.400","deg","20.000","°C","962.000","hPa","0.861","-0.02617","0.00035","0","0","13.56","Humid","35.35","0","78.50","296022.72","SABD0002000014","AAV2.0.0.13","3.0.1.1413","PSt7-10","180509-002","6/18/2019 6:15:17 AM","0000-00","0","no battery","V"
"07/13/2019","06:35:47","9","default","116269760","OXY_CH9","28.823","min","268.731","μmol/L","Humid","19.901","deg","103882","µV","20.193","°C","1013.000","hPa","36.5","pmil","0","55.690","deg","20.000","°C","100.000","%a.s.","22.400","deg","20.000","°C","962.000","hPa","0.861","-0.02617","0.00035","0","0","13.56","Humid","35.35","0","78.50","296020.02","SABD0002000014","AAV2.0.0.13","3.0.1.1413","PSt7-10","180509-002","6/18/2019 6:15:17 AM","0000-00","0","no battery","V"
"07/13/2019","06:35:48","9","default","116269760","OXY_CH9","28.839","min","268.780","μmol/L","Humid","19.899","deg","103874","µV","20.193","°C","1013.000","hPa","36.5","pmil","0","55.690","deg","20.000","°C","100.000","%a.s.","22.400","deg","20.000","°C","962.000","hPa","0.861","-0.02617","0.00035","0","0","13.56","Humid","35.35","0","78.50","296013.60","SABD0002000014","AAV2.0.0.13","3.0.1.1413","PSt7-10","180509-002","6/18/2019 6:15:17 AM","0000-00","0","no battery","V"
"07/13/2019","06:35:49","9","default","116269760","OXY_CH9","28.856","min","268.828","μmol/L","Humid","19.899","deg","103871","µV","20.187","°C","1013.000","hPa","36.5","pmil","0","55.690","deg","20.000","°C","100.000","%a.s.","22.400","deg","20.000","°C","962.000","hPa","0.861","-0.02617","0.00035","0","0","13.56","Humid","35.35","0","78.50","296017.53","SABD0002000014","AAV2.0.0.13","3.0.1.1413","PSt7-10","180509-002","6/18/2019 6:15:17 AM","0000-00","0","no battery","V"
"07/13/2019","06:35:50","9","default","116269760","OXY_CH9","28.872","min","268.927","μmol/L","Humid","19.893","deg","103858","µV","20.193","°C","1013.000","hPa","36.5","pmil","0","55.690","deg","20.000","°C","100.000","%a.s.","22.400","deg","20.000","°C","962.000","hPa","0.861","-0.02617","0.00035","0","0","13.56","Humid","35.35","0","78.50","296024.15","SABD0002000014","AAV2.0.0.13","3.0.1.1413","PSt7-10","180509-002","6/18/2019 6:15:17 AM","0000-00","0","no battery","V"
"07/13/2019","06:35:51","9","default","116269760","OXY_CH9","28.889","min","268.829","μmol/L","Humid","19.897","deg","103845","µV","20.193","°C","1013.000","hPa","36.5","pmil","0","55.690","deg","20.000","°C","100.000","%a.s.","22.400","deg","20.000","°C","962.000","hPa","0.861","-0.02617","0.00035","0","0","13.56","Humid","35.35","0","78.50","296034.16","SABD0002000014","AAV2.0.0.13","3.0.1.1413","PSt7-10","180509-002","6/18/2019 6:15:17 AM","0000-00","0","no battery","V"
"07/13/2019","06:35:52","9","default","116269760","OXY_CH9","28.905","min","268.952","μmol/L","Humid","19.892","deg","103843","µV","20.193","°C","1013.000","hPa","36.5","pmil","0","55.690","deg","20.000","°C","100.000","%a.s.","22.400","deg","20.000","°C","962.000","hPa","0.861","-0.02617","0.00035","0","0","13.56","Humid","35.35","0","78.50","296030.89","SABD0002000014","AAV2.0.0.13","3.0.1.1413","PSt7-10","180509-002","6/18/2019 6:15:17 AM","0000-00","0","no battery","V"
"07/13/2019","06:35:53","9","default","116269760","OXY_CH9","28.923","min","268.854","μmol/L","Humid","19.896","deg","103838","µV","20.193","°C","1013.000","hPa","36.5","pmil","0","55.690","deg","20.000","°C","100.000","%a.s.","22.400","deg","20.000","°C","962.000","hPa","0.861","-0.02617","0.00035","0","0","13.56","Humid","35.35","0","78.50","296034.09","SABD0002000014","AAV2.0.0.13","3.0.1.1413","PSt7-10","180509-002","6/18/2019 6:15:17 AM","0000-00","0","no battery","V"
"07/13/2019","06:35:54","9","default","116269760","OXY_CH9","28.939","min","268.976","μmol/L","Humid","19.891","deg","103828","µV","20.193","°C","1013.000","hPa","36.5","pmil","0","55.690","deg","20.000","°C","100.000","%a.s.","22.400","deg","20.000","°C","962.000","hPa","0.861","-0.02617","0.00035","0","0","13.56","Humid","35.35","0","78.50","296030.86","SABD0002000014","AAV2.0.0.13","3.0.1.1413","PSt7-10","180509-002","6/18/2019 6:15:17 AM","0000-00","0","no battery","V"
"07/13/2019","06:35:55","9","default","116269760","OXY_CH9","28.956","min","268.903","μmol/L","Humid","19.894","deg","103822","µV","20.193","°C","1013.000","hPa","36.5","pmil","0","55.690","deg","20.000","°C","100.000","%a.s.","22.400","deg","20.000","°C","962.000","hPa","0.861","-0.02617","0.00035","0","0","13.56","Humid","35.35","0","78.50","296033.19","SABD0002000014","AAV2.0.0.13","3.0.1.1413","PSt7-10","180509-002","6/18/2019 6:15:17 AM","0000-00","0","no battery","V"
"07/13/2019","06:35:56","9","default","116269760","OXY_CH9","28.972","min","269.050","μmol/L","Humid","19.888","deg","103802","µV","20.193","°C","1013.000","hPa","36.5","pmil","0","55.690","deg","20.000","°C","100.000","%a.s.","22.400","deg","20.000","°C","962.000","hPa","0.861","-0.02617","0.00035","0","0","13.56","Humid","35.35","0","78.50","296029.31","SABD0002000014","AAV2.0.0.13","3.0.1.1413","PSt7-10","180509-002","6/18/2019 6:15:17 AM","0000-00","0","no battery","V"
"07/13/2019","06:35:57","9","default","116269760","OXY_CH9","28.989","min","268.952","μmol/L","Humid","19.892","deg","103802","µV","20.193","°C","1013.000","hPa","36.5","pmil","0","55.690","deg","20.000","°C","100.000","%a.s.","22.400","deg","20.000","°C","962.000","hPa","0.861","-0.02617","0.00035","0","0","13.56","Humid","35.35","0","78.50","296035.44","SABD0002000014","AAV2.0.0.13","3.0.1.1413","PSt7-10","180509-002","6/18/2019 6:15:17 AM","0000-00","0","no battery","V"
"07/13/2019","06:35:58","9","default","116269760","OXY_CH9","29.006","min","269.050","μmol/L","Humid","19.888","deg","103790","µV","20.193","°C","1013.000","hPa","36.5","pmil","0","55.690","deg","20.000","°C","100.000","%a.s.","22.400","deg","20.000","°C","962.000","hPa","0.861","-0.02617","0.00035","0","0","13.56","Humid","35.35","0","78.50","296032.03","SABD0002000014","AAV2.0.0.13","3.0.1.1413","PSt7-10","180509-002","6/18/2019 6:15:17 AM","0000-00","0","no battery","V"
"07/13/2019","06:35:59","9","default","116269760","OXY_CH9","29.022","min","269.051","μmol/L","Humid","19.886","deg","103779","µV","20.199","°C","1013.000","hPa","36.5","pmil","0","55.690","deg","20.000","°C","100.000","%a.s.","22.400","deg","20.000","°C","962.000","hPa","0.861","-0.02617","0.00035","0","0","13.56","Humid","35.35","0","78.50","296021.28","SABD0002000014","AAV2.0.0.13","3.0.1.1413","PSt7-10","180509-002","6/18/2019 6:15:17 AM","0000-00","0","no battery","V"
"07/13/2019","06:36:00","9","default","116269760","OXY_CH9","29.039","min","269.198","μmol/L","Humid","19.880","deg","103780","µV","20.199","°C","1013.000","hPa","36.5","pmil","0","55.690","deg","20.000","°C","100.000","%a.s.","22.400","deg","20.000","°C","962.000","hPa","0.861","-0.02617","0.00035","0","0","13.56","Humid","35.35","0","78.50","296030.16","SABD0002000014","AAV2.0.0.13","3.0.1.1413","PSt7-10","180509-002","6/18/2019 6:15:17 AM","0000-00","0","no battery","V"
"07/13/2019","06:36:01","9","default","116269760","OXY_CH9","29.056","min","269.244","μmol/L","Humid","19.882","deg","103768","µV","20.187","°C","1013.000","hPa","36.5","pmil","0","55.690","deg","20.000","°C","100.000","%a.s.","22.400","deg","20.000","°C","962.000","hPa","0.861","-0.02617","0.00035","0","0","13.56","Humid","35.35","0","78.50","296037.63","SABD0002000014","AAV2.0.0.13","3.0.1.1413","PSt7-10","180509-002","6/18/2019 6:15:17 AM","0000-00","0","no battery","V"
"07/13/2019","06:36:02","9","default","116269760","OXY_CH9","29.072","min","269.223","μmol/L","Humid","19.879","deg","103752","µV","20.199","°C","1013.000","hPa","36.5","pmil","0","55.690","deg","20.000","°C","100.000","%a.s.","22.400","deg","20.000","°C","962.000","hPa","0.861","-0.02617","0.00035","0","0","13.56","Humid","35.35","0","78.50","296032.14","SABD0002000014","AAV2.0.0.13","3.0.1.1413","PSt7-10","180509-002","6/18/2019 6:15:17 AM","0000-00","0","no battery","V"
"07/13/2019","06:36:03","9","default","116269760","OXY_CH9","29.089","min","269.272","μmol/L","Humid","19.877","deg","103753","µV","20.199","°C","1013.000","hPa","36.5","pmil","0","55.690","deg","20.000","°C","100.000","%a.s.","22.400","deg","20.000","°C","962.000","hPa","0.861","-0.02617","0.00035","0","0","13.56","Humid","35.35","0","78.50","296037.80","SABD0002000014","AAV2.0.0.13","3.0.1.1413","PSt7-10","180509-002","6/18/2019 6:15:17 AM","0000-00","0","no battery","V"
"07/13/2019","06:36:04","9","default","116269760","OXY_CH9","29.106","min","269.320","μmol/L","Humid","19.877","deg","103734","µV","20.193","°C","1013.000","hPa","36.5","pmil","0","55.690","deg","20.000","°C","100.000","%a.s.","22.400","deg","20.000","°C","962.000","hPa","0.861","-0.02617","0.00035","0","0","13.56","Humid","35.35","0","78.50","296032.19","SABD0002000014","AAV2.0.0.13","3.0.1.1413","PSt7-10","180509-002","6/18/2019 6:15:17 AM","0000-00","0","no battery","V"
"07/13/2019","06:36:05","9","default","116269760","OXY_CH9","29.122","min","269.392","μmol/L","Humid","19.876","deg","103736","µV","20.187","°C","1013.000","hPa","36.5","pmil","0","55.690","deg","20.000","°C","100.000","%a.s.","22.400","deg","20.000","°C","962.000","hPa","0.861","-0.02617","0.00035","0","0","13.56","Humid","35.35","0","78.50","296015.83","SABD0002000014","AAV2.0.0.13","3.0.1.1413","PSt7-10","180509-002","6/18/2019 6:15:17 AM","0000-00","0","no battery","V"
"07/13/2019","06:36:06","9","default","116269760","OXY_CH9","29.139","min","269.295","μmol/L","Humid","19.878","deg","103729","µV","20.193","°C","1013.000","hPa","36.5","pmil","0","55.690","deg","20.000","°C","100.000","%a.s.","22.400","deg","20.000","°C","962.000","hPa","0.861","-0.02617","0.00035","0","0","13.56","Humid","35.35","0","78.50","296032.62","SABD0002000014","AAV2.0.0.13","3.0.1.1413","PSt7-10","180509-002","6/18/2019 6:15:17 AM","0000-00","0","no battery","V"
"07/13/2019","06:36:07","9","default","116269760","OXY_CH9","29.156","min","269.369","μmol/L","Humid","19.875","deg","103714","µV","20.193","°C","1013.000","hPa","36.5","pmil","0","55.690","deg","20.000","°C","100.000","%a.s.","22.400","deg","20.000","°C","962.000","hPa","0.861","-0.02617","0.00035","0","0","13.56","Humid","35.35","0","78.50","296030.02","SABD0002000014","AAV2.0.0.13","3.0.1.1413","PSt7-10","180509-002","6/18/2019 6:15:17 AM","0000-00","0","no battery","V"
"07/13/2019","06:36:08","9","default","116269760","OXY_CH9","29.172","min","269.344","μmol/L","Humid","19.876","deg","103700","µV","20.193","°C","1013.000","hPa","36.5","pmil","0","55.690","deg","20.000","°C","100.000","%a.s.","22.400","deg","20.000","°C","962.000","hPa","0.861","-0.02617","0.00035","0","0","13.56","Humid","35.35","0","78.50","296011.73","SABD0002000014","AAV2.0.0.13","3.0.1.1413","PSt7-10","180509-002","6/18/2019 6:15:17 AM","0000-00","0","no battery","V"
"07/13/2019","06:36:09","9","default","116269760","OXY_CH9","29.189","min","269.465","μmol/L","Humid","19.873","deg","103702","µV","20.187","°C","1013.000","hPa","36.5","pmil","0","55.690","deg","20.000","°C","100.000","%a.s.","22.400","deg","20.000","°C","962.000","hPa","0.861","-0.02617","0.00035","0","0","13.56","Humid","35.35","0","78.50","296014.08","SABD0002000014","AAV2.0.0.13","3.0.1.1413","PSt7-10","180509-002","6/18/2019 6:15:17 AM","0000-00","0","no battery","V"
"07/13/2019","06:36:10","9","default","116269760","OXY_CH9","29.206","min","269.418","μmol/L","Humid","19.873","deg","103696","µV","20.193","°C","1013.000","hPa","36.5","pmil","0","55.690","deg","20.000","°C","100.000","%a.s.","22.400","deg","20.000","°C","962.000","hPa","0.861","-0.02617","0.00035","0","0","13.56","Humid","35.35","0","78.50","296023.81","SABD0002000014","AAV2.0.0.13","3.0.1.1413","PSt7-10","180509-002","6/18/2019 6:15:17 AM","0000-00","0","no battery","V"
"07/13/2019","06:36:11","9","default","116269760","OXY_CH9","29.223","min","269.516","μmol/L","Humid","19.869","deg","103682","µV","20.193","°C","1013.000","hPa","36.5","pmil","0","55.690","deg","20.000","°C","100.000","%a.s.","22.400","deg","20.000","°C","962.000","hPa","0.861","-0.02617","0.00035","0","0","13.56","Humid","35.35","0","78.50","296025.18","SABD0002000014","AAV2.0.0.13","3.0.1.1413","PSt7-10","180509-002","6/18/2019 6:15:17 AM","0000-00","0","no battery","V"
"07/13/2019","06:36:12","9","default","116269760","OXY_CH9","29.239","min","269.638","μmol/L","Humid","19.866","deg","103662","µV","20.187","°C","1013.000","hPa","36.5","pmil","0","55.690","deg","20.000","°C","100.000","%a.s.","22.400","deg","20.000","°C","962.000","hPa","0.861","-0.02617","0.00035","0","0","13.56","Humid","35.35","0","78.50","296022.66","SABD0002000014","AAV2.0.0.13","3.0.1.1413","PSt7-10","180509-002","6/18/2019 6:15:17 AM","0000-00","0","no battery","V"
"07/13/2019","06:36:13","9","default","116269760","OXY_CH9","29.256","min","269.516","μmol/L","Humid","19.869","deg","103665","µV","20.193","°C","1013.000","hPa","36.5","pmil","0","55.690","deg","20.000","°C","100.000","%a.s.","22.400","deg","20.000","°C","962.000","hPa","0.861","-0.02617","0.00035","0","0","13.56","Humid","35.35","0","78.50","296020.02","SABD0002000014","AAV2.0.0.13","3.0.1.1413","PSt7-10","180509-002","6/18/2019 6:15:17 AM","0000-00","0","no battery","V"
"07/13/2019","06:36:14","9","default","116269760","OXY_CH9","29.272","min","269.662","μmol/L","Humid","19.865","deg","103652","µV","20.187","°C","1013.000","hPa","36.5","pmil","0","55.690","deg","20.000","°C","100.000","%a.s.","22.400","deg","20.000","°C","962.000","hPa","0.861","-0.02617","0.00035","0","0","13.56","Humid","35.35","0","78.50","296008.94","SABD0002000014","AAV2.0.0.13","3.0.1.1413","PSt7-10","180509-002","6/18/2019 6:15:17 AM","0000-00","0","no battery","V"
"07/13/2019","06:36:15","9","default","116269760","OXY_CH9","29.289","min","269.785","μmol/L","Humid","19.860","deg","103650","µV","20.187","°C","1013.000","hPa","36.5","pmil","0","55.690","deg","20.000","°C","100.000","%a.s.","22.400","deg","20.000","°C","962.000","hPa","0.861","-0.02617","0.00035","0","0","13.56","Humid","35.35","0","78.50","296024.60","SABD0002000014","AAV2.0.0.13","3.0.1.1413","PSt7-10","180509-002","6/18/2019 6:15:17 AM","0000-00","0","no battery","V"
"07/13/2019","06:36:16","9","default","116269760","OXY_CH9","29.306","min","269.737","μmol/L","Humid","19.860","deg","103632","µV","20.193","°C","1013.000","hPa","36.5","pmil","0","55.690","deg","20.000","°C","100.000","%a.s.","22.400","deg","20.000","°C","962.000","hPa","0.861","-0.02617","0.00035","0","0","13.56","Humid","35.35","0","78.50","296018.43","SABD0002000014","AAV2.0.0.13","3.0.1.1413","PSt7-10","180509-002","6/18/2019 6:15:17 AM","0000-00","0","no battery","V"
"07/13/2019","06:36:17","9","default","116269760","OXY_CH9","29.322","min","269.591","μmol/L","Humid","19.864","deg","103624","µV","20.199","°C","1013.000","hPa","36.5","pmil","0","55.690","deg","20.000","°C","100.000","%a.s.","22.400","deg","20.000","°C","962.000","hPa","0.861","-0.02617","0.00035","0","0","13.56","Humid","35.35","0","78.50","296001.18","SABD0002000014","AAV2.0.0.13","3.0.1.1413","PSt7-10","180509-002","6/18/2019 6:15:17 AM","0000-00","0","no battery","V"
"07/13/2019","06:36:18","9","default","116269760","OXY_CH9","29.339","min","269.665","μmol/L","Humid","19.861","deg","103619","µV","20.199","°C","1013.000","hPa","36.5","pmil","0","55.690","deg","20.000","°C","100.000","%a.s.","22.400","deg","20.000","°C","962.000","hPa","0.861","-0.02617","0.00035","0","0","13.56","Humid","35.35","0","78.50","296019.20","SABD0002000014","AAV2.0.0.13","3.0.1.1413","PSt7-10","180509-002","6/18/2019 6:15:17 AM","0000-00","0","no battery","V"
"07/13/2019","06:36:19","9","default","116269760","OXY_CH9","29.355","min","269.910","μmol/L","Humid","19.853","deg","103605","µV","20.193","°C","1013.000","hPa","36.5","pmil","0","55.690","deg","20.000","°C","100.000","%a.s.","22.400","deg","20.000","°C","962.000","hPa","0.861","-0.02617","0.00035","0","0","13.56","Humid","35.35","0","78.50","296022.51","SABD0002000014","AAV2.0.0.13","3.0.1.1413","PSt7-10","180509-002","6/18/2019 6:15:17 AM","0000-00","0","no battery","V"
"07/13/2019","06:36:20","9","default","116269760","OXY_CH9","29.373","min","269.787","μmol/L","Humid","19.858","deg","103608","µV","20.193","°C","1013.000","hPa","36.5","pmil","0","55.690","deg","20.000","°C","100.000","%a.s.","22.400","deg","20.000","°C","962.000","hPa","0.861","-0.02617","0.00035","0","0","13.56","Humid","35.35","0","78.50","296019.78","SABD0002000014","AAV2.0.0.13","3.0.1.1413","PSt7-10","180509-002","6/18/2019 6:15:17 AM","0000-00","0","no battery","V"
"07/13/2019","06:36:21","9","default","116269760","OXY_CH9","29.389","min","269.737","μmol/L","Humid","19.860","deg","103596","µV","20.193","°C","1013.000","hPa","36.5","pmil","0","55.690","deg","20.000","°C","100.000","%a.s.","22.400","deg","20.000","°C","962.000","hPa","0.861","-0.02617","0.00035","0","0","13.56","Humid","35.35","0","78.50","296017.45","SABD0002000014","AAV2.0.0.13","3.0.1.1413","PSt7-10","180509-002","6/18/2019 6:15:17 AM","0000-00","0","no battery","V"
"07/13/2019","06:36:22","9","default","116269760","OXY_CH9","29.406","min","269.934","μmol/L","Humid","19.852","deg","103595","µV","20.193","°C","1013.000","hPa","36.5","pmil","0","55.690","deg","20.000","°C","100.000","%a.s.","22.400","deg","20.000","°C","962.000","hPa","0.861","-0.02617","0.00035","0","0","13.56","Humid","35.35","0","78.50","296027.12","SABD0002000014","AAV2.0.0.13","3.0.1.1413","PSt7-10","180509-002","6/18/2019 6:15:17 AM","0000-00","0","no battery","V"
"07/13/2019","06:36:23","9","default","116269760","OXY_CH9","29.422","min","269.934","μmol/L","Humid","19.852","deg","103578","µV","20.193","°C","1013.000","hPa","36.5","pmil","0","55.690","deg","20.000","°C","100.000","%a.s.","22.400","deg","20.000","°C","962.000","hPa","0.861","-0.02617","0.00035","0","0","13.56","Humid","35.35","0","78.50","296013.37","SABD0002000014","AAV2.0.0.13","3.0.1.1413","PSt7-10","180509-002","6/18/2019 6:15:17 AM","0000-00","0","no battery","V"
"07/13/2019","06:36:24","9","default","116269760","OXY_CH9","29.439","min","269.961","μmol/L","Humid","19.849","deg","103576","µV","20.199","°C","1013.000","hPa","36.5","pmil","0","55.690","deg","20.000","°C","100.000","%a.s.","22.400","deg","20.000","°C","962.000","hPa","0.861","-0.02617","0.00035","0","0","13.56","Humid","35.35","0","78.50","296018.12","SABD0002000014","AAV2.0.0.13","3.0.1.1413","PSt7-10","180509-002","6/18/2019 6:15:17 AM","0000-00","0","no battery","V"
"07/13/2019","06:36:25","9","default","116269760","OXY_CH9","29.456","min","270.031","μmol/L","Humid","19.850","deg","103559","µV","20.187","°C","1013.000","hPa","36.5","pmil","0","55.690","deg","20.000","°C","100.000","%a.s.","22.400","deg","20.000","°C","962.000","hPa","0.861","-0.02617","0.00035","0","0","13.56","Humid","35.35","0","78.50","296012.31","SABD0002000014","AAV2.0.0.13","3.0.1.1413","PSt7-10","180509-002","6/18/2019 6:15:17 AM","0000-00","0","no battery","V"
"07/13/2019","06:36:26","9","default","116269760","OXY_CH9","29.472","min","269.984","μmol/L","Humid","19.850","deg","103547","µV","20.193","°C","1013.000","hPa","36.5","pmil","0","55.690","deg","20.000","°C","100.000","%a.s.","22.400","deg","20.000","°C","962.000","hPa","0.861","-0.02617","0.00035","0","0","13.56","Humid","35.35","0","78.50","296025.71","SABD0002000014","AAV2.0.0.13","3.0.1.1413","PSt7-10","180509-002","6/18/2019 6:15:17 AM","0000-00","0","no battery","V"
"07/13/2019","06:36:27","9","default","116269760","OXY_CH9","29.489","min","270.132","μmol/L","Humid","19.844","deg","103541","µV","20.193","°C","1013.000","hPa","36.5","pmil","0","55.690","deg","20.000","°C","100.000","%a.s.","22.400","deg","20.000","°C","962.000","hPa","0.861","-0.02617","0.00035","0","0","13.56","Humid","35.35","0","78.50","296009.94","SABD0002000014","AAV2.0.0.13","3.0.1.1413","PSt7-10","180509-002","6/18/2019 6:15:17 AM","0000-00","0","no battery","V"
"07/13/2019","06:36:28","9","default","116269760","OXY_CH9","29.506","min","270.132","μmol/L","Humid","19.844","deg","103536","µV","20.193","°C","1013.000","hPa","36.5","pmil","0","55.690","deg","20.000","°C","100.000","%a.s.","22.400","deg","20.000","°C","962.000","hPa","0.861","-0.02617","0.00035","0","0","13.56","Humid","35.35","0","78.50","296022.88","SABD0002000014","AAV2.0.0.13","3.0.1.1413","PSt7-10","180509-002","6/18/2019 6:15:17 AM","0000-00","0","no battery","V"
"07/13/2019","06:36:29","9","default","116269760","OXY_CH9","29.523","min","270.107","μmol/L","Humid","19.845","deg","103528","µV","20.193","°C","1013.000","hPa","36.5","pmil","0","55.690","deg","20.000","°C","100.000","%a.s.","22.400","deg","20.000","°C","962.000","hPa","0.861","-0.02617","0.00035","0","0","13.56","Humid","35.35","0","78.50","296018.15","SABD0002000014","AAV2.0.0.13","3.0.1.1413","PSt7-10","180509-002","6/18/2019 6:15:17 AM","0000-00","0","no battery","V"
"07/13/2019","06:36:30","9","default","116269760","OXY_CH9","29.539","min","270.107","μmol/L","Humid","19.845","deg","103522","µV","20.193","°C","1013.000","hPa","36.5","pmil","0","55.690","deg","20.000","°C","100.000","%a.s.","22.400","deg","20.000","°C","962.000","hPa","0.861","-0.02617","0.00035","0","0","13.56","Humid","35.35","0","78.50","296009.69","SABD0002000014","AAV2.0.0.13","3.0.1.1413","PSt7-10","180509-002","6/18/2019 6:15:17 AM","0000-00","0","no battery","V"
"07/13/2019","06:36:31","9","default","116269760","OXY_CH9","29.556","min","270.327","μmol/L","Humid","19.838","deg","103508","µV","20.187","°C","1013.000","hPa","36.5","pmil","0","55.690","deg","20.000","°C","100.000","%a.s.","22.400","deg","20.000","°C","962.000","hPa","0.861","-0.02617","0.00035","0","0","13.56","Humid","35.35","0","78.50","296018.10","SABD0002000014","AAV2.0.0.13","3.0.1.1413","PSt7-10","180509-002","6/18/2019 6:15:17 AM","0000-00","0","no battery","V"
"07/13/2019","06:36:32","9","default","116269760","OXY_CH9","29.572","min","270.280","μmol/L","Humid","19.838","deg","103488","µV","20.193","°C","1013.000","hPa","36.5","pmil","0","55.690","deg","20.000","°C","100.000","%a.s.","22.400","deg","20.000","°C","962.000","hPa","0.861","-0.02617","0.00035","0","0","13.56","Humid","35.35","0","78.50","296009.46","SABD0002000014","AAV2.0.0.13","3.0.1.1413","PSt7-10","180509-002","6/18/2019 6:15:17 AM","0000-00","0","no battery","V"
"07/13/2019","06:36:33","9","default","116269760","OXY_CH9","29.589","min","270.377","μmol/L","Humid","19.836","deg","103492","µV","20.187","°C","1013.000","hPa","36.5","pmil","0","55.690","deg","20.000","°C","100.000","%a.s.","22.400","deg","20.000","°C","962.000","hPa","0.861","-0.02617","0.00035","0","0","13.56","Humid","35.35","0","78.50","296019.38","SABD0002000014","AAV2.0.0.13","3.0.1.1413","PSt7-10","180509-002","6/18/2019 6:15:17 AM","0000-00","0","no battery","V"
"07/13/2019","06:36:34","9","default","116269760","OXY_CH9","29.606","min","270.280","μmol/L","Humid","19.838","deg","103480","µV","20.193","°C","1013.000","hPa","36.5","pmil","0","55.690","deg","20.000","°C","100.000","%a.s.","22.400","deg","20.000","°C","962.000","hPa","0.861","-0.02617","0.00035","0","0","13.56","Humid","35.35","0","78.50","296011.60","SABD0002000014","AAV2.0.0.13","3.0.1.1413","PSt7-10","180509-002","6/18/2019 6:15:17 AM","0000-00","0","no battery","V"
"07/13/2019","06:36:35","9","default","116269760","OXY_CH9","29.622","min","270.327","μmol/L","Humid","19.838","deg","103472","µV","20.187","°C","1013.000","hPa","36.5","pmil","0","55.690","deg","20.000","°C","100.000","%a.s.","22.400","deg","20.000","°C","962.000","hPa","0.861","-0.02617","0.00035","0","0","13.56","Humid","35.35","0","78.50","296026.35","SABD0002000014","AAV2.0.0.13","3.0.1.1413","PSt7-10","180509-002","6/18/2019 6:15:17 AM","0000-00","0","no battery","V"
"07/13/2019","06:36:36","9","default","116269760","OXY_CH9","29.639","min","270.475","μmol/L","Humid","19.832","deg","103462","µV","20.187","°C","1013.000","hPa","36.5","pmil","0","55.690","deg","20.000","°C","100.000","%a.s.","22.400","deg","20.000","°C","962.000","hPa","0.861","-0.02617","0.00035","0","0","13.56","Humid","35.35","0","78.50","296013.42","SABD0002000014","AAV2.0.0.13","3.0.1.1413","PSt7-10","180509-002","6/18/2019 6:15:17 AM","0000-00","0","no battery","V"
"07/13/2019","06:36:37","9","default","116269760","OXY_CH9","29.656","min","270.428","μmol/L","Humid","19.832","deg","103461","µV","20.193","°C","1013.000","hPa","36.5","pmil","0","55.690","deg","20.000","°C","100.000","%a.s.","22.400","deg","20.000","°C","962.000","hPa","0.861","-0.02617","0.00035","0","0","13.56","Humid","35.35","0","78.50","296019.84","SABD0002000014","AAV2.0.0.13","3.0.1.1413","PSt7-10","180509-002","6/18/2019 6:15:17 AM","0000-00","0","no battery","V"
"07/13/2019","06:36:38","9","default","116269760","OXY_CH9","29.673","min","270.329","μmol/L","Humid","19.836","deg","103452","µV","20.193","°C","1013.000","hPa","36.5","pmil","0","55.690","deg","20.000","°C","100.000","%a.s.","22.400","deg","20.000","°C","962.000","hPa","0.861","-0.02617","0.00035","0","0","13.56","Humid","35.35","0","78.50","296024.19","SABD0002000014","AAV2.0.0.13","3.0.1.1413","PSt7-10","180509-002","6/18/2019 6:15:17 AM","0000-00","0","no battery","V"
"07/13/2019","06:36:39","9","default","116269760","OXY_CH9","29.689","min","270.405","μmol/L","Humid","19.831","deg","103437","µV","20.199","°C","1013.000","hPa","36.5","pmil","0","55.690","deg","20.000","°C","100.000","%a.s.","22.400","deg","20.000","°C","962.000","hPa","0.861","-0.02617","0.00035","0","0","13.56","Humid","35.35","0","78.50","296005.74","SABD0002000014","AAV2.0.0.13","3.0.1.1413","PSt7-10","180509-002","6/18/2019 6:15:17 AM","0000-00","0","no battery","V"
"07/13/2019","06:36:40","9","default","116269760","OXY_CH9","29.706","min","270.526","μmol/L","Humid","19.828","deg","103427","µV","20.193","°C","1013.000","hPa","36.5","pmil","0","55.690","deg","20.000","°C","100.000","%a.s.","22.400","deg","20.000","°C","962.000","hPa","0.861","-0.02617","0.00035","0","0","13.56","Humid","35.35","0","78.50","296021.13","SABD0002000014","AAV2.0.0.13","3.0.1.1413","PSt7-10","180509-002","6/18/2019 6:15:17 AM","0000-00","0","no battery","V"
"07/13/2019","06:36:41","9","default","116269760","OXY_CH9","29.723","min","270.550","μmol/L","Humid","19.829","deg","103420","µV","20.187","°C","1013.000","hPa","36.5","pmil","0","55.690","deg","20.000","°C","100.000","%a.s.","22.400","deg","20.000","°C","962.000","hPa","0.861","-0.02617","0.00035","0","0","13.56","Humid","35.35","0","78.50","296015.87","SABD0002000014","AAV2.0.0.13","3.0.1.1413","PSt7-10","180509-002","6/18/2019 6:15:17 AM","0000-00","0","no battery","V"
"07/13/2019","06:36:42","9","default","116269760","OXY_CH9","29.739","min","270.601","μmol/L","Humid","19.825","deg","103410","µV","20.193","°C","1013.000","hPa","36.5","pmil","0","55.690","deg","20.000","°C","100.000","%a.s.","22.400","deg","20.000","°C","962.000","hPa","0.861","-0.02617","0.00035","0","0","13.56","Humid","35.35","0","78.50","295999.09","SABD0002000014","AAV2.0.0.13","3.0.1.1413","PSt7-10","180509-002","6/18/2019 6:15:17 AM","0000-00","0","no battery","V"
"07/13/2019","06:36:43","9","default","116269760","OXY_CH9","29.756","min","270.602","μmol/L","Humid","19.823","deg","103405","µV","20.199","°C","1013.000","hPa","36.5","pmil","0","55.690","deg","20.000","°C","100.000","%a.s.","22.400","deg","20.000","°C","962.000","hPa","0.861","-0.02617","0.00035","0","0","13.56","Humid","35.35","0","78.50","296008.02","SABD0002000014","AAV2.0.0.13","3.0.1.1413","PSt7-10","180509-002","6/18/2019 6:15:17 AM","0000-00","0","no battery","V"
"07/13/2019","06:36:44","9","default","116269760","OXY_CH9","29.772","min","270.577","μmol/L","Humid","19.824","deg","103389","µV","20.199","°C","1013.000","hPa","36.5","pmil","0","55.690","deg","20.000","°C","100.000","%a.s.","22.400","deg","20.000","°C","962.000","hPa","0.861","-0.02617","0.00035","0","0","13.56","Humid","35.35","0","78.50","296008.62","SABD0002000014","AAV2.0.0.13","3.0.1.1413","PSt7-10","180509-002","6/18/2019 6:15:17 AM","0000-00","0","no battery","V"
"07/13/2019","06:36:45","9","default","116269760","OXY_CH9","29.789","min","270.698","μmol/L","Humid","19.823","deg","103381","µV","20.187","°C","1013.000","hPa","36.5","pmil","0","55.690","deg","20.000","°C","100.000","%a.s.","22.400","deg","20.000","°C","962.000","hPa","0.861","-0.02617","0.00035","0","0","13.56","Humid","35.35","0","78.50","296020.64","SABD0002000014","AAV2.0.0.13","3.0.1.1413","PSt7-10","180509-002","6/18/2019 6:15:17 AM","0000-00","0","no battery","V"
"07/13/2019","06:36:46","9","default","116269760","OXY_CH9","29.806","min","270.650","μmol/L","Humid","19.823","deg","103378","µV","20.193","°C","1013.000","hPa","36.5","pmil","0","55.690","deg","20.000","°C","100.000","%a.s.","22.400","deg","20.000","°C","962.000","hPa","0.861","-0.02617","0.00035","0","0","13.56","Humid","35.35","0","78.50","296012.69","SABD0002000014","AAV2.0.0.13","3.0.1.1413","PSt7-10","180509-002","6/18/2019 6:15:17 AM","0000-00","0","no battery","V"
"07/13/2019","06:36:47","9","default","116269760","OXY_CH9","29.822","min","270.772","μmol/L","Humid","19.820","deg","103364","µV","20.187","°C","1013.000","hPa","36.5","pmil","0","55.690","deg","20.000","°C","100.000","%a.s.","22.400","deg","20.000","°C","962.000","hPa","0.861","-0.02617","0.00035","0","0","13.56","Humid","35.35","0","78.50","296006.76","SABD0002000014","AAV2.0.0.13","3.0.1.1413","PSt7-10","180509-002","6/18/2019 6:15:17 AM","0000-00","0","no battery","V"
"07/13/2019","06:36:48","9","default","116269760","OXY_CH9","29.839","min","270.772","μmol/L","Humid","19.820","deg","103371","µV","20.187","°C","1013.000","hPa","36.5","pmil","0","55.690","deg","20.000","°C","100.000","%a.s.","22.400","deg","20.000","°C","962.000","hPa","0.861","-0.02617","0.00035","0","0","13.56","Humid","35.35","0","78.50","296019.38","SABD0002000014","AAV2.0.0.13","3.0.1.1413","PSt7-10","180509-002","6/18/2019 6:15:17 AM","0000-00","0","no battery","V"
"07/13/2019","06:36:49","9","default","116269760","OXY_CH9","29.855","min","270.774","μmol/L","Humid","19.818","deg","103356","µV","20.193","°C","1013.000","hPa","36.5","pmil","0","55.690","deg","20.000","°C","100.000","%a.s.","22.400","deg","20.000","°C","962.000","hPa","0.861","-0.02617","0.00035","0","0","13.56","Humid","35.35","0","78.50","296013.19","SABD0002000014","AAV2.0.0.13","3.0.1.1413","PSt7-10","180509-002","6/18/2019 6:15:17 AM","0000-00","0","no battery","V"
"07/13/2019","06:36:50","9","default","116269760","OXY_CH9","29.873","min","270.823","μmol/L","Humid","19.816","deg","103349","µV","20.193","°C","1013.000","hPa","36.5","pmil","0","55.690","deg","20.000","°C","100.000","%a.s.","22.400","deg","20.000","°C","962.000","hPa","0.861","-0.02617","0.00035","0","0","13.56","Humid","35.35","0","78.50","296020.54","SABD0002000014","AAV2.0.0.13","3.0.1.1413","PSt7-10","180509-002","6/18/2019 6:15:17 AM","0000-00","0","no battery","V"
"07/13/2019","06:36:51","9","default","116269760","OXY_CH9","29.889","min","270.896","μmol/L","Humid","19.815","deg","103353","µV","20.187","°C","1013.000","hPa","36.5","pmil","0","55.690","deg","20.000","°C","100.000","%a.s.","22.400","deg","20.000","°C","962.000","hPa","0.861","-0.02617","0.00035","0","0","13.56","Humid","35.35","0","78.50","296011.83","SABD0002000014","AAV2.0.0.13","3.0.1.1413","PSt7-10","180509-002","6/18/2019 6:15:17 AM","0000-00","0","no battery","V"
"07/13/2019","06:36:52","9","default","116269760","OXY_CH9","29.906","min","270.968","μmol/L","Humid","19.814","deg","103334","µV","20.181","°C","1013.000","hPa","36.5","pmil","0","55.690","deg","20.000","°C","100.000","%a.s.","22.400","deg","20.000","°C","962.000","hPa","0.861","-0.02617","0.00035","0","0","13.56","Humid","35.35","0","78.50","296018.66","SABD0002000014","AAV2.0.0.13","3.0.1.1413","PSt7-10","180509-002","6/18/2019 6:15:17 AM","0000-00","0","no battery","V"
"07/13/2019","06:36:53","9","default","116269760","OXY_CH9","29.922","min","270.970","μmol/L","Humid","19.812","deg","103320","µV","20.187","°C","1013.000","hPa","36.5","pmil","0","55.690","deg","20.000","°C","100.000","%a.s.","22.400","deg","20.000","°C","962.000","hPa","0.861","-0.02617","0.00035","0","0","13.56","Humid","35.35","0","78.50","296005.66","SABD0002000014","AAV2.0.0.13","3.0.1.1413","PSt7-10","180509-002","6/18/2019 6:15:17 AM","0000-00","0","no battery","V"
"07/13/2019","06:36:54","9","default","116269760","OXY_CH9","29.939","min","270.823","μmol/L","Humid","19.816","deg","103319","µV","20.193","°C","1013.000","hPa","36.5","pmil","0","55.690","deg","20.000","°C","100.000","%a.s.","22.400","deg","20.000","°C","962.000","hPa","0.861","-0.02617","0.00035","0","0","13.56","Humid","35.35","0","78.50","296002.60","SABD0002000014","AAV2.0.0.13","3.0.1.1413","PSt7-10","180509-002","6/18/2019 6:15:17 AM","0000-00","0","no battery","V"
"07/13/2019","06:36:55","9","default","116269760","OXY_CH9","29.956","min","271.019","μmol/L","Humid","19.810","deg","103315","µV","20.187","°C","1013.000","hPa","36.5","pmil","0","55.690","deg","20.000","°C","100.000","%a.s.","22.400","deg","20.000","°C","962.000","hPa","0.861","-0.02617","0.00035","0","0","13.56","Humid","35.35","0","78.50","296008.69","SABD0002000014","AAV2.0.0.13","3.0.1.1413","PSt7-10","180509-002","6/18/2019 6:15:17 AM","0000-00","0","no battery","V"
"07/13/2019","06:36:56","9","default","116269760","OXY_CH9","29.972","min","271.044","μmol/L","Humid","19.809","deg","103305","µV","20.187","°C","1013.000","hPa","36.5","pmil","0","55.690","deg","20.000","°C","100.000","%a.s.","22.400","deg","20.000","°C","962.000","hPa","0.861","-0.02617","0.00035","0","0","13.56","Humid","35.35","0","78.50","296013.54","SABD0002000014","AAV2.0.0.13","3.0.1.1413","PSt7-10","180509-002","6/18/2019 6:15:17 AM","0000-00","0","no battery","V"
"07/13/2019","06:36:57","9","default","116269760","OXY_CH9","29.989","min","270.947","μmol/L","Humid","19.811","deg","103292","µV","20.193","°C","1013.000","hPa","36.5","pmil","0","55.690","deg","20.000","°C","100.000","%a.s.","22.400","deg","20.000","°C","962.000","hPa","0.861","-0.02617","0.00035","0","0","13.56","Humid","35.35","0","78.50","296015.54","SABD0002000014","AAV2.0.0.13","3.0.1.1413","PSt7-10","180509-002","6/18/2019 6:15:17 AM","0000-00","0","no battery","V"
"07/13/2019","06:36:58","9","default","116269760","OXY_CH9","30.006","min","271.120","μmol/L","Humid","19.804","deg","103279","µV","20.193","°C","1013.000","hPa","36.5","pmil","0","55.690","deg","20.000","°C","100.000","%a.s.","22.400","deg","20.000","°C","962.000","hPa","0.861","-0.02617","0.00035","0","0","13.56","Humid","35.35","0","78.50","296011.21","SABD0002000014","AAV2.0.0.13","3.0.1.1413","PSt7-10","180509-002","6/18/2019 6:15:17 AM","0000-00","0","no battery","V"
"07/13/2019","06:36:59","9","default","116269760","OXY_CH9","30.022","min","271.170","μmol/L","Humid","19.802","deg","103271","µV","20.193","°C","1013.000","hPa","36.5","pmil","0","55.690","deg","20.000","°C","100.000","%a.s.","22.400","deg","20.000","°C","962.000","hPa","0.861","-0.02617","0.00035","0","0","13.56","Humid","35.35","0","78.50","296003.25","SABD0002000014","AAV2.0.0.13","3.0.1.1413","PSt7-10","180509-002","6/18/2019 6:15:17 AM","0000-00","0","no battery","V"
"07/13/2019","06:37:00","9","default","116269760","OXY_CH9","30.039","min","271.168","μmol/L","Humid","19.804","deg","103257","µV","20.187","°C","1013.000","hPa","36.5","pmil","0","55.690","deg","20.000","°C","100.000","%a.s.","22.400","deg","20.000","°C","962.000","hPa","0.861","-0.02617","0.00035","0","0","13.56","Humid","35.35","0","78.50","295997.27","SABD0002000014","AAV2.0.0.13","3.0.1.1413","PSt7-10","180509-002","6/18/2019 6:15:17 AM","0000-00","0","no battery","V"
"07/13/2019","06:37:01","9","default","116269760","OXY_CH9","30.056","min","271.168","μmol/L","Humid","19.804","deg","103260","µV","20.187","°C","1013.000","hPa","36.5","pmil","0","55.690","deg","20.000","°C","100.000","%a.s.","22.400","deg","20.000","°C","962.000","hPa","0.861","-0.02617","0.00035","0","0","13.56","Humid","35.35","0","78.50","296014.78","SABD0002000014","AAV2.0.0.13","3.0.1.1413","PSt7-10","180509-002","6/18/2019 6:15:17 AM","0000-00","0","no battery","V"
"07/13/2019","06:37:02","9","default","116269760","OXY_CH9","30.072","min","271.219","μmol/L","Humid","19.800","deg","103262","µV","20.193","°C","1013.000","hPa","36.5","pmil","0","55.690","deg","20.000","°C","100.000","%a.s.","22.400","deg","20.000","°C","962.000","hPa","0.861","-0.02617","0.00035","0","0","13.56","Humid","35.35","0","78.50","296021.00","SABD0002000014","AAV2.0.0.13","3.0.1.1413","PSt7-10","180509-002","6/18/2019 6:15:17 AM","0000-00","0","no battery","V"
"07/13/2019","06:37:03","9","default","116269760","OXY_CH9","30.089","min","271.269","μmol/L","Humid","19.798","deg","103244","µV","20.193","°C","1013.000","hPa","36.5","pmil","0","55.690","deg","20.000","°C","100.000","%a.s.","22.400","deg","20.000","°C","962.000","hPa","0.861","-0.02617","0.00035","0","0","13.56","Humid","35.35","0","78.50","296009.99","SABD0002000014","AAV2.0.0.13","3.0.1.1413","PSt7-10","180509-002","6/18/2019 6:15:17 AM","0000-00","0","no battery","V"
"07/13/2019","06:37:04","9","default","116269760","OXY_CH9","30.106","min","271.292","μmol/L","Humid","19.799","deg","103237","µV","20.187","°C","1013.000","hPa","36.5","pmil","0","55.690","deg","20.000","°C","100.000","%a.s.","22.400","deg","20.000","°C","962.000","hPa","0.861","-0.02617","0.00035","0","0","13.56","Humid","35.35","0","78.50","295998.08","SABD0002000014","AAV2.0.0.13","3.0.1.1413","PSt7-10","180509-002","6/18/2019 6:15:17 AM","0000-00","0","no battery","V"
"07/13/2019","06:37:05","9","default","116269760","OXY_CH9","30.122","min","271.294","μmol/L","Humid","19.797","deg","103224","µV","20.193","°C","1013.000","hPa","36.5","pmil","0","55.690","deg","20.000","°C","100.000","%a.s.","22.400","deg","20.000","°C","962.000","hPa","0.861","-0.02617","0.00035","0","0","13.56","Humid","35.35","0","78.50","296017.42","SABD0002000014","AAV2.0.0.13","3.0.1.1413","PSt7-10","180509-002","6/18/2019 6:15:17 AM","0000-00","0","no battery","V"
"07/13/2019","06:37:06","9","default","116269760","OXY_CH9","30.139","min","271.269","μmol/L","Humid","19.798","deg","103215","µV","20.193","°C","1013.000","hPa","36.5","pmil","0","55.690","deg","20.000","°C","100.000","%a.s.","22.400","deg","20.000","°C","962.000","hPa","0.861","-0.02617","0.00035","0","0","13.56","Humid","35.35","0","78.50","295993.05","SABD0002000014","AAV2.0.0.13","3.0.1.1413","PSt7-10","180509-002","6/18/2019 6:15:17 AM","0000-00","0","no battery","V"
"07/13/2019","06:37:07","9","default","116269760","OXY_CH9","30.155","min","271.467","μmol/L","Humid","19.790","deg","103209","µV","20.193","°C","1013.000","hPa","36.5","pmil","0","55.690","deg","20.000","°C","100.000","%a.s.","22.400","deg","20.000","°C","962.000","hPa","0.861","-0.02617","0.00035","0","0","13.56","Humid","35.35","0","78.50","296005.13","SABD0002000014","AAV2.0.0.13","3.0.1.1413","PSt7-10","180509-002","6/18/2019 6:15:17 AM","0000-00","0","no battery","V"
"07/13/2019","06:37:08","9","default","116269760","OXY_CH9","30.172","min","271.489","μmol/L","Humid","19.793","deg","103210","µV","20.181","°C","1013.000","hPa","36.5","pmil","0","55.690","deg","20.000","°C","100.000","%a.s.","22.400","deg","20.000","°C","962.000","hPa","0.861","-0.02617","0.00035","0","0","13.56","Humid","35.35","0","78.50","296003.22","SABD0002000014","AAV2.0.0.13","3.0.1.1413","PSt7-10","180509-002","6/18/2019 6:15:17 AM","0000-00","0","no battery","V"
"07/13/2019","06:37:09","9","default","116269760","OXY_CH9","30.189","min","271.343","μmol/L","Humid","19.795","deg","103198","µV","20.193","°C","1013.000","hPa","36.5","pmil","0","55.690","deg","20.000","°C","100.000","%a.s.","22.400","deg","20.000","°C","962.000","hPa","0.861","-0.02617","0.00035","0","0","13.56","Humid","35.35","0","78.50","296006.52","SABD0002000014","AAV2.0.0.13","3.0.1.1413","PSt7-10","180509-002","6/18/2019 6:15:17 AM","0000-00","0","no battery","V"
"07/13/2019","06:37:10","9","default","116269760","OXY_CH9","30.206","min","271.638","μmol/L","Humid","19.787","deg","103186","µV","20.181","°C","1013.000","hPa","36.5","pmil","0","55.690","deg","20.000","°C","100.000","%a.s.","22.400","deg","20.000","°C","962.000","hPa","0.861","-0.02617","0.00035","0","0","13.56","Humid","35.35","0","78.50","296016.45","SABD0002000014","AAV2.0.0.13","3.0.1.1413","PSt7-10","180509-002","6/18/2019 6:15:17 AM","0000-00","0","no battery","V"
"07/13/2019","06:37:11","9","default","116269760","OXY_CH9","30.222","min","271.517","μmol/L","Humid","19.788","deg","103166","µV","20.193","°C","1013.000","hPa","36.5","pmil","0","55.690","deg","20.000","°C","100.000","%a.s.","22.400","deg","20.000","°C","962.000","hPa","0.861","-0.02617","0.00035","0","0","13.56","Humid","35.35","0","78.50","296010.57","SABD0002000014","AAV2.0.0.13","3.0.1.1413","PSt7-10","180509-002","6/18/2019 6:15:17 AM","0000-00","0","no battery","V"
"07/13/2019","06:37:12","9","default","116269760","OXY_CH9","30.240","min","271.590","μmol/L","Humid","19.787","deg","103163","µV","20.187","°C","1013.000","hPa","36.5","pmil","0","55.690","deg","20.000","°C","100.000","%a.s.","22.400","deg","20.000","°C","962.000","hPa","0.861","-0.02617","0.00035","0","0","13.56","Humid","35.35","0","78.50","296007.41","SABD0002000014","AAV2.0.0.13","3.0.1.1413","PSt7-10","180509-002","6/18/2019 6:15:17 AM","0000-00","0","no battery","V"
"07/13/2019","06:37:13","9","default","116269760","OXY_CH9","30.256","min","271.689","μmol/L","Humid","19.783","deg","103160","µV","20.187","°C","1013.000","hPa","36.5","pmil","0","55.690","deg","20.000","°C","100.000","%a.s.","22.400","deg","20.000","°C","962.000","hPa","0.861","-0.02617","0.00035","0","0","13.56","Humid","35.35","0","78.50","296006.99","SABD0002000014","AAV2.0.0.13","3.0.1.1413","PSt7-10","180509-002","6/18/2019 6:15:17 AM","0000-00","0","no battery","V"
"07/13/2019","06:37:14","9","default","116269760","OXY_CH9","30.272","min","271.691","μmol/L","Humid","19.781","deg","103145","µV","20.193","°C","1013.000","hPa","36.5","pmil","0","55.690","deg","20.000","°C","100.000","%a.s.","22.400","deg","20.000","°C","962.000","hPa","0.861","-0.02617","0.00035","0","0","13.56","Humid","35.35","0","78.50","296007.34","SABD0002000014","AAV2.0.0.13","3.0.1.1413","PSt7-10","180509-002","6/18/2019 6:15:17 AM","0000-00","0","no battery","V"
"07/13/2019","06:37:15","9","default","116269760","OXY_CH9","30.289","min","271.666","μmol/L","Humid","19.782","deg","103131","µV","20.193","°C","1013.000","hPa","36.5","pmil","0","55.690","deg","20.000","°C","100.000","%a.s.","22.400","deg","20.000","°C","962.000","hPa","0.861","-0.02617","0.00035","0","0","13.56","Humid","35.35","0","78.50","296000.45","SABD0002000014","AAV2.0.0.13","3.0.1.1413","PSt7-10","180509-002","6/18/2019 6:15:17 AM","0000-00","0","no battery","V"
"07/13/2019","06:37:16","9","default","116269760","OXY_CH9","30.306","min","271.716","μmol/L","Humid","19.780","deg","103127","µV","20.193","°C","1013.000","hPa","36.5","pmil","0","55.690","deg","20.000","°C","100.000","%a.s.","22.400","deg","20.000","°C","962.000","hPa","0.861","-0.02617","0.00035","0","0","13.56","Humid","35.35","0","78.50","296001.82","SABD0002000014","AAV2.0.0.13","3.0.1.1413","PSt7-10","180509-002","6/18/2019 6:15:17 AM","0000-00","0","no battery","V"
"07/13/2019","06:37:17","9","default","116269760","OXY_CH9","30.322","min","271.691","μmol/L","Humid","19.781","deg","103113","µV","20.193","°C","1013.000","hPa","36.5","pmil","0","55.690","deg","20.000","°C","100.000","%a.s.","22.400","deg","20.000","°C","962.000","hPa","0.861","-0.02617","0.00035","0","0","13.56","Humid","35.35","0","78.50","295998.54","SABD0002000014","AAV2.0.0.13","3.0.1.1413","PSt7-10","180509-002","6/18/2019 6:15:17 AM","0000-00","0","no battery","V"
"07/13/2019","06:37:18","9","default","116269760","OXY_CH9","30.339","min","271.691","μmol/L","Humid","19.781","deg","103113","µV","20.193","°C","1013.000","hPa","36.5","pmil","0","55.690","deg","20.000","°C","100.000","%a.s.","22.400","deg","20.000","°C","962.000","hPa","0.861","-0.02617","0.00035","0","0","13.56","Humid","35.35","0","78.50","295990.11","SABD0002000014","AAV2.0.0.13","3.0.1.1413","PSt7-10","180509-002","6/18/2019 6:15:17 AM","0000-00","0","no battery","V"
"07/13/2019","06:37:19","9","default","116269760","OXY_CH9","30.356","min","271.863","μmol/L","Humid","19.776","deg","103094","µV","20.187","°C","1013.000","hPa","36.5","pmil","0","55.690","deg","20.000","°C","100.000","%a.s.","22.400","deg","20.000","°C","962.000","hPa","0.861","-0.02617","0.00035","0","0","13.56","Humid","35.35","0","78.50","296003.89","SABD0002000014","AAV2.0.0.13","3.0.1.1413","PSt7-10","180509-002","6/18/2019 6:15:17 AM","0000-00","0","no battery","V"
"07/13/2019","06:37:20","9","default","116269760","OXY_CH9","30.372","min","271.865","μmol/L","Humid","19.774","deg","103084","µV","20.193","°C","1013.000","hPa","36.5","pmil","0","55.690","deg","20.000","°C","100.000","%a.s.","22.400","deg","20.000","°C","962.000","hPa","0.861","-0.02617","0.00035","0","0","13.56","Humid","35.35","0","78.50","295987.62","SABD0002000014","AAV2.0.0.13","3.0.1.1413","PSt7-10","180509-002","6/18/2019 6:15:17 AM","0000-00","0","no battery","V"
"07/13/2019","06:37:21","9","default","116269760","OXY_CH9","30.389","min","271.863","μmol/L","Humid","19.776","deg","103085","µV","20.187","°C","1013.000","hPa","36.5","pmil","0","55.690","deg","20.000","°C","100.000","%a.s.","22.400","deg","20.000","°C","962.000","hPa","0.861","-0.02617","0.00035","0","0","13.56","Humid","35.35","0","78.50","295998.05","SABD0002000014","AAV2.0.0.13","3.0.1.1413","PSt7-10","180509-002","6/18/2019 6:15:17 AM","0000-00","0","no battery","V"
"07/13/2019","06:37:22","9","default","116269760","OXY_CH9","30.405","min","271.890","μmol/L","Humid","19.773","deg","103067","µV","20.193","°C","1013.000","hPa","36.5","pmil","0","55.690","deg","20.000","°C","100.000","%a.s.","22.400","deg","20.000","°C","962.000","hPa","0.861","-0.02617","0.00035","0","0","13.56","Humid","35.35","0","78.50","295987.59","SABD0002000014","AAV2.0.0.13","3.0.1.1413","PSt7-10","180509-002","6/18/2019 6:15:17 AM","0000-00","0","no battery","V"
"07/13/2019","06:37:23","9","default","116269760","OXY_CH9","30.422","min","272.037","μmol/L","Humid","19.769","deg","103062","µV","20.187","°C","1013.000","hPa","36.5","pmil","0","55.690","deg","20.000","°C","100.000","%a.s.","22.400","deg","20.000","°C","962.000","hPa","0.861","-0.02617","0.00035","0","0","13.56","Humid","35.35","0","78.50","295998.59","SABD0002000014","AAV2.0.0.13","3.0.1.1413","PSt7-10","180509-002","6/18/2019 6:15:17 AM","0000-00","0","no battery","V"
"07/13/2019","06:37:24","9","default","116269760","OXY_CH9","30.439","min","271.938","μmol/L","Humid","19.773","deg","103064","µV","20.187","°C","1013.000","hPa","36.5","pmil","0","55.690","deg","20.000","°C","100.000","%a.s.","22.400","deg","20.000","°C","962.000","hPa","0.861","-0.02617","0.00035","0","0","13.56","Humid","35.35","0","78.50","295992.23","SABD0002000014","AAV2.0.0.13","3.0.1.1413","PSt7-10","180509-002","6/18/2019 6:15:17 AM","0000-00","0","no battery","V"
"07/13/2019","06:37:25","9","default","116269760","OXY_CH9","30.455","min","272.087","μmol/L","Humid","19.767","deg","103050","µV","20.187","°C","1013.000","hPa","36.5","pmil","0","55.690","deg","20.000","°C","100.000","%a.s.","22.400","deg","20.000","°C","962.000","hPa","0.861","-0.02617","0.00035","0","0","13.56","Humid","35.35","0","78.50","296001.81","SABD0002000014","AAV2.0.0.13","3.0.1.1413","PSt7-10","180509-002","6/18/2019 6:15:17 AM","0000-00","0","no battery","V"
"07/13/2019","06:37:26","9","default","116269760","OXY_CH9","30.472","min","272.087","μmol/L","Humid","19.767","deg","103045","µV","20.187","°C","1013.000","hPa","36.5","pmil","0","55.690","deg","20.000","°C","100.000","%a.s.","22.400","deg","20.000","°C","962.000","hPa","0.861","-0.02617","0.00035","0","0","13.56","Humid","35.35","0","78.50","295994.85","SABD0002000014","AAV2.0.0.13","3.0.1.1413","PSt7-10","180509-002","6/18/2019 6:15:17 AM","0000-00","0","no battery","V"
"07/13/2019","06:37:27","9","default","116269760","OXY_CH9","30.489","min","272.089","μmol/L","Humid","19.765","deg","103027","µV","20.193","°C","1013.000","hPa","36.5","pmil","0","55.690","deg","20.000","°C","100.000","%a.s.","22.400","deg","20.000","°C","962.000","hPa","0.861","-0.02617","0.00035","0","0","13.56","Humid","35.35","0","78.50","295992.75","SABD0002000014","AAV2.0.0.13","3.0.1.1413","PSt7-10","180509-002","6/18/2019 6:15:17 AM","0000-00","0","no battery","V"
"07/13/2019","06:37:28","9","default","116269760","OXY_CH9","30.506","min","272.037","μmol/L","Humid","19.769","deg","103026","µV","20.187","°C","1013.000","hPa","36.5","pmil","0","55.690","deg","20.000","°C","100.000","%a.s.","22.400","deg","20.000","°C","962.000","hPa","0.861","-0.02617","0.00035","0","0","13.56","Humid","35.35","0","78.50","295988.87","SABD0002000014","AAV2.0.0.13","3.0.1.1413","PSt7-10","180509-002","6/18/2019 6:15:17 AM","0000-00","0","no battery","V"
"07/13/2019","06:37:29","9","default","116269760","OXY_CH9","30.523","min","272.162","μmol/L","Humid","19.764","deg","103024","µV","20.187","°C","1013.000","hPa","36.5","pmil","0","55.690","deg","20.000","°C","100.000","%a.s.","22.400","deg","20.000","°C","962.000","hPa","0.861","-0.02617","0.00035","0","0","13.56","Humid","35.35","0","78.50","296003.19","SABD0002000014","AAV2.0.0.13","3.0.1.1413","PSt7-10","180509-002","6/18/2019 6:15:17 AM","0000-00","0","no battery","V"
"07/13/2019","06:37:30","9","default","116269760","OXY_CH9","30.539","min","272.112","μmol/L","Humid","19.766","deg","103007","µV","20.187","°C","1013.000","hPa","36.5","pmil","0","55.690","deg","20.000","°C","100.000","%a.s.","22.400","deg","20.000","°C","962.000","hPa","0.861","-0.02617","0.00035","0","0","13.56","Humid","35.35","0","78.50","295986.89","SABD0002000014","AAV2.0.0.13","3.0.1.1413","PSt7-10","180509-002","6/18/2019 6:15:17 AM","0000-00","0","no battery","V"
"07/13/2019","06:37:31","9","default","116269760","OXY_CH9","30.555","min","272.163","μmol/L","Humid","19.762","deg","103009","µV","20.193","°C","1013.000","hPa","36.5","pmil","0","55.690","deg","20.000","°C","100.000","%a.s.","22.400","deg","20.000","°C","962.000","hPa","0.861","-0.02617","0.00035","0","0","13.56","Humid","35.35","0","78.50","296005.76","SABD0002000014","AAV2.0.0.13","3.0.1.1413","PSt7-10","180509-002","6/18/2019 6:15:17 AM","0000-00","0","no battery","V"
"07/13/2019","06:37:32","9","default","116269760","OXY_CH9","30.572","min","272.211","μmol/L","Humid","19.762","deg","102996","µV","20.187","°C","1013.000","hPa","36.5","pmil","0","55.690","deg","20.000","°C","100.000","%a.s.","22.400","deg","20.000","°C","962.000","hPa","0.861","-0.02617","0.00035","0","0","13.56","Humid","35.35","0","78.50","295992.31","SABD0002000014","AAV2.0.0.13","3.0.1.1413","PSt7-10","180509-002","6/18/2019 6:15:17 AM","0000-00","0","no battery","V"
"07/13/2019","06:37:33","9","default","116269760","OXY_CH9","30.589","min","272.211","μmol/L","Humid","19.762","deg","102974","µV","20.187","°C","1013.000","hPa","36.5","pmil","0","55.690","deg","20.000","°C","100.000","%a.s.","22.400","deg","20.000","°C","962.000","hPa","0.861","-0.02617","0.00035","0","0","13.56","Humid","35.35","0","78.50","295977.78","SABD0002000014","AAV2.0.0.13","3.0.1.1413","PSt7-10","180509-002","6/18/2019 6:15:17 AM","0000-00","0","no battery","V"
"07/13/2019","06:37:34","9","default","116269760","OXY_CH9","30.605","min","272.386","μmol/L","Humid","19.755","deg","102976","µV","20.187","°C","1013.000","hPa","36.5","pmil","0","55.690","deg","20.000","°C","100.000","%a.s.","22.400","deg","20.000","°C","962.000","hPa","0.861","-0.02617","0.00035","0","0","13.56","Humid","35.35","0","78.50","295991.35","SABD0002000014","AAV2.0.0.13","3.0.1.1413","PSt7-10","180509-002","6/18/2019 6:15:17 AM","0000-00","0","no battery","V"
"07/13/2019","06:37:35","9","default","116269760","OXY_CH9","30.623","min","272.388","μmol/L","Humid","19.753","deg","102956","µV","20.193","°C","1013.000","hPa","36.5","pmil","0","55.690","deg","20.000","°C","100.000","%a.s.","22.400","deg","20.000","°C","962.000","hPa","0.861","-0.02617","0.00035","0","0","13.56","Humid","35.35","0","78.50","295980.12","SABD0002000014","AAV2.0.0.13","3.0.1.1413","PSt7-10","180509-002","6/18/2019 6:15:17 AM","0000-00","0","no battery","V"
"07/13/2019","06:37:36","9","default","116269760","OXY_CH9","30.639","min","272.436","μmol/L","Humid","19.753","deg","102950","µV","20.187","°C","1013.000","hPa","36.5","pmil","0","55.690","deg","20.000","°C","100.000","%a.s.","22.400","deg","20.000","°C","962.000","hPa","0.861","-0.02617","0.00035","0","0","13.56","Humid","35.35","0","78.50","295982.95","SABD0002000014","AAV2.0.0.13","3.0.1.1413","PSt7-10","180509-002","6/18/2019 6:15:17 AM","0000-00","0","no battery","V"
"07/13/2019","06:37:37","9","default","116269760","OXY_CH9","30.656","min","272.464","μmol/L","Humid","19.748","deg","102947","µV","20.199","°C","1013.000","hPa","36.5","pmil","0","55.690","deg","20.000","°C","100.000","%a.s.","22.400","deg","20.000","°C","962.000","hPa","0.861","-0.02617","0.00035","0","0","13.56","Humid","35.35","0","78.50","295981.23","SABD0002000014","AAV2.0.0.13","3.0.1.1413","PSt7-10","180509-002","6/18/2019 6:15:17 AM","0000-00","0","no battery","V"
"07/13/2019","06:37:38","9","default","116269760","OXY_CH9","30.672","min","272.462","μmol/L","Humid","19.750","deg","102932","µV","20.193","°C","1013.000","hPa","36.5","pmil","0","55.690","deg","20.000","°C","100.000","%a.s.","22.400","deg","20.000","°C","962.000","hPa","0.861","-0.02617","0.00035","0","0","13.56","Humid","35.35","0","78.50","295987.58","SABD0002000014","AAV2.0.0.13","3.0.1.1413","PSt7-10","180509-002","6/18/2019 6:15:17 AM","0000-00","0","no battery","V"
"07/13/2019","06:37:39","9","default","116269760","OXY_CH9","30.689","min","272.535","μmol/L","Humid","19.749","deg","102930","µV","20.187","°C","1013.000","hPa","36.5","pmil","0","55.690","deg","20.000","°C","100.000","%a.s.","22.400","deg","20.000","°C","962.000","hPa","0.861","-0.02617","0.00035","0","0","13.56","Humid","35.35","0","78.50","295994.53","SABD0002000014","AAV2.0.0.13","3.0.1.1413","PSt7-10","180509-002","6/18/2019 6:15:17 AM","0000-00","0","no battery","V"
"07/13/2019","06:37:40","9","default","116269760","OXY_CH9","30.705","min","272.562","μmol/L","Humid","19.746","deg","102914","µV","20.193","°C","1013.000","hPa","36.5","pmil","0","55.690","deg","20.000","°C","100.000","%a.s.","22.400","deg","20.000","°C","962.000","hPa","0.861","-0.02617","0.00035","0","0","13.56","Humid","35.35","0","78.50","295986.60","SABD0002000014","AAV2.0.0.13","3.0.1.1413","PSt7-10","180509-002","6/18/2019 6:15:17 AM","0000-00","0","no battery","V"
"07/13/2019","06:37:41","9","default","116269760","OXY_CH9","30.722","min","272.510","μmol/L","Humid","19.750","deg","102913","µV","20.187","°C","1013.000","hPa","36.5","pmil","0","55.690","deg","20.000","°C","100.000","%a.s.","22.400","deg","20.000","°C","962.000","hPa","0.861","-0.02617","0.00035","0","0","13.56","Humid","35.35","0","78.50","295994.25","SABD0002000014","AAV2.0.0.13","3.0.1.1413","PSt7-10","180509-002","6/18/2019 6:15:17 AM","0000-00","0","no battery","V"
"07/13/2019","06:37:42","9","default","116269760","OXY_CH9","30.739","min","272.635","μmol/L","Humid","19.745","deg","102902","µV","20.187","°C","1013.000","hPa","36.5","pmil","0","55.690","deg","20.000","°C","100.000","%a.s.","22.400","deg","20.000","°C","962.000","hPa","0.861","-0.02617","0.00035","0","0","13.56","Humid","35.35","0","78.50","295989.73","SABD0002000014","AAV2.0.0.13","3.0.1.1413","PSt7-10","180509-002","6/18/2019 6:15:17 AM","0000-00","0","no battery","V"
"07/13/2019","06:37:43","9","default","116269760","OXY_CH9","30.755","min","272.635","μmol/L","Humid","19.745","deg","102888","µV","20.187","°C","1013.000","hPa","36.5","pmil","0","55.690","deg","20.000","°C","100.000","%a.s.","22.400","deg","20.000","°C","962.000","hPa","0.861","-0.02617","0.00035","0","0","13.56","Humid","35.35","0","78.50","295993.33","SABD0002000014","AAV2.0.0.13","3.0.1.1413","PSt7-10","180509-002","6/18/2019 6:15:17 AM","0000-00","0","no battery","V"
"07/13/2019","06:37:44","9","default","116269760","OXY_CH9","30.772","min","272.735","μmol/L","Humid","19.741","deg","102881","µV","20.187","°C","1013.000","hPa","36.5","pmil","0","55.690","deg","20.000","°C","100.000","%a.s.","22.400","deg","20.000","°C","962.000","hPa","0.861","-0.02617","0.00035","0","0","13.56","Humid","35.35","0","78.50","295981.99","SABD0002000014","AAV2.0.0.13","3.0.1.1413","PSt7-10","180509-002","6/18/2019 6:15:17 AM","0000-00","0","no battery","V"
"07/13/2019","06:37:45","9","default","116269760","OXY_CH9","30.788","min","272.737","μmol/L","Humid","19.739","deg","102865","µV","20.193","°C","1013.000","hPa","36.5","pmil","0","55.690","deg","20.000","°C","100.000","%a.s.","22.400","deg","20.000","°C","962.000","hPa","0.861","-0.02617","0.00035","0","0","13.56","Humid","35.35","0","78.50","295977.22","SABD0002000014","AAV2.0.0.13","3.0.1.1413","PSt7-10","180509-002","6/18/2019 6:15:17 AM","0000-00","0","no battery","V"
"07/13/2019","06:37:46","9","default","116269760","OXY_CH9","30.805","min","272.662","μmol/L","Humid","19.742","deg","102863","µV","20.193","°C","1013.000","hPa","36.5","pmil","0","55.690","deg","20.000","°C","100.000","%a.s.","22.400","deg","20.000","°C","962.000","hPa","0.861","-0.02617","0.00035","0","0","13.56","Humid","35.35","0","78.50","295971.51","SABD0002000014","AAV2.0.0.13","3.0.1.1413","PSt7-10","180509-002","6/18/2019 6:15:17 AM","0000-00","0","no battery","V"
"07/13/2019","06:37:47","9","default","116269760","OXY_CH9","30.822","min","272.785","μmol/L","Humid","19.739","deg","102854","µV","20.187","°C","1013.000","hPa","36.5","pmil","0","55.690","deg","20.000","°C","100.000","%a.s.","22.400","deg","20.000","°C","962.000","hPa","0.861","-0.02617","0.00035","0","0","13.56","Humid","35.35","0","78.50","295987.48","SABD0002000014","AAV2.0.0.13","3.0.1.1413","PSt7-10","180509-002","6/18/2019 6:15:17 AM","0000-00","0","no battery","V"
"07/13/2019","06:37:48","9","default","116269760","OXY_CH9","30.839","min","272.812","μmol/L","Humid","19.736","deg","102837","µV","20.193","°C","1013.000","hPa","36.5","pmil","0","55.690","deg","20.000","°C","100.000","%a.s.","22.400","deg","20.000","°C","962.000","hPa","0.861","-0.02617","0.00035","0","0","13.56","Humid","35.35","0","78.50","295975.48","SABD0002000014","AAV2.0.0.13","3.0.1.1413","PSt7-10","180509-002","6/18/2019 6:15:17 AM","0000-00","0","no battery","V"
"07/13/2019","06:37:49","9","default","116269760","OXY_CH9","30.855","min","272.812","μmol/L","Humid","19.736","deg","102832","µV","20.193","°C","1013.000","hPa","36.5","pmil","0","55.690","deg","20.000","°C","100.000","%a.s.","22.400","deg","20.000","°C","962.000","hPa","0.861","-0.02617","0.00035","0","0","13.56","Humid","35.35","0","78.50","295988.29","SABD0002000014","AAV2.0.0.13","3.0.1.1413","PSt7-10","180509-002","6/18/2019 6:15:17 AM","0000-00","0","no battery","V"
"07/13/2019","06:37:50","9","default","116269760","OXY_CH9","30.872","min","272.887","μmol/L","Humid","19.733","deg","102827","µV","20.193","°C","1013.000","hPa","36.5","pmil","0","55.690","deg","20.000","°C","100.000","%a.s.","22.400","deg","20.000","°C","962.000","hPa","0.861","-0.02617","0.00035","0","0","13.56","Humid","35.35","0","78.50","295978.44","SABD0002000014","AAV2.0.0.13","3.0.1.1413","PSt7-10","180509-002","6/18/2019 6:15:17 AM","0000-00","0","no battery","V"
"07/13/2019","06:37:51","9","default","116269760","OXY_CH9","30.889","min","272.887","μmol/L","Humid","19.733","deg","102814","µV","20.193","°C","1013.000","hPa","36.5","pmil","0","55.690","deg","20.000","°C","100.000","%a.s.","22.400","deg","20.000","°C","962.000","hPa","0.861","-0.02617","0.00035","0","0","13.56","Humid","35.35","0","78.50","295973.30","SABD0002000014","AAV2.0.0.13","3.0.1.1413","PSt7-10","180509-002","6/18/2019 6:15:17 AM","0000-00","0","no battery","V"
"07/13/2019","06:37:52","9","default","116269760","OXY_CH9","30.906","min","273.012","μmol/L","Humid","19.728","deg","102808","µV","20.193","°C","1013.000","hPa","36.5","pmil","0","55.690","deg","20.000","°C","100.000","%a.s.","22.400","deg","20.000","°C","962.000","hPa","0.861","-0.02617","0.00035","0","0","13.56","Humid","35.35","0","78.50","295985.09","SABD0002000014","AAV2.0.0.13","3.0.1.1413","PSt7-10","180509-002","6/18/2019 6:15:17 AM","0000-00","0","no battery","V"
"07/13/2019","06:37:53","9","default","116269760","OXY_CH9","30.923","min","273.085","μmol/L","Humid","19.727","deg","102796","µV","20.187","°C","1013.000","hPa","36.5","pmil","0","55.690","deg","20.000","°C","100.000","%a.s.","22.400","deg","20.000","°C","962.000","hPa","0.861","-0.02617","0.00035","0","0","13.56","Humid","35.35","0","78.50","295989.69","SABD0002000014","AAV2.0.0.13","3.0.1.1413","PSt7-10","180509-002","6/18/2019 6:15:17 AM","0000-00","0","no battery","V"
"07/13/2019","06:37:54","9","default","116269760","OXY_CH9","30.939","min","273.060","μmol/L","Humid","19.728","deg","102795","µV","20.187","°C","1013.000","hPa","36.5","pmil","0","55.690","deg","20.000","°C","100.000","%a.s.","22.400","deg","20.000","°C","962.000","hPa","0.861","-0.02617","0.00035","0","0","13.56","Humid","35.35","0","78.50","295984.89","SABD0002000014","AAV2.0.0.13","3.0.1.1413","PSt7-10","180509-002","6/18/2019 6:15:17 AM","0000-00","0","no battery","V"
"07/13/2019","06:37:55","9","default","116269760","OXY_CH9","30.955","min","273.012","μmol/L","Humid","19.728","deg","102783","µV","20.193","°C","1013.000","hPa","36.5","pmil","0","55.690","deg","20.000","°C","100.000","%a.s.","22.400","deg","20.000","°C","962.000","hPa","0.861","-0.02617","0.00035","0","0","13.56","Humid","35.35","0","78.50","295980.56","SABD0002000014","AAV2.0.0.13","3.0.1.1413","PSt7-10","180509-002","6/18/2019 6:15:17 AM","0000-00","0","no battery","V"
"07/13/2019","06:37:56","9","default","116269760","OXY_CH9","30.972","min","273.012","μmol/L","Humid","19.728","deg","102777","µV","20.193","°C","1013.000","hPa","36.5","pmil","0","55.690","deg","20.000","°C","100.000","%a.s.","22.400","deg","20.000","°C","962.000","hPa","0.861","-0.02617","0.00035","0","0","13.56","Humid","35.35","0","78.50","295982.09","SABD0002000014","AAV2.0.0.13","3.0.1.1413","PSt7-10","180509-002","6/18/2019 6:15:17 AM","0000-00","0","no battery","V"
"07/13/2019","06:37:57","9","default","116269760","OXY_CH9","30.989","min","273.112","μmol/L","Humid","19.724","deg","102768","µV","20.193","°C","1013.000","hPa","36.5","pmil","0","55.690","deg","20.000","°C","100.000","%a.s.","22.400","deg","20.000","°C","962.000","hPa","0.861","-0.02617","0.00035","0","0","13.56","Humid","35.35","0","78.50","295987.25","SABD0002000014","AAV2.0.0.13","3.0.1.1413","PSt7-10","180509-002","6/18/2019 6:15:17 AM","0000-00","0","no battery","V"
"07/13/2019","06:37:58","9","default","116269760","OXY_CH9","31.005","min","273.235","μmol/L","Humid","19.721","deg","102753","µV","20.187","°C","1013.000","hPa","36.5","pmil","0","55.690","deg","20.000","°C","100.000","%a.s.","22.400","deg","20.000","°C","962.000","hPa","0.861","-0.02617","0.00035","0","0","13.56","Humid","35.35","0","78.50","295982.87","SABD0002000014","AAV2.0.0.13","3.0.1.1413","PSt7-10","180509-002","6/18/2019 6:15:17 AM","0000-00","0","no battery","V"
"07/13/2019","06:37:59","9","default","116269760","OXY_CH9","31.023","min","273.235","μmol/L","Humid","19.721","deg","102753","µV","20.187","°C","1013.000","hPa","36.5","pmil","0","55.690","deg","20.000","°C","100.000","%a.s.","22.400","deg","20.000","°C","962.000","hPa","0.861","-0.02617","0.00035","0","0","13.56","Humid","35.35","0","78.50","295987.39","SABD0002000014","AAV2.0.0.13","3.0.1.1413","PSt7-10","180509-002","6/18/2019 6:15:17 AM","0000-00","0","no battery","V"
"07/13/2019","06:38:00","9","default","116269760","OXY_CH9","31.039","min","273.212","μmol/L","Humid","19.720","deg","102732","µV","20.193","°C","1013.000","hPa","36.5","pmil","0","55.690","deg","20.000","°C","100.000","%a.s.","22.400","deg","20.000","°C","962.000","hPa","0.861","-0.02617","0.00035","0","0","13.56","Humid","35.35","0","78.50","295979.10","SABD0002000014","AAV2.0.0.13","3.0.1.1413","PSt7-10","180509-002","6/18/2019 6:15:17 AM","0000-00","0","no battery","V"
"07/13/2019","06:38:01","9","default","116269760","OXY_CH9","31.056","min","273.235","μmol/L","Humid","19.721","deg","102730","µV","20.187","°C","1013.000","hPa","36.5","pmil","0","55.690","deg","20.000","°C","100.000","%a.s.","22.400","deg","20.000","°C","962.000","hPa","0.861","-0.02617","0.00035","0","0","13.56","Humid","35.35","0","78.50","295978.26","SABD0002000014","AAV2.0.0.13","3.0.1.1413","PSt7-10","180509-002","6/18/2019 6:15:17 AM","0000-00","0","no battery","V"
"07/13/2019","06:38:02","9","default","116269760","OXY_CH9","31.072","min","273.360","μmol/L","Humid","19.716","deg","102719","µV","20.187","°C","1013.000","hPa","36.5","pmil","0","55.690","deg","20.000","°C","100.000","%a.s.","22.400","deg","20.000","°C","962.000","hPa","0.861","-0.02617","0.00035","0","0","13.56","Humid","35.35","0","78.50","295976.58","SABD0002000014","AAV2.0.0.13","3.0.1.1413","PSt7-10","180509-002","6/18/2019 6:15:17 AM","0000-00","0","no battery","V"
"07/13/2019","06:38:03","9","default","116269760","OXY_CH9","31.089","min","273.335","μmol/L","Humid","19.717","deg","102709","µV","20.187","°C","1013.000","hPa","36.5","pmil","0","55.690","deg","20.000","°C","100.000","%a.s.","22.400","deg","20.000","°C","962.000","hPa","0.861","-0.02617","0.00035","0","0","13.56","Humid","35.35","0","78.50","295993.70","SABD0002000014","AAV2.0.0.13","3.0.1.1413","PSt7-10","180509-002","6/18/2019 6:15:17 AM","0000-00","0","no battery","V"
"07/13/2019","06:38:04","9","default","116269760","OXY_CH9","31.105","min","273.536","μmol/L","Humid","19.709","deg","102704","µV","20.187","°C","1013.000","hPa","36.5","pmil","0","55.690","deg","20.000","°C","100.000","%a.s.","22.400","deg","20.000","°C","962.000","hPa","0.861","-0.02617","0.00035","0","0","13.56","Humid","35.35","0","78.50","295975.30","SABD0002000014","AAV2.0.0.13","3.0.1.1413","PSt7-10","180509-002","6/18/2019 6:15:17 AM","0000-00","0","no battery","V"
"07/13/2019","06:38:05","9","default","116269760","OXY_CH9","31.123","min","273.510","μmol/L","Humid","19.710","deg","102689","µV","20.187","°C","1013.000","hPa","36.5","pmil","0","55.690","deg","20.000","°C","100.000","%a.s.","22.400","deg","20.000","°C","962.000","hPa","0.861","-0.02617","0.00035","0","0","13.56","Humid","35.35","0","78.50","295981.97","SABD0002000014","AAV2.0.0.13","3.0.1.1413","PSt7-10","180509-002","6/18/2019 6:15:17 AM","0000-00","0","no battery","V"
"07/13/2019","06:38:06","9","default","116269760","OXY_CH9","31.139","min","273.561","μmol/L","Humid","19.708","deg","102671","µV","20.187","°C","1013.000","hPa","36.5","pmil","0","55.690","deg","20.000","°C","100.000","%a.s.","22.400","deg","20.000","°C","962.000","hPa","0.861","-0.02617","0.00035","0","0","13.56","Humid","35.35","0","78.50","295990.73","SABD0002000014","AAV2.0.0.13","3.0.1.1413","PSt7-10","180509-002","6/18/2019 6:15:17 AM","0000-00","0","no battery","V"
"07/13/2019","06:38:07","9","default","116269760","OXY_CH9","31.156","min","273.537","μmol/L","Humid","19.707","deg","102661","µV","20.193","°C","1013.000","hPa","36.5","pmil","0","55.690","deg","20.000","°C","100.000","%a.s.","22.400","deg","20.000","°C","962.000","hPa","0.861","-0.02617","0.00035","0","0","13.56","Humid","35.35","0","78.50","295981.70","SABD0002000014","AAV2.0.0.13","3.0.1.1413","PSt7-10","180509-002","6/18/2019 6:15:17 AM","0000-00","0","no battery","V"
"07/13/2019","06:38:08","9","default","116269760","OXY_CH9","31.173","min","273.536","μmol/L","Humid","19.709","deg","102669","µV","20.187","°C","1013.000","hPa","36.5","pmil","0","55.690","deg","20.000","°C","100.000","%a.s.","22.400","deg","20.000","°C","962.000","hPa","0.861","-0.02617","0.00035","0","0","13.56","Humid","35.35","0","78.50","295983.74","SABD0002000014","AAV2.0.0.13","3.0.1.1413","PSt7-10","180509-002","6/18/2019 6:15:17 AM","0000-00","0","no battery","V"
"07/13/2019","06:38:09","9","default","116269760","OXY_CH9","31.189","min","273.711","μmol/L","Humid","19.702","deg","102655","µV","20.187","°C","1013.000","hPa","36.5","pmil","0","55.690","deg","20.000","°C","100.000","%a.s.","22.400","deg","20.000","°C","962.000","hPa","0.861","-0.02617","0.00035","0","0","13.56","Humid","35.35","0","78.50","295972.73","SABD0002000014","AAV2.0.0.13","3.0.1.1413","PSt7-10","180509-002","6/18/2019 6:15:17 AM","0000-00","0","no battery","V"
"07/13/2019","06:38:10","9","default","116269760","OXY_CH9","31.205","min","273.636","μmol/L","Humid","19.705","deg","102641","µV","20.187","°C","1013.000","hPa","36.5","pmil","0","55.690","deg","20.000","°C","100.000","%a.s.","22.400","deg","20.000","°C","962.000","hPa","0.861","-0.02617","0.00035","0","0","13.56","Humid","35.35","0","78.50","295960.52","SABD0002000014","AAV2.0.0.13","3.0.1.1413","PSt7-10","180509-002","6/18/2019 6:15:17 AM","0000-00","0","no battery","V"
"07/13/2019","06:38:11","9","default","116269760","OXY_CH9","31.222","min","273.686","μmol/L","Humid","19.703","deg","102639","µV","20.187","°C","1013.000","hPa","36.5","pmil","0","55.690","deg","20.000","°C","100.000","%a.s.","22.400","deg","20.000","°C","962.000","hPa","0.861","-0.02617","0.00035","0","0","13.56","Humid","35.35","0","78.50","295977.80","SABD0002000014","AAV2.0.0.13","3.0.1.1413","PSt7-10","180509-002","6/18/2019 6:15:17 AM","0000-00","0","no battery","V"
"07/13/2019","06:38:12","9","default","116269760","OXY_CH9","31.239","min","273.736","μmol/L","Humid","19.701","deg","102632","µV","20.187","°C","1013.000","hPa","36.5","pmil","0","55.690","deg","20.000","°C","100.000","%a.s.","22.400","deg","20.000","°C","962.000","hPa","0.861","-0.02617","0.00035","0","0","13.56","Humid","35.35","0","78.50","295965.54","SABD0002000014","AAV2.0.0.13","3.0.1.1413","PSt7-10","180509-002","6/18/2019 6:15:17 AM","0000-00","0","no battery","V"
"07/13/2019","06:38:13","9","default","116269760","OXY_CH9","31.256","min","273.736","μmol/L","Humid","19.701","deg","102618","µV","20.187","°C","1013.000","hPa","36.5","pmil","0","55.690","deg","20.000","°C","100.000","%a.s.","22.400","deg","20.000","°C","962.000","hPa","0.861","-0.02617","0.00035","0","0","13.56","Humid","35.35","0","78.50","295974.64","SABD0002000014","AAV2.0.0.13","3.0.1.1413","PSt7-10","180509-002","6/18/2019 6:15:17 AM","0000-00","0","no battery","V"
"07/13/2019","06:38:14","9","default","116269760","OXY_CH9","31.273","min","273.663","μmol/L","Humid","19.702","deg","102616","µV","20.193","°C","1013.000","hPa","36.5","pmil","0","55.690","deg","20.000","°C","100.000","%a.s.","22.400","deg","20.000","°C","962.000","hPa","0.861","-0.02617","0.00035","0","0","13.56","Humid","35.35","0","78.50","295965.86","SABD0002000014","AAV2.0.0.13","3.0.1.1413","PSt7-10","180509-002","6/18/2019 6:15:17 AM","0000-00","0","no battery","V"
"07/13/2019","06:38:15","9","default","116269760","OXY_CH9","31.289","min","273.786","μmol/L","Humid","19.699","deg","102604","µV","20.187","°C","1013.000","hPa","36.5","pmil","0","55.690","deg","20.000","°C","100.000","%a.s.","22.400","deg","20.000","°C","962.000","hPa","0.861","-0.02617","0.00035","0","0","13.56","Humid","35.35","0","78.50","295963.40","SABD0002000014","AAV2.0.0.13","3.0.1.1413","PSt7-10","180509-002","6/18/2019 6:15:17 AM","0000-00","0","no battery","V"
"07/13/2019","06:38:16","9","default","116269760","OXY_CH9","31.307","min","273.885","μmol/L","Humid","19.697","deg","102600","µV","20.181","°C","1013.000","hPa","36.5","pmil","0","55.690","deg","20.000","°C","100.000","%a.s.","22.400","deg","20.000","°C","962.000","hPa","0.861","-0.02617","0.00035","0","0","13.56","Humid","35.35","0","78.50","295974.98","SABD0002000014","AAV2.0.0.13","3.0.1.1413","PSt7-10","180509-002","6/18/2019 6:15:17 AM","0000-00","0","no battery","V"
"07/13/2019","06:38:17","9","default","116269760","OXY_CH9","31.322","min","273.738","μmol/L","Humid","19.699","deg","102588","µV","20.193","°C","1013.000","hPa","36.5","pmil","0","55.690","deg","20.000","°C","100.000","%a.s.","22.400","deg","20.000","°C","962.000","hPa","0.861","-0.02617","0.00035","0","0","13.56","Humid","35.35","0","78.50","295957.34","SABD0002000014","AAV2.0.0.13","3.0.1.1413","PSt7-10","180509-002","6/18/2019 6:15:17 AM","0000-00","0","no battery","V"
"07/13/2019","06:38:18","9","default","116269760","OXY_CH9","31.339","min","273.937","μmol/L","Humid","19.693","deg","102581","µV","20.187","°C","1013.000","hPa","36.5","pmil","0","55.690","deg","20.000","°C","100.000","%a.s.","22.400","deg","20.000","°C","962.000","hPa","0.861","-0.02617","0.00035","0","0","13.56","Humid","35.35","0","78.50","295960.42","SABD0002000014","AAV2.0.0.13","3.0.1.1413","PSt7-10","180509-002","6/18/2019 6:15:17 AM","0000-00","0","no battery","V"
"07/13/2019","06:38:19","9","default","116269760","OXY_CH9","31.355","min","274.086","μmol/L","Humid","19.689","deg","102572","µV","20.181","°C","1013.000","hPa","36.5","pmil","0","55.690","deg","20.000","°C","100.000","%a.s.","22.400","deg","20.000","°C","962.000","hPa","0.861","-0.02617","0.00035","0","0","13.56","Humid","35.35","0","78.50","295969.85","SABD0002000014","AAV2.0.0.13","3.0.1.1413","PSt7-10","180509-002","6/18/2019 6:15:17 AM","0000-00","0","no battery","V"
"07/13/2019","06:38:20","9","default","116269760","OXY_CH9","31.372","min","274.014","μmol/L","Humid","19.688","deg","102558","µV","20.193","°C","1013.000","hPa","36.5","pmil","0","55.690","deg","20.000","°C","100.000","%a.s.","22.400","deg","20.000","°C","962.000","hPa","0.861","-0.02617","0.00035","0","0","13.56","Humid","35.35","0","78.50","295974.27","SABD0002000014","AAV2.0.0.13","3.0.1.1413","PSt7-10","180509-002","6/18/2019 6:15:17 AM","0000-00","0","no battery","V"
"07/13/2019","06:38:21","9","default","116269760","OXY_CH9","31.389","min","273.987","μmol/L","Humid","19.691","deg","102551","µV","20.187","°C","1013.000","hPa","36.5","pmil","0","55.690","deg","20.000","°C","100.000","%a.s.","22.400","deg","20.000","°C","962.000","hPa","0.861","-0.02617","0.00035","0","0","13.56","Humid","35.35","0","78.50","295962.96","SABD0002000014","AAV2.0.0.13","3.0.1.1413","PSt7-10","180509-002","6/18/2019 6:15:17 AM","0000-00","0","no battery","V"
"07/13/2019","06:38:22","9","default","116269760","OXY_CH9","31.406","min","274.063","μmol/L","Humid","19.688","deg","102548","µV","20.187","°C","1013.000","hPa","36.5","pmil","0","55.690","deg","20.000","°C","100.000","%a.s.","22.400","deg","20.000","°C","962.000","hPa","0.861","-0.02617","0.00035","0","0","13.56","Humid","35.35","0","78.50","295966.50","SABD0002000014","AAV2.0.0.13","3.0.1.1413","PSt7-10","180509-002","6/18/2019 6:15:17 AM","0000-00","0","no battery","V"
"07/13/2019","06:38:23","9","default","116269760","OXY_CH9","31.422","min","273.989","μmol/L","Humid","19.689","deg","102537","µV","20.193","°C","1013.000","hPa","36.5","pmil","0","55.690","deg","20.000","°C","100.000","%a.s.","22.400","deg","20.000","°C","962.000","hPa","0.861","-0.02617","0.00035","0","0","13.56","Humid","35.35","0","78.50","295949.32","SABD0002000014","AAV2.0.0.13","3.0.1.1413","PSt7-10","180509-002","6/18/2019 6:15:17 AM","0000-00","0","no battery","V"
"07/13/2019","06:38:24","9","default","116269760","OXY_CH9","31.439","min","274.037","μmol/L","Humid","19.689","deg","102528","µV","20.187","°C","1013.000","hPa","36.5","pmil","0","55.690","deg","20.000","°C","100.000","%a.s.","22.400","deg","20.000","°C","962.000","hPa","0.861","-0.02617","0.00035","0","0","13.56","Humid","35.35","0","78.50","295960.63","SABD0002000014","AAV2.0.0.13","3.0.1.1413","PSt7-10","180509-002","6/18/2019 6:15:17 AM","0000-00","0","no battery","V"
"07/13/2019","06:38:25","9","default","116269760","OXY_CH9","31.455","min","274.090","μmol/L","Humid","19.685","deg","102524","µV","20.193","°C","1013.000","hPa","36.5","pmil","0","55.690","deg","20.000","°C","100.000","%a.s.","22.400","deg","20.000","°C","962.000","hPa","0.861","-0.02617","0.00035","0","0","13.56","Humid","35.35","0","78.50","295963.25","SABD0002000014","AAV2.0.0.13","3.0.1.1413","PSt7-10","180509-002","6/18/2019 6:15:17 AM","0000-00","0","no battery","V"
"07/13/2019","06:38:26","9","default","116269760","OXY_CH9","31.472","min","274.113","μmol/L","Humid","19.686","deg","102516","µV","20.187","°C","1013.000","hPa","36.5","pmil","0","55.690","deg","20.000","°C","100.000","%a.s.","22.400","deg","20.000","°C","962.000","hPa","0.861","-0.02617","0.00035","0","0","13.56","Humid","35.35","0","78.50","295982.87","SABD0002000014","AAV2.0.0.13","3.0.1.1413","PSt7-10","180509-002","6/18/2019 6:15:17 AM","0000-00","0","no battery","V"
"07/13/2019","06:38:27","9","default","116269760","OXY_CH9","31.489","min","274.213","μmol/L","Humid","19.682","deg","102504","µV","20.187","°C","1013.000","hPa","36.5","pmil","0","55.690","deg","20.000","°C","100.000","%a.s.","22.400","deg","20.000","°C","962.000","hPa","0.861","-0.02617","0.00035","0","0","13.56","Humid","35.35","0","78.50","295953.80","SABD0002000014","AAV2.0.0.13","3.0.1.1413","PSt7-10","180509-002","6/18/2019 6:15:17 AM","0000-00","0","no battery","V"
"07/13/2019","06:38:28","9","default","116269760","OXY_CH9","31.505","min","274.264","μmol/L","Humid","19.680","deg","102492","µV","20.187","°C","1013.000","hPa","36.5","pmil","0","55.690","deg","20.000","°C","100.000","%a.s.","22.400","deg","20.000","°C","962.000","hPa","0.861","-0.02617","0.00035","0","0","13.56","Humid","35.35","0","78.50","295953.30","SABD0002000014","AAV2.0.0.13","3.0.1.1413","PSt7-10","180509-002","6/18/2019 6:15:17 AM","0000-00","0","no battery","V"
"07/13/2019","06:38:29","9","default","116269760","OXY_CH9","31.522","min","274.188","μmol/L","Humid","19.683","deg","102498","µV","20.187","°C","1013.000","hPa","36.5","pmil","0","55.690","deg","20.000","°C","100.000","%a.s.","22.400","deg","20.000","°C","962.000","hPa","0.861","-0.02617","0.00035","0","0","13.56","Humid","35.35","0","78.50","295955.44","SABD0002000014","AAV2.0.0.13","3.0.1.1413","PSt7-10","180509-002","6/18/2019 6:15:17 AM","0000-00","0","no battery","V"
"07/13/2019","06:38:30","9","default","116269760","OXY_CH9","31.539","min","274.289","μmol/L","Humid","19.679","deg","102497","µV","20.187","°C","1013.000","hPa","36.5","pmil","0","55.690","deg","20.000","°C","100.000","%a.s.","22.400","deg","20.000","°C","962.000","hPa","0.861","-0.02617","0.00035","0","0","13.56","Humid","35.35","0","78.50","295971.84","SABD0002000014","AAV2.0.0.13","3.0.1.1413","PSt7-10","180509-002","6/18/2019 6:15:17 AM","0000-00","0","no battery","V"
"07/13/2019","06:38:31","9","default","116269760","OXY_CH9","31.555","min","274.190","μmol/L","Humid","19.681","deg","102480","µV","20.193","°C","1013.000","hPa","36.5","pmil","0","55.690","deg","20.000","°C","100.000","%a.s.","22.400","deg","20.000","°C","962.000","hPa","0.861","-0.02617","0.00035","0","0","13.56","Humid","35.35","0","78.50","295965.12","SABD0002000014","AAV2.0.0.13","3.0.1.1413","PSt7-10","180509-002","6/18/2019 6:15:17 AM","0000-00","0","no battery","V"
"07/13/2019","06:38:32","9","default","116269760","OXY_CH9","31.572","min","274.266","μmol/L","Humid","19.678","deg","102469","µV","20.193","°C","1013.000","hPa","36.5","pmil","0","55.690","deg","20.000","°C","100.000","%a.s.","22.400","deg","20.000","°C","962.000","hPa","0.861","-0.02617","0.00035","0","0","13.56","Humid","35.35","0","78.50","295970.00","SABD0002000014","AAV2.0.0.13","3.0.1.1413","PSt7-10","180509-002","6/18/2019 6:15:17 AM","0000-00","0","no battery","V"
"07/13/2019","06:38:33","9","default","116269760","OXY_CH9","31.589","min","274.291","μmol/L","Humid","19.677","deg","102457","µV","20.193","°C","1013.000","hPa","36.5","pmil","0","55.690","deg","20.000","°C","100.000","%a.s.","22.400","deg","20.000","°C","962.000","hPa","0.861","-0.02617","0.00035","0","0","13.56","Humid","35.35","0","78.50","295970.27","SABD0002000014","AAV2.0.0.13","3.0.1.1413","PSt7-10","180509-002","6/18/2019 6:15:17 AM","0000-00","0","no battery","V"
"07/13/2019","06:38:34","9","default","116269760","OXY_CH9","31.606","min","274.366","μmol/L","Humid","19.674","deg","102455","µV","20.193","°C","1013.000","hPa","36.5","pmil","0","55.690","deg","20.000","°C","100.000","%a.s.","22.400","deg","20.000","°C","962.000","hPa","0.861","-0.02617","0.00035","0","0","13.56","Humid","35.35","0","78.50","295976.54","SABD0002000014","AAV2.0.0.13","3.0.1.1413","PSt7-10","180509-002","6/18/2019 6:15:17 AM","0000-00","0","no battery","V"
"07/13/2019","06:38:35","9","default","116269760","OXY_CH9","31.622","min","274.415","μmol/L","Humid","19.674","deg","102447","µV","20.187","°C","1013.000","hPa","36.5","pmil","0","55.690","deg","20.000","°C","100.000","%a.s.","22.400","deg","20.000","°C","962.000","hPa","0.861","-0.02617","0.00035","0","0","13.56","Humid","35.35","0","78.50","295973.08","SABD0002000014","AAV2.0.0.13","3.0.1.1413","PSt7-10","180509-002","6/18/2019 6:15:17 AM","0000-00","0","no battery","V"
"07/13/2019","06:38:36","9","default","116269760","OXY_CH9","31.639","min","274.490","μmol/L","Humid","19.671","deg","102435","µV","20.187","°C","1013.000","hPa","36.5","pmil","0","55.690","deg","20.000","°C","100.000","%a.s.","22.400","deg","20.000","°C","962.000","hPa","0.861","-0.02617","0.00035","0","0","13.56","Humid","35.35","0","78.50","295958.86","SABD0002000014","AAV2.0.0.13","3.0.1.1413","PSt7-10","180509-002","6/18/2019 6:15:17 AM","0000-00","0","no battery","V"
"07/13/2019","06:38:37","9","default","116269760","OXY_CH9","31.655","min","274.492","μmol/L","Humid","19.669","deg","102424","µV","20.193","°C","1013.000","hPa","36.5","pmil","0","55.690","deg","20.000","°C","100.000","%a.s.","22.400","deg","20.000","°C","962.000","hPa","0.861","-0.02617","0.00035","0","0","13.56","Humid","35.35","0","78.50","295962.02","SABD0002000014","AAV2.0.0.13","3.0.1.1413","PSt7-10","180509-002","6/18/2019 6:15:17 AM","0000-00","0","no battery","V"
"07/13/2019","06:38:38","9","default","116269760","OXY_CH9","31.672","min","274.515","μmol/L","Humid","19.670","deg","102417","µV","20.187","°C","1013.000","hPa","36.5","pmil","0","55.690","deg","20.000","°C","100.000","%a.s.","22.400","deg","20.000","°C","962.000","hPa","0.861","-0.02617","0.00035","0","0","13.56","Humid","35.35","0","78.50","295952.33","SABD0002000014","AAV2.0.0.13","3.0.1.1413","PSt7-10","180509-002","6/18/2019 6:15:17 AM","0000-00","0","no battery","V"
"07/13/2019","06:38:39","9","default","116269760","OXY_CH9","31.689","min","274.591","μmol/L","Humid","19.667","deg","102412","µV","20.187","°C","1013.000","hPa","36.5","pmil","0","55.690","deg","20.000","°C","100.000","%a.s.","22.400","deg","20.000","°C","962.000","hPa","0.861","-0.02617","0.00035","0","0","13.56","Humid","35.35","0","78.50","295955.48","SABD0002000014","AAV2.0.0.13","3.0.1.1413","PSt7-10","180509-002","6/18/2019 6:15:17 AM","0000-00","0","no battery","V"
"07/13/2019","06:38:40","9","default","116269760","OXY_CH9","31.706","min","274.492","μmol/L","Humid","19.669","deg","102400","µV","20.193","°C","1013.000","hPa","36.5","pmil","0","55.690","deg","20.000","°C","100.000","%a.s.","22.400","deg","20.000","°C","962.000","hPa","0.861","-0.02617","0.00035","0","0","13.56","Humid","35.35","0","78.50","295960.66","SABD0002000014","AAV2.0.0.13","3.0.1.1413","PSt7-10","180509-002","6/18/2019 6:15:17 AM","0000-00","0","no battery","V"
"07/13/2019","06:38:41","9","default","116269760","OXY_CH9","31.722","min","274.717","μmol/L","Humid","19.662","deg","102406","µV","20.187","°C","1013.000","hPa","36.5","pmil","0","55.690","deg","20.000","°C","100.000","%a.s.","22.400","deg","20.000","°C","962.000","hPa","0.861","-0.02617","0.00035","0","0","13.56","Humid","35.35","0","78.50","295958.88","SABD0002000014","AAV2.0.0.13","3.0.1.1413","PSt7-10","180509-002","6/18/2019 6:15:17 AM","0000-00","0","no battery","V"
"07/13/2019","06:38:42","9","default","116269760","OXY_CH9","31.739","min","274.740","μmol/L","Humid","19.663","deg","102386","µV","20.181","°C","1013.000","hPa","36.5","pmil","0","55.690","deg","20.000","°C","100.000","%a.s.","22.400","deg","20.000","°C","962.000","hPa","0.861","-0.02617","0.00035","0","0","13.56","Humid","35.35","0","78.50","295961.12","SABD0002000014","AAV2.0.0.13","3.0.1.1413","PSt7-10","180509-002","6/18/2019 6:15:17 AM","0000-00","0","no battery","V"
"07/13/2019","06:38:43","9","default","116269760","OXY_CH9","31.756","min","274.818","μmol/L","Humid","19.658","deg","102380","µV","20.187","°C","1013.000","hPa","36.5","pmil","0","55.690","deg","20.000","°C","100.000","%a.s.","22.400","deg","20.000","°C","962.000","hPa","0.861","-0.02617","0.00035","0","0","13.56","Humid","35.35","0","78.50","295954.97","SABD0002000014","AAV2.0.0.13","3.0.1.1413","PSt7-10","180509-002","6/18/2019 6:15:17 AM","0000-00","0","no battery","V"
"07/13/2019","06:38:44","9","default","116269760","OXY_CH9","31.773","min","274.694","μmol/L","Humid","19.661","deg","102363","µV","20.193","°C","1013.000","hPa","36.5","pmil","0","55.690","deg","20.000","°C","100.000","%a.s.","22.400","deg","20.000","°C","962.000","hPa","0.861","-0.02617","0.00035","0","0","13.56","Humid","35.35","0","78.50","295962.15","SABD0002000014","AAV2.0.0.13","3.0.1.1413","PSt7-10","180509-002","6/18/2019 6:15:17 AM","0000-00","0","no battery","V"
"07/13/2019","06:38:45","9","default","116269760","OXY_CH9","31.789","min","274.769","μmol/L","Humid","19.658","deg","102353","µV","20.193","°C","1013.000","hPa","36.5","pmil","0","55.690","deg","20.000","°C","100.000","%a.s.","22.400","deg","20.000","°C","962.000","hPa","0.861","-0.02617","0.00035","0","0","13.56","Humid","35.35","0","78.50","295960.84","SABD0002000014","AAV2.0.0.13","3.0.1.1413","PSt7-10","180509-002","6/18/2019 6:15:17 AM","0000-00","0","no battery","V"
"07/13/2019","06:38:46","9","default","116269760","OXY_CH9","31.805","min","274.793","μmol/L","Humid","19.659","deg","102351","µV","20.187","°C","1013.000","hPa","36.5","pmil","0","55.690","deg","20.000","°C","100.000","%a.s.","22.400","deg","20.000","°C","962.000","hPa","0.861","-0.02617","0.00035","0","0","13.56","Humid","35.35","0","78.50","295954.58","SABD0002000014","AAV2.0.0.13","3.0.1.1413","PSt7-10","180509-002","6/18/2019 6:15:17 AM","0000-00","0","no battery","V"
"07/13/2019","06:38:47","9","default","116269760","OXY_CH9","31.822","min","274.719","μmol/L","Humid","19.660","deg","102340","µV","20.193","°C","1013.000","hPa","36.5","pmil","0","55.690","deg","20.000","°C","100.000","%a.s.","22.400","deg","20.000","°C","962.000","hPa","0.861","-0.02617","0.00035","0","0","13.56","Humid","35.35","0","78.50","295959.92","SABD0002000014","AAV2.0.0.13","3.0.1.1413","PSt7-10","180509-002","6/18/2019 6:15:17 AM","0000-00","0","no battery","V"
"07/13/2019","06:38:48","9","default","116269760","OXY_CH9","31.839","min","274.870","μmol/L","Humid","19.654","deg","102330","µV","20.193","°C","1013.000","hPa","36.5","pmil","0","55.690","deg","20.000","°C","100.000","%a.s.","22.400","deg","20.000","°C","962.000","hPa","0.861","-0.02617","0.00035","0","0","13.56","Humid","35.35","0","78.50","295970.54","SABD0002000014","AAV2.0.0.13","3.0.1.1413","PSt7-10","180509-002","6/18/2019 6:15:17 AM","0000-00","0","no battery","V"
"07/13/2019","06:38:49","9","default","116269760","OXY_CH9","31.856","min","274.895","μmol/L","Humid","19.653","deg","102320","µV","20.193","°C","1013.000","hPa","36.5","pmil","0","55.690","deg","20.000","°C","100.000","%a.s.","22.400","deg","20.000","°C","962.000","hPa","0.861","-0.02617","0.00035","0","0","13.56","Humid","35.35","0","78.50","295962.53","SABD0002000014","AAV2.0.0.13","3.0.1.1413","PSt7-10","180509-002","6/18/2019 6:15:17 AM","0000-00","0","no battery","V"
"07/13/2019","06:38:50","9","default","116269760","OXY_CH9","31.872","min","274.944","μmol/L","Humid","19.653","deg","102313","µV","20.187","°C","1013.000","hPa","36.5","pmil","0","55.690","deg","20.000","°C","100.000","%a.s.","22.400","deg","20.000","°C","962.000","hPa","0.861","-0.02617","0.00035","0","0","13.56","Humid","35.35","0","78.50","295960.61","SABD0002000014","AAV2.0.0.13","3.0.1.1413","PSt7-10","180509-002","6/18/2019 6:15:17 AM","0000-00","0","no battery","V"
"07/13/2019","06:38:51","9","default","116269760","OXY_CH9","31.889","min","274.969","μmol/L","Humid","19.652","deg","102311","µV","20.187","°C","1013.000","hPa","36.5","pmil","0","55.690","deg","20.000","°C","100.000","%a.s.","22.400","deg","20.000","°C","962.000","hPa","0.861","-0.02617","0.00035","0","0","13.56","Humid","35.35","0","78.50","295958.73","SABD0002000014","AAV2.0.0.13","3.0.1.1413","PSt7-10","180509-002","6/18/2019 6:15:17 AM","0000-00","0","no battery","V"
"07/13/2019","06:38:52","9","default","116269760","OXY_CH9","31.906","min","275.119","μmol/L","Humid","19.648","deg","102305","µV","20.181","°C","1013.000","hPa","36.5","pmil","0","55.690","deg","20.000","°C","100.000","%a.s.","22.400","deg","20.000","°C","962.000","hPa","0.861","-0.02617","0.00035","0","0","13.56","Humid","35.35","0","78.50","295956.63","SABD0002000014","AAV2.0.0.13","3.0.1.1413","PSt7-10","180509-002","6/18/2019 6:15:17 AM","0000-00","0","no battery","V"
"07/13/2019","06:38:53","9","default","116269760","OXY_CH9","31.922","min","275.022","μmol/L","Humid","19.648","deg","102291","µV","20.193","°C","1013.000","hPa","36.5","pmil","0","55.690","deg","20.000","°C","100.000","%a.s.","22.400","deg","20.000","°C","962.000","hPa","0.861","-0.02617","0.00035","0","0","13.56","Humid","35.35","0","78.50","295956.21","SABD0002000014","AAV2.0.0.13","3.0.1.1413","PSt7-10","180509-002","6/18/2019 6:15:17 AM","0000-00","0","no battery","V"
"07/13/2019","06:38:54","9","default","116269760","OXY_CH9","31.939","min","274.996","μmol/L","Humid","19.649","deg","102286","µV","20.193","°C","1013.000","hPa","36.5","pmil","0","55.690","deg","20.000","°C","100.000","%a.s.","22.400","deg","20.000","°C","962.000","hPa","0.861","-0.02617","0.00035","0","0","13.56","Humid","35.35","0","78.50","295960.23","SABD0002000014","AAV2.0.0.13","3.0.1.1413","PSt7-10","180509-002","6/18/2019 6:15:17 AM","0000-00","0","no battery","V"
"07/13/2019","06:38:55","9","default","116269760","OXY_CH9","31.956","min","275.171","μmol/L","Humid","19.644","deg","102271","µV","20.187","°C","1013.000","hPa","36.5","pmil","0","55.690","deg","20.000","°C","100.000","%a.s.","22.400","deg","20.000","°C","962.000","hPa","0.861","-0.02617","0.00035","0","0","13.56","Humid","35.35","0","78.50","295950.49","SABD0002000014","AAV2.0.0.13","3.0.1.1413","PSt7-10","180509-002","6/18/2019 6:15:17 AM","0000-00","0","no battery","V"
"07/13/2019","06:38:56","9","default","116269760","OXY_CH9","31.973","min","275.146","μmol/L","Humid","19.645","deg","102257","µV","20.187","°C","1013.000","hPa","36.5","pmil","0","55.690","deg","20.000","°C","100.000","%a.s.","22.400","deg","20.000","°C","962.000","hPa","0.861","-0.02617","0.00035","0","0","13.56","Humid","35.35","0","78.50","295959.04","SABD0002000014","AAV2.0.0.13","3.0.1.1413","PSt7-10","180509-002","6/18/2019 6:15:17 AM","0000-00","0","no battery","V"
"07/13/2019","06:38:57","9","default","116269760","OXY_CH9","31.989","min","275.097","μmol/L","Humid","19.645","deg","102254","µV","20.193","°C","1013.000","hPa","36.5","pmil","0","55.690","deg","20.000","°C","100.000","%a.s.","22.400","deg","20.000","°C","962.000","hPa","0.861","-0.02617","0.00035","0","0","13.56","Humid","35.35","0","78.50","295945.84","SABD0002000014","AAV2.0.0.13","3.0.1.1413","PSt7-10","180509-002","6/18/2019 6:15:17 AM","0000-00","0","no battery","V"
"07/13/2019","06:38:58","9","default","116269760","OXY_CH9","32.006","min","275.247","μmol/L","Humid","19.641","deg","102245","µV","20.187","°C","1013.000","hPa","36.5","pmil","0","55.690","deg","20.000","°C","100.000","%a.s.","22.400","deg","20.000","°C","962.000","hPa","0.861","-0.02617","0.00035","0","0","13.56","Humid","35.35","0","78.50","295948.80","SABD0002000014","AAV2.0.0.13","3.0.1.1413","PSt7-10","180509-002","6/18/2019 6:15:17 AM","0000-00","0","no battery","V"
"07/13/2019","06:38:59","9","default","116269760","OXY_CH9","32.022","min","275.222","μmol/L","Humid","19.642","deg","102238","µV","20.187","°C","1013.000","hPa","36.5","pmil","0","55.690","deg","20.000","°C","100.000","%a.s.","22.400","deg","20.000","°C","962.000","hPa","0.861","-0.02617","0.00035","0","0","13.56","Humid","35.35","0","78.50","295961.77","SABD0002000014","AAV2.0.0.13","3.0.1.1413","PSt7-10","180509-002","6/18/2019 6:15:17 AM","0000-00","0","no battery","V"
"07/13/2019","06:39:00","9","default","116269760","OXY_CH9","32.039","min","275.296","μmol/L","Humid","19.641","deg","102223","µV","20.181","°C","1013.000","hPa","36.5","pmil","0","55.690","deg","20.000","°C","100.000","%a.s.","22.400","deg","20.000","°C","962.000","hPa","0.861","-0.02617","0.00035","0","0","13.56","Humid","35.35","0","78.50","295955.55","SABD0002000014","AAV2.0.0.13","3.0.1.1413","PSt7-10","180509-002","6/18/2019 6:15:17 AM","0000-00","0","no battery","V"
"07/13/2019","06:39:01","9","default","116269760","OXY_CH9","32.056","min","275.373","μmol/L","Humid","19.636","deg","102217","µV","20.187","°C","1013.000","hPa","36.5","pmil","0","55.690","deg","20.000","°C","100.000","%a.s.","22.400","deg","20.000","°C","962.000","hPa","0.861","-0.02617","0.00035","0","0","13.56","Humid","35.35","0","78.50","295966.37","SABD0002000014","AAV2.0.0.13","3.0.1.1413","PSt7-10","180509-002","6/18/2019 6:15:17 AM","0000-00","0","no battery","V"
"07/13/2019","06:39:02","9","default","116269760","OXY_CH9","32.072","min","275.475","μmol/L","Humid","19.632","deg","102210","µV","20.187","°C","1013.000","hPa","36.5","pmil","0","55.690","deg","20.000","°C","100.000","%a.s.","22.400","deg","20.000","°C","962.000","hPa","0.861","-0.02617","0.00035","0","0","13.56","Humid","35.35","0","78.50","295949.91","SABD0002000014","AAV2.0.0.13","3.0.1.1413","PSt7-10","180509-002","6/18/2019 6:15:17 AM","0000-00","0","no battery","V"
"07/13/2019","06:39:03","9","default","116269760","OXY_CH9","32.089","min","275.348","μmol/L","Humid","19.637","deg","102207","µV","20.187","°C","1013.000","hPa","36.5","pmil","0","55.690","deg","20.000","°C","100.000","%a.s.","22.400","deg","20.000","°C","962.000","hPa","0.861","-0.02617","0.00035","0","0","13.56","Humid","35.35","0","78.50","295945.71","SABD0002000014","AAV2.0.0.13","3.0.1.1413","PSt7-10","180509-002","6/18/2019 6:15:17 AM","0000-00","0","no battery","V"
"07/13/2019","06:39:04","9","default","116269760","OXY_CH9","32.105","min","275.576","μmol/L","Humid","19.628","deg","102194","µV","20.187","°C","1013.000","hPa","36.5","pmil","0","55.690","deg","20.000","°C","100.000","%a.s.","22.400","deg","20.000","°C","962.000","hPa","0.861","-0.02617","0.00035","0","0","13.56","Humid","35.35","0","78.50","295943.15","SABD0002000014","AAV2.0.0.13","3.0.1.1413","PSt7-10","180509-002","6/18/2019 6:15:17 AM","0000-00","0","no battery","V"
"07/13/2019","06:39:05","9","default","116269760","OXY_CH9","32.122","min","275.475","μmol/L","Humid","19.632","deg","102183","µV","20.187","°C","1013.000","hPa","36.5","pmil","0","55.690","deg","20.000","°C","100.000","%a.s.","22.400","deg","20.000","°C","962.000","hPa","0.861","-0.02617","0.00035","0","0","13.56","Humid","35.35","0","78.50","295968.16","SABD0002000014","AAV2.0.0.13","3.0.1.1413","PSt7-10","180509-002","6/18/2019 6:15:17 AM","0000-00","0","no battery","V"
"07/13/2019","06:39:06","9","default","116269760","OXY_CH9","32.139","min","275.552","μmol/L","Humid","19.627","deg","102167","µV","20.193","°C","1013.000","hPa","36.5","pmil","0","55.690","deg","20.000","°C","100.000","%a.s.","22.400","deg","20.000","°C","962.000","hPa","0.861","-0.02617","0.00035","0","0","13.56","Humid","35.35","0","78.50","295946.28","SABD0002000014","AAV2.0.0.13","3.0.1.1413","PSt7-10","180509-002","6/18/2019 6:15:17 AM","0000-00","0","no battery","V"
"07/13/2019","06:39:07","9","default","116269760","OXY_CH9","32.155","min","275.527","μmol/L","Humid","19.628","deg","102162","µV","20.193","°C","1013.000","hPa","36.5","pmil","0","55.690","deg","20.000","°C","100.000","%a.s.","22.400","deg","20.000","°C","962.000","hPa","0.861","-0.02617","0.00035","0","0","13.56","Humid","35.35","0","78.50","295946.82","SABD0002000014","AAV2.0.0.13","3.0.1.1413","PSt7-10","180509-002","6/18/2019 6:15:17 AM","0000-00","0","no battery","V"
"07/13/2019","06:39:08","9","default","116269760","OXY_CH9","32.172","min","275.576","μmol/L","Humid","19.628","deg","102153","µV","20.187","°C","1013.000","hPa","36.5","pmil","0","55.690","deg","20.000","°C","100.000","%a.s.","22.400","deg","20.000","°C","962.000","hPa","0.861","-0.02617","0.00035","0","0","13.56","Humid","35.35","0","78.50","295951.07","SABD0002000014","AAV2.0.0.13","3.0.1.1413","PSt7-10","180509-002","6/18/2019 6:15:17 AM","0000-00","0","no battery","V"
"07/13/2019","06:39:09","9","default","116269760","OXY_CH9","32.189","min","275.578","μmol/L","Humid","19.626","deg","102140","µV","20.193","°C","1013.000","hPa","36.5","pmil","0","55.690","deg","20.000","°C","100.000","%a.s.","22.400","deg","20.000","°C","962.000","hPa","0.861","-0.02617","0.00035","0","0","13.56","Humid","35.35","0","78.50","295949.50","SABD0002000014","AAV2.0.0.13","3.0.1.1413","PSt7-10","180509-002","6/18/2019 6:15:17 AM","0000-00","0","no battery","V"
"07/13/2019","06:39:10","9","default","116269760","OXY_CH9","32.205","min","275.700","μmol/L","Humid","19.625","deg","102133","µV","20.181","°C","1013.000","hPa","36.5","pmil","0","55.690","deg","20.000","°C","100.000","%a.s.","22.400","deg","20.000","°C","962.000","hPa","0.861","-0.02617","0.00035","0","0","13.56","Humid","35.35","0","78.50","295961.67","SABD0002000014","AAV2.0.0.13","3.0.1.1413","PSt7-10","180509-002","6/18/2019 6:15:17 AM","0000-00","0","no battery","V"
"07/13/2019","06:39:11","9","default","116269760","OXY_CH9","32.223","min","275.753","μmol/L","Humid","19.621","deg","102113","µV","20.187","°C","1013.000","hPa","36.5","pmil","0","55.690","deg","20.000","°C","100.000","%a.s.","22.400","deg","20.000","°C","962.000","hPa","0.861","-0.02617","0.00035","0","0","13.56","Humid","35.35","0","78.50","295941.25","SABD0002000014","AAV2.0.0.13","3.0.1.1413","PSt7-10","180509-002","6/18/2019 6:15:17 AM","0000-00","0","no battery","V"
"07/13/2019","06:39:12","9","default","116269760","OXY_CH9","32.239","min","275.730","μmol/L","Humid","19.620","deg","102111","µV","20.193","°C","1013.000","hPa","36.5","pmil","0","55.690","deg","20.000","°C","100.000","%a.s.","22.400","deg","20.000","°C","962.000","hPa","0.861","-0.02617","0.00035","0","0","13.56","Humid","35.35","0","78.50","295948.55","SABD0002000014","AAV2.0.0.13","3.0.1.1413","PSt7-10","180509-002","6/18/2019 6:15:17 AM","0000-00","0","no battery","V"
"07/13/2019","06:39:13","9","default","116269760","OXY_CH9","32.256","min","275.728","μmol/L","Humid","19.622","deg","102108","µV","20.187","°C","1013.000","hPa","36.5","pmil","0","55.690","deg","20.000","°C","100.000","%a.s.","22.400","deg","20.000","°C","962.000","hPa","0.861","-0.02617","0.00035","0","0","13.56","Humid","35.35","0","78.50","295953.75","SABD0002000014","AAV2.0.0.13","3.0.1.1413","PSt7-10","180509-002","6/18/2019 6:15:17 AM","0000-00","0","no battery","V"
"07/13/2019","06:39:14","9","default","116269760","OXY_CH9","32.273","min","275.829","μmol/L","Humid","19.618","deg","102105","µV","20.187","°C","1013.000","hPa","36.5","pmil","0","55.690","deg","20.000","°C","100.000","%a.s.","22.400","deg","20.000","°C","962.000","hPa","0.861","-0.02617","0.00035","0","0","13.56","Humid","35.35","0","78.50","295958.42","SABD0002000014","AAV2.0.0.13","3.0.1.1413","PSt7-10","180509-002","6/18/2019 6:15:17 AM","0000-00","0","no battery","V"
"07/13/2019","06:39:15","9","default","116269760","OXY_CH9","32.289","min","275.880","μmol/L","Humid","19.616","deg","102086","µV","20.187","°C","1013.000","hPa","36.5","pmil","0","55.690","deg","20.000","°C","100.000","%a.s.","22.400","deg","20.000","°C","962.000","hPa","0.861","-0.02617","0.00035","0","0","13.56","Humid","35.35","0","78.50","295955.48","SABD0002000014","AAV2.0.0.13","3.0.1.1413","PSt7-10","180509-002","6/18/2019 6:15:17 AM","0000-00","0","no battery","V"
"07/13/2019","06:39:16","9","default","116269760","OXY_CH9","32.306","min","275.831","μmol/L","Humid","19.616","deg","102076","µV","20.193","°C","1013.000","hPa","36.5","pmil","0","55.690","deg","20.000","°C","100.000","%a.s.","22.400","deg","20.000","°C","962.000","hPa","0.861","-0.02617","0.00035","0","0","13.56","Humid","35.35","0","78.50","295952.70","SABD0002000014","AAV2.0.0.13","3.0.1.1413","PSt7-10","180509-002","6/18/2019 6:15:17 AM","0000-00","0","no battery","V"
"07/13/2019","06:39:17","9","default","116269760","OXY_CH9","32.322","min","275.932","μmol/L","Humid","19.612","deg","102064","µV","20.193","°C","1013.000","hPa","36.5","pmil","0","55.690","deg","20.000","°C","100.000","%a.s.","22.400","deg","20.000","°C","962.000","hPa","0.861","-0.02617","0.00035","0","0","13.56","Humid","35.35","0","78.50","295935.35","SABD0002000014","AAV2.0.0.13","3.0.1.1413","PSt7-10","180509-002","6/18/2019 6:15:17 AM","0000-00","0","no battery","V"
"07/13/2019","06:39:18","9","default","116269760","OXY_CH9","32.339","min","276.006","μmol/L","Humid","19.611","deg","102055","µV","20.187","°C","1013.000","hPa","36.5","pmil","0","55.690","deg","20.000","°C","100.000","%a.s.","22.400","deg","20.000","°C","962.000","hPa","0.861","-0.02617","0.00035","0","0","13.56","Humid","35.35","0","78.50","295939.52","SABD0002000014","AAV2.0.0.13","3.0.1.1413","PSt7-10","180509-002","6/18/2019 6:15:17 AM","0000-00","0","no battery","V"
"07/13/2019","06:39:19","9","default","116269760","OXY_CH9","32.356","min","275.956","μmol/L","Humid","19.613","deg","102043","µV","20.187","°C","1013.000","hPa","36.5","pmil","0","55.690","deg","20.000","°C","100.000","%a.s.","22.400","deg","20.000","°C","962.000","hPa","0.861","-0.02617","0.00035","0","0","13.56","Humid","35.35","0","78.50","295948.47","SABD0002000014","AAV2.0.0.13","3.0.1.1413","PSt7-10","180509-002","6/18/2019 6:15:17 AM","0000-00","0","no battery","V"
"07/13/2019","06:39:20","9","default","116269760","OXY_CH9","32.372","min","276.083","μmol/L","Humid","19.608","deg","102035","µV","20.187","°C","1013.000","hPa","36.5","pmil","0","55.690","deg","20.000","°C","100.000","%a.s.","22.400","deg","20.000","°C","962.000","hPa","0.861","-0.02617","0.00035","0","0","13.56","Humid","35.35","0","78.50","295940.74","SABD0002000014","AAV2.0.0.13","3.0.1.1413","PSt7-10","180509-002","6/18/2019 6:15:17 AM","0000-00","0","no battery","V"
"07/13/2019","06:39:21","9","default","116269760","OXY_CH9","32.389","min","276.057","μmol/L","Humid","19.609","deg","102032","µV","20.187","°C","1013.000","hPa","36.5","pmil","0","55.690","deg","20.000","°C","100.000","%a.s.","22.400","deg","20.000","°C","962.000","hPa","0.861","-0.02617","0.00035","0","0","13.56","Humid","35.35","0","78.50","295958.74","SABD0002000014","AAV2.0.0.13","3.0.1.1413","PSt7-10","180509-002","6/18/2019 6:15:17 AM","0000-00","0","no battery","V"
"07/13/2019","06:39:22","9","default","116269760","OXY_CH9","32.405","min","276.209","μmol/L","Humid","19.603","deg","102031","µV","20.187","°C","1013.000","hPa","36.5","pmil","0","55.690","deg","20.000","°C","100.000","%a.s.","22.400","deg","20.000","°C","962.000","hPa","0.861","-0.02617","0.00035","0","0","13.56","Humid","35.35","0","78.50","295960.33","SABD0002000014","AAV2.0.0.13","3.0.1.1413","PSt7-10","180509-002","6/18/2019 6:15:17 AM","0000-00","0","no battery","V"
"07/13/2019","06:39:23","9","default","116269760","OXY_CH9","32.423","min","276.036","μmol/L","Humid","19.606","deg","102029","µV","20.199","°C","1013.000","hPa","36.5","pmil","0","55.690","deg","20.000","°C","100.000","%a.s.","22.400","deg","20.000","°C","962.000","hPa","0.861","-0.02617","0.00035","0","0","13.56","Humid","35.35","0","78.50","295934.90","SABD0002000014","AAV2.0.0.13","3.0.1.1413","PSt7-10","180509-002","6/18/2019 6:15:17 AM","0000-00","0","no battery","V"
"07/13/2019","06:39:24","9","default","116269760","OXY_CH9","32.439","min","276.186","μmol/L","Humid","19.602","deg","102005","µV","20.193","°C","1013.000","hPa","36.5","pmil","0","55.690","deg","20.000","°C","100.000","%a.s.","22.400","deg","20.000","°C","962.000","hPa","0.861","-0.02617","0.00035","0","0","13.56","Humid","35.35","0","78.50","295931.39","SABD0002000014","AAV2.0.0.13","3.0.1.1413","PSt7-10","180509-002","6/18/2019 6:15:17 AM","0000-00","0","no battery","V"
"07/13/2019","06:39:25","9","default","116269760","OXY_CH9","32.455","min","276.135","μmol/L","Humid","19.604","deg","102001","µV","20.193","°C","1013.000","hPa","36.5","pmil","0","55.690","deg","20.000","°C","100.000","%a.s.","22.400","deg","20.000","°C","962.000","hPa","0.861","-0.02617","0.00035","0","0","13.56","Humid","35.35","0","78.50","295944.29","SABD0002000014","AAV2.0.0.13","3.0.1.1413","PSt7-10","180509-002","6/18/2019 6:15:17 AM","0000-00","0","no battery","V"
"07/13/2019","06:39:26","9","default","116269760","OXY_CH9","32.472","min","276.262","μmol/L","Humid","19.599","deg","101991","µV","20.193","°C","1013.000","hPa","36.5","pmil","0","55.690","deg","20.000","°C","100.000","%a.s.","22.400","deg","20.000","°C","962.000","hPa","0.861","-0.02617","0.00035","0","0","13.56","Humid","35.35","0","78.50","295948.98","SABD0002000014","AAV2.0.0.13","3.0.1.1413","PSt7-10","180509-002","6/18/2019 6:15:17 AM","0000-00","0","no battery","V"
"07/13/2019","06:39:27","9","default","116269760","OXY_CH9","32.489","min","276.211","μmol/L","Humid","19.601","deg","101983","µV","20.193","°C","1013.000","hPa","36.5","pmil","0","55.690","deg","20.000","°C","100.000","%a.s.","22.400","deg","20.000","°C","962.000","hPa","0.861","-0.02617","0.00035","0","0","13.56","Humid","35.35","0","78.50","295944.17","SABD0002000014","AAV2.0.0.13","3.0.1.1413","PSt7-10","180509-002","6/18/2019 6:15:17 AM","0000-00","0","no battery","V"
"07/13/2019","06:39:28","9","default","116269760","OXY_CH9","32.505","min","276.385","μmol/L","Humid","19.598","deg","101970","µV","20.181","°C","1013.000","hPa","36.5","pmil","0","55.690","deg","20.000","°C","100.000","%a.s.","22.400","deg","20.000","°C","962.000","hPa","0.861","-0.02617","0.00035","0","0","13.56","Humid","35.35","0","78.50","295941.01","SABD0002000014","AAV2.0.0.13","3.0.1.1413","PSt7-10","180509-002","6/18/2019 6:15:17 AM","0000-00","0","no battery","V"
"07/13/2019","06:39:29","9","default","116269760","OXY_CH9","32.522","min","276.288","μmol/L","Humid","19.598","deg","101963","µV","20.193","°C","1013.000","hPa","36.5","pmil","0","55.690","deg","20.000","°C","100.000","%a.s.","22.400","deg","20.000","°C","962.000","hPa","0.861","-0.02617","0.00035","0","0","13.56","Humid","35.35","0","78.50","295946.79","SABD0002000014","AAV2.0.0.13","3.0.1.1413","PSt7-10","180509-002","6/18/2019 6:15:17 AM","0000-00","0","no battery","V"
"07/13/2019","06:39:30","9","default","116269760","OXY_CH9","32.539","min","276.311","μmol/L","Humid","19.599","deg","101959","µV","20.187","°C","1013.000","hPa","36.5","pmil","0","55.690","deg","20.000","°C","100.000","%a.s.","22.400","deg","20.000","°C","962.000","hPa","0.861","-0.02617","0.00035","0","0","13.56","Humid","35.35","0","78.50","295955.83","SABD0002000014","AAV2.0.0.13","3.0.1.1413","PSt7-10","180509-002","6/18/2019 6:15:17 AM","0000-00","0","no battery","V"
"07/13/2019","06:39:31","9","default","116269760","OXY_CH9","32.555","min","276.464","μmol/L","Humid","19.593","deg","101946","µV","20.187","°C","1013.000","hPa","36.5","pmil","0","55.690","deg","20.000","°C","100.000","%a.s.","22.400","deg","20.000","°C","962.000","hPa","0.861","-0.02617","0.00035","0","0","13.56","Humid","35.35","0","78.50","295949.33","SABD0002000014","AAV2.0.0.13","3.0.1.1413","PSt7-10","180509-002","6/18/2019 6:15:17 AM","0000-00","0","no battery","V"
"07/13/2019","06:39:32","9","default","116269760","OXY_CH9","32.572","min","276.465","μmol/L","Humid","19.591","deg","101948","µV","20.193","°C","1013.000","hPa","36.5","pmil","0","55.690","deg","20.000","°C","100.000","%a.s.","22.400","deg","20.000","°C","962.000","hPa","0.861","-0.02617","0.00035","0","0","13.56","Humid","35.35","0","78.50","295952.92","SABD0002000014","AAV2.0.0.13","3.0.1.1413","PSt7-10","180509-002","6/18/2019 6:15:17 AM","0000-00","0","no battery","V"
"07/13/2019","06:39:33","9","default","116269760","OXY_CH9","32.589","min","276.440","μmol/L","Humid","19.592","deg","101934","µV","20.193","°C","1013.000","hPa","36.5","pmil","0","55.690","deg","20.000","°C","100.000","%a.s.","22.400","deg","20.000","°C","962.000","hPa","0.861","-0.02617","0.00035","0","0","13.56","Humid","35.35","0","78.50","295952.99","SABD0002000014","AAV2.0.0.13","3.0.1.1413","PSt7-10","180509-002","6/18/2019 6:15:17 AM","0000-00","0","no battery","V"
"07/13/2019","06:39:34","9","default","116269760","OXY_CH9","32.606","min","276.514","μmol/L","Humid","19.591","deg","101923","µV","20.187","°C","1013.000","hPa","36.5","pmil","0","55.690","deg","20.000","°C","100.000","%a.s.","22.400","deg","20.000","°C","962.000","hPa","0.861","-0.02617","0.00035","0","0","13.56","Humid","35.35","0","78.50","295947.20","SABD0002000014","AAV2.0.0.13","3.0.1.1413","PSt7-10","180509-002","6/18/2019 6:15:17 AM","0000-00","0","no battery","V"
"07/13/2019","06:39:35","9","default","116269760","OXY_CH9","32.622","min","276.542","μmol/L","Humid","19.588","deg","101919","µV","20.193","°C","1013.000","hPa","36.5","pmil","0","55.690","deg","20.000","°C","100.000","%a.s.","22.400","deg","20.000","°C","962.000","hPa","0.861","-0.02617","0.00035","0","0","13.56","Humid","35.35","0","78.50","295942.37","SABD0002000014","AAV2.0.0.13","3.0.1.1413","PSt7-10","180509-002","6/18/2019 6:15:17 AM","0000-00","0","no battery","V"
"07/13/2019","06:39:36","9","default","116269760","OXY_CH9","32.639","min","276.616","μmol/L","Humid","19.587","deg","101909","µV","20.187","°C","1013.000","hPa","36.5","pmil","0","55.690","deg","20.000","°C","100.000","%a.s.","22.400","deg","20.000","°C","962.000","hPa","0.861","-0.02617","0.00035","0","0","13.56","Humid","35.35","0","78.50","295951.26","SABD0002000014","AAV2.0.0.13","3.0.1.1413","PSt7-10","180509-002","6/18/2019 6:15:17 AM","0000-00","0","no battery","V"
"07/13/2019","06:39:37","9","default","116269760","OXY_CH9","32.655","min","276.642","μmol/L","Humid","19.586","deg","101900","µV","20.187","°C","1013.000","hPa","36.5","pmil","0","55.690","deg","20.000","°C","100.000","%a.s.","22.400","deg","20.000","°C","962.000","hPa","0.861","-0.02617","0.00035","0","0","13.56","Humid","35.35","0","78.50","295945.33","SABD0002000014","AAV2.0.0.13","3.0.1.1413","PSt7-10","180509-002","6/18/2019 6:15:17 AM","0000-00","0","no battery","V"
"07/13/2019","06:39:38","9","default","116269760","OXY_CH9","32.672","min","276.692","μmol/L","Humid","19.584","deg","101894","µV","20.187","°C","1013.000","hPa","36.5","pmil","0","55.690","deg","20.000","°C","100.000","%a.s.","22.400","deg","20.000","°C","962.000","hPa","0.861","-0.02617","0.00035","0","0","13.56","Humid","35.35","0","78.50","295964.16","SABD0002000014","AAV2.0.0.13","3.0.1.1413","PSt7-10","180509-002","6/18/2019 6:15:17 AM","0000-00","0","no battery","V"
"07/13/2019","06:39:39","9","default","116269760","OXY_CH9","32.689","min","276.618","μmol/L","Humid","19.585","deg","101884","µV","20.193","°C","1013.000","hPa","36.5","pmil","0","55.690","deg","20.000","°C","100.000","%a.s.","22.400","deg","20.000","°C","962.000","hPa","0.861","-0.02617","0.00035","0","0","13.56","Humid","35.35","0","78.50","295949.76","SABD0002000014","AAV2.0.0.13","3.0.1.1413","PSt7-10","180509-002","6/18/2019 6:15:17 AM","0000-00","0","no battery","V"
"07/13/2019","06:39:40","9","default","116269760","OXY_CH9","32.705","min","276.694","μmol/L","Humid","19.582","deg","101876","µV","20.193","°C","1013.000","hPa","36.5","pmil","0","55.690","deg","20.000","°C","100.000","%a.s.","22.400","deg","20.000","°C","962.000","hPa","0.861","-0.02617","0.00035","0","0","13.56","Humid","35.35","0","78.50","295944.44","SABD0002000014","AAV2.0.0.13","3.0.1.1413","PSt7-10","180509-002","6/18/2019 6:15:17 AM","0000-00","0","no battery","V"
"07/13/2019","06:39:41","9","default","116269760","OXY_CH9","32.723","min","276.644","μmol/L","Humid","19.584","deg","101878","µV","20.193","°C","1013.000","hPa","36.5","pmil","0","55.690","deg","20.000","°C","100.000","%a.s.","22.400","deg","20.000","°C","962.000","hPa","0.861","-0.02617","0.00035","0","0","13.56","Humid","35.35","0","78.50","295947.46","SABD0002000014","AAV2.0.0.13","3.0.1.1413","PSt7-10","180509-002","6/18/2019 6:15:17 AM","0000-00","0","no battery","V"
"07/13/2019","06:39:42","9","default","116269760","OXY_CH9","32.739","min","276.820","μmol/L","Humid","19.579","deg","101858","µV","20.187","°C","1013.000","hPa","36.5","pmil","0","55.690","deg","20.000","°C","100.000","%a.s.","22.400","deg","20.000","°C","962.000","hPa","0.861","-0.02617","0.00035","0","0","13.56","Humid","35.35","0","78.50","295947.43","SABD0002000014","AAV2.0.0.13","3.0.1.1413","PSt7-10","180509-002","6/18/2019 6:15:17 AM","0000-00","0","no battery","V"
"07/13/2019","06:39:43","9","default","116269760","OXY_CH9","32.756","min","276.845","μmol/L","Humid","19.578","deg","101848","µV","20.187","°C","1013.000","hPa","36.5","pmil","0","55.690","deg","20.000","°C","100.000","%a.s.","22.400","deg","20.000","°C","962.000","hPa","0.861","-0.02617","0.00035","0","0","13.56","Humid","35.35","0","78.50","295941.71","SABD0002000014","AAV2.0.0.13","3.0.1.1413","PSt7-10","180509-002","6/18/2019 6:15:17 AM","0000-00","0","no battery","V"
"07/13/2019","06:39:44","9","default","116269760","OXY_CH9","32.772","min","276.745","μmol/L","Humid","19.580","deg","101845","µV","20.193","°C","1013.000","hPa","36.5","pmil","0","55.690","deg","20.000","°C","100.000","%a.s.","22.400","deg","20.000","°C","962.000","hPa","0.861","-0.02617","0.00035","0","0","13.56","Humid","35.35","0","78.50","295941.71","SABD0002000014","AAV2.0.0.13","3.0.1.1413","PSt7-10","180509-002","6/18/2019 6:15:17 AM","0000-00","0","no battery","V"
"07/13/2019","06:39:45","9","default","116269760","OXY_CH9","32.789","min","276.873","μmol/L","Humid","19.575","deg","101837","µV","20.193","°C","1013.000","hPa","36.5","pmil","0","55.690","deg","20.000","°C","100.000","%a.s.","22.400","deg","20.000","°C","962.000","hPa","0.861","-0.02617","0.00035","0","0","13.56","Humid","35.35","0","78.50","295936.65","SABD0002000014","AAV2.0.0.13","3.0.1.1413","PSt7-10","180509-002","6/18/2019 6:15:17 AM","0000-00","0","no battery","V"
"07/13/2019","06:39:46","9","default","116269760","OXY_CH9","32.806","min","276.973","μmol/L","Humid","19.573","deg","101824","µV","20.187","°C","1013.000","hPa","36.5","pmil","0","55.690","deg","20.000","°C","100.000","%a.s.","22.400","deg","20.000","°C","962.000","hPa","0.861","-0.02617","0.00035","0","0","13.56","Humid","35.35","0","78.50","295956.34","SABD0002000014","AAV2.0.0.13","3.0.1.1413","PSt7-10","180509-002","6/18/2019 6:15:17 AM","0000-00","0","no battery","V"
"07/13/2019","06:39:47","9","default","116269760","OXY_CH9","32.822","min","276.973","μmol/L","Humid","19.573","deg","101824","µV","20.187","°C","1013.000","hPa","36.5","pmil","0","55.690","deg","20.000","°C","100.000","%a.s.","22.400","deg","20.000","°C","962.000","hPa","0.861","-0.02617","0.00035","0","0","13.56","Humid","35.35","0","78.50","295937.52","SABD0002000014","AAV2.0.0.13","3.0.1.1413","PSt7-10","180509-002","6/18/2019 6:15:17 AM","0000-00","0","no battery","V"
"07/13/2019","06:39:48","9","default","116269760","OXY_CH9","32.839","min","277.023","μmol/L","Humid","19.571","deg","101810","µV","20.187","°C","1013.000","hPa","36.5","pmil","0","55.690","deg","20.000","°C","100.000","%a.s.","22.400","deg","20.000","°C","962.000","hPa","0.861","-0.02617","0.00035","0","0","13.56","Humid","35.35","0","78.50","295937.67","SABD0002000014","AAV2.0.0.13","3.0.1.1413","PSt7-10","180509-002","6/18/2019 6:15:17 AM","0000-00","0","no battery","V"
"07/13/2019","06:39:49","9","default","116269760","OXY_CH9","32.855","min","277.100","μmol/L","Humid","19.568","deg","101798","µV","20.187","°C","1013.000","hPa","36.5","pmil","0","55.690","deg","20.000","°C","100.000","%a.s.","22.400","deg","20.000","°C","962.000","hPa","0.861","-0.02617","0.00035","0","0","13.56","Humid","35.35","0","78.50","295949.99","SABD0002000014","AAV2.0.0.13","3.0.1.1413","PSt7-10","180509-002","6/18/2019 6:15:17 AM","0000-00","0","no battery","V"
"07/13/2019","06:39:50","9","default","116269760","OXY_CH9","32.872","min","277.026","μmol/L","Humid","19.569","deg","101790","µV","20.193","°C","1013.000","hPa","36.5","pmil","0","55.690","deg","20.000","°C","100.000","%a.s.","22.400","deg","20.000","°C","962.000","hPa","0.861","-0.02617","0.00035","0","0","13.56","Humid","35.35","0","78.50","295930.64","SABD0002000014","AAV2.0.0.13","3.0.1.1413","PSt7-10","180509-002","6/18/2019 6:15:17 AM","0000-00","0","no battery","V"
"07/13/2019","06:39:51","9","default","116269760","OXY_CH9","32.889","min","277.026","μmol/L","Humid","19.569","deg","101776","µV","20.193","°C","1013.000","hPa","36.5","pmil","0","55.690","deg","20.000","°C","100.000","%a.s.","22.400","deg","20.000","°C","962.000","hPa","0.861","-0.02617","0.00035","0","0","13.56","Humid","35.35","0","78.50","295944.99","SABD0002000014","AAV2.0.0.13","3.0.1.1413","PSt7-10","180509-002","6/18/2019 6:15:17 AM","0000-00","0","no battery","V"
"07/13/2019","06:39:52","9","default","116269760","OXY_CH9","32.905","min","277.176","μmol/L","Humid","19.565","deg","101773","µV","20.187","°C","1013.000","hPa","36.5","pmil","0","55.690","deg","20.000","°C","100.000","%a.s.","22.400","deg","20.000","°C","962.000","hPa","0.861","-0.02617","0.00035","0","0","13.56","Humid","35.35","0","78.50","295931.32","SABD0002000014","AAV2.0.0.13","3.0.1.1413","PSt7-10","180509-002","6/18/2019 6:15:17 AM","0000-00","0","no battery","V"
"07/13/2019","06:39:53","9","default","116269760","OXY_CH9","32.923","min","277.230","μmol/L","Humid","19.561","deg","101766","µV","20.193","°C","1013.000","hPa","36.5","pmil","0","55.690","deg","20.000","°C","100.000","%a.s.","22.400","deg","20.000","°C","962.000","hPa","0.861","-0.02617","0.00035","0","0","13.56","Humid","35.35","0","78.50","295941.69","SABD0002000014","AAV2.0.0.13","3.0.1.1413","PSt7-10","180509-002","6/18/2019 6:15:17 AM","0000-00","0","no battery","V"
"07/13/2019","06:39:54","9","default","116269760","OXY_CH9","32.939","min","277.202","μmol/L","Humid","19.564","deg","101754","µV","20.187","°C","1013.000","hPa","36.5","pmil","0","55.690","deg","20.000","°C","100.000","%a.s.","22.400","deg","20.000","°C","962.000","hPa","0.861","-0.02617","0.00035","0","0","13.56","Humid","35.35","0","78.50","295940.62","SABD0002000014","AAV2.0.0.13","3.0.1.1413","PSt7-10","180509-002","6/18/2019 6:15:17 AM","0000-00","0","no battery","V"
"07/13/2019","06:39:55","9","default","116269760","OXY_CH9","32.956","min","277.281","μmol/L","Humid","19.559","deg","101739","µV","20.193","°C","1013.000","hPa","36.5","pmil","0","55.690","deg","20.000","°C","100.000","%a.s.","22.400","deg","20.000","°C","962.000","hPa","0.861","-0.02617","0.00035","0","0","13.56","Humid","35.35","0","78.50","295934.41","SABD0002000014","AAV2.0.0.13","3.0.1.1413","PSt7-10","180509-002","6/18/2019 6:15:17 AM","0000-00","0","no battery","V"
"07/13/2019","06:39:56","9","default","116269760","OXY_CH9","32.973","min","277.279","μmol/L","Humid","19.561","deg","101735","µV","20.187","°C","1013.000","hPa","36.5","pmil","0","55.690","deg","20.000","°C","100.000","%a.s.","22.400","deg","20.000","°C","962.000","hPa","0.861","-0.02617","0.00035","0","0","13.56","Humid","35.35","0","78.50","295943.36","SABD0002000014","AAV2.0.0.13","3.0.1.1413","PSt7-10","180509-002","6/18/2019 6:15:17 AM","0000-00","0","no battery","V"
"07/13/2019","06:39:57","9","default","116269760","OXY_CH9","32.989","min","277.332","μmol/L","Humid","19.557","deg","101731","µV","20.193","°C","1013.000","hPa","36.5","pmil","0","55.690","deg","20.000","°C","100.000","%a.s.","22.400","deg","20.000","°C","962.000","hPa","0.861","-0.02617","0.00035","0","0","13.56","Humid","35.35","0","78.50","295938.16","SABD0002000014","AAV2.0.0.13","3.0.1.1413","PSt7-10","180509-002","6/18/2019 6:15:17 AM","0000-00","0","no battery","V"
"07/13/2019","06:39:58","9","default","116269760","OXY_CH9","33.006","min","277.408","μmol/L","Humid","19.554","deg","101725","µV","20.193","°C","1013.000","hPa","36.5","pmil","0","55.690","deg","20.000","°C","100.000","%a.s.","22.400","deg","20.000","°C","962.000","hPa","0.861","-0.02617","0.00035","0","0","13.56","Humid","35.35","0","78.50","295935.75","SABD0002000014","AAV2.0.0.13","3.0.1.1413","PSt7-10","180509-002","6/18/2019 6:15:17 AM","0000-00","0","no battery","V"
"07/13/2019","06:39:59","9","default","116269760","OXY_CH9","33.022","min","277.357","μmol/L","Humid","19.556","deg","101707","µV","20.193","°C","1013.000","hPa","36.5","pmil","0","55.690","deg","20.000","°C","100.000","%a.s.","22.400","deg","20.000","°C","962.000","hPa","0.861","-0.02617","0.00035","0","0","13.56","Humid","35.35","0","78.50","295937.92","SABD0002000014","AAV2.0.0.13","3.0.1.1413","PSt7-10","180509-002","6/18/2019 6:15:17 AM","0000-00","0","no battery","V"
"07/13/2019","06:40:00","9","default","116269760","OXY_CH9","33.039","min","277.383","μmol/L","Humid","19.555","deg","101700","µV","20.193","°C","1013.000","hPa","36.5","pmil","0","55.690","deg","20.000","°C","100.000","%a.s.","22.400","deg","20.000","°C","962.000","hPa","0.861","-0.02617","0.00035","0","0","13.56","Humid","35.35","0","78.50","295938.39","SABD0002000014","AAV2.0.0.13","3.0.1.1413","PSt7-10","180509-002","6/18/2019 6:15:17 AM","0000-00","0","no battery","V"
"07/13/2019","06:40:01","9","default","116269760","OXY_CH9","33.056","min","277.332","μmol/L","Humid","19.557","deg","101696","µV","20.193","°C","1013.000","hPa","36.5","pmil","0","55.690","deg","20.000","°C","100.000","%a.s.","22.400","deg","20.000","°C","962.000","hPa","0.861","-0.02617","0.00035","0","0","13.56","Humid","35.35","0","78.50","295929.99","SABD0002000014","AAV2.0.0.13","3.0.1.1413","PSt7-10","180509-002","6/18/2019 6:15:17 AM","0000-00","0","no battery","V"
"07/13/2019","06:40:02","9","default","116269760","OXY_CH9","33.073","min","277.459","μmol/L","Humid","19.552","deg","101688","µV","20.193","°C","1013.000","hPa","36.5","pmil","0","55.690","deg","20.000","°C","100.000","%a.s.","22.400","deg","20.000","°C","962.000","hPa","0.861","-0.02617","0.00035","0","0","13.56","Humid","35.35","0","78.50","295935.85","SABD0002000014","AAV2.0.0.13","3.0.1.1413","PSt7-10","180509-002","6/18/2019 6:15:17 AM","0000-00","0","no battery","V"
"07/13/2019","06:40:03","9","default","116269760","OXY_CH9","33.089","min","277.457","μmol/L","Humid","19.554","deg","101674","µV","20.187","°C","1013.000","hPa","36.5","pmil","0","55.690","deg","20.000","°C","100.000","%a.s.","22.400","deg","20.000","°C","962.000","hPa","0.861","-0.02617","0.00035","0","0","13.56","Humid","35.35","0","78.50","295925.69","SABD0002000014","AAV2.0.0.13","3.0.1.1413","PSt7-10","180509-002","6/18/2019 6:15:17 AM","0000-00","0","no battery","V"
"07/13/2019","06:40:04","9","default","116269760","OXY_CH9","33.106","min","277.685","μmol/L","Humid","19.547","deg","101677","µV","20.181","°C","1013.000","hPa","36.5","pmil","0","55.690","deg","20.000","°C","100.000","%a.s.","22.400","deg","20.000","°C","962.000","hPa","0.861","-0.02617","0.00035","0","0","13.56","Humid","35.35","0","78.50","295932.31","SABD0002000014","AAV2.0.0.13","3.0.1.1413","PSt7-10","180509-002","6/18/2019 6:15:17 AM","0000-00","0","no battery","V"
"07/13/2019","06:40:05","9","default","116269760","OXY_CH9","33.122","min","277.611","μmol/L","Humid","19.548","deg","101662","µV","20.187","°C","1013.000","hPa","36.5","pmil","0","55.690","deg","20.000","°C","100.000","%a.s.","22.400","deg","20.000","°C","962.000","hPa","0.861","-0.02617","0.00035","0","0","13.56","Humid","35.35","0","78.50","295918.37","SABD0002000014","AAV2.0.0.13","3.0.1.1413","PSt7-10","180509-002","6/18/2019 6:15:17 AM","0000-00","0","no battery","V"
"07/13/2019","06:40:06","9","default","116269760","OXY_CH9","33.139","min","277.485","μmol/L","Humid","19.551","deg","101657","µV","20.193","°C","1013.000","hPa","36.5","pmil","0","55.690","deg","20.000","°C","100.000","%a.s.","22.400","deg","20.000","°C","962.000","hPa","0.861","-0.02617","0.00035","0","0","13.56","Humid","35.35","0","78.50","295935.73","SABD0002000014","AAV2.0.0.13","3.0.1.1413","PSt7-10","180509-002","6/18/2019 6:15:17 AM","0000-00","0","no battery","V"
"07/13/2019","06:40:07","9","default","116269760","OXY_CH9","33.156","min","277.687","μmol/L","Humid","19.545","deg","101646","µV","20.187","°C","1013.000","hPa","36.5","pmil","0","55.690","deg","20.000","°C","100.000","%a.s.","22.400","deg","20.000","°C","962.000","hPa","0.861","-0.02617","0.00035","0","0","13.56","Humid","35.35","0","78.50","295927.76","SABD0002000014","AAV2.0.0.13","3.0.1.1413","PSt7-10","180509-002","6/18/2019 6:15:17 AM","0000-00","0","no battery","V"
"07/13/2019","06:40:08","9","default","116269760","OXY_CH9","33.173","min","277.638","μmol/L","Humid","19.545","deg","101639","µV","20.193","°C","1013.000","hPa","36.5","pmil","0","55.690","deg","20.000","°C","100.000","%a.s.","22.400","deg","20.000","°C","962.000","hPa","0.861","-0.02617","0.00035","0","0","13.56","Humid","35.35","0","78.50","295928.10","SABD0002000014","AAV2.0.0.13","3.0.1.1413","PSt7-10","180509-002","6/18/2019 6:15:17 AM","0000-00","0","no battery","V"
"07/13/2019","06:40:09","9","default","116269760","OXY_CH9","33.189","min","277.689","μmol/L","Humid","19.543","deg","101629","µV","20.193","°C","1013.000","hPa","36.5","pmil","0","55.690","deg","20.000","°C","100.000","%a.s.","22.400","deg","20.000","°C","962.000","hPa","0.861","-0.02617","0.00035","0","0","13.56","Humid","35.35","0","78.50","295918.04","SABD0002000014","AAV2.0.0.13","3.0.1.1413","PSt7-10","180509-002","6/18/2019 6:15:17 AM","0000-00","0","no battery","V"
"07/13/2019","06:40:10","9","default","116269760","OXY_CH9","33.206","min","277.738","μmol/L","Humid","19.543","deg","101622","µV","20.187","°C","1013.000","hPa","36.5","pmil","0","55.690","deg","20.000","°C","100.000","%a.s.","22.400","deg","20.000","°C","962.000","hPa","0.861","-0.02617","0.00035","0","0","13.56","Humid","35.35","0","78.50","295928.63","SABD0002000014","AAV2.0.0.13","3.0.1.1413","PSt7-10","180509-002","6/18/2019 6:15:17 AM","0000-00","0","no battery","V"
"07/13/2019","06:40:11","9","default","116269760","OXY_CH9","33.225","min","277.817","μmol/L","Humid","19.538","deg","101620","µV","20.193","°C","1013.000","hPa","36.5","pmil","0","55.690","deg","20.000","°C","100.000","%a.s.","22.400","deg","20.000","°C","962.000","hPa","0.861","-0.02617","0.00035","0","0","13.56","Humid","35.35","0","78.50","295937.24","SABD0002000014","AAV2.0.0.13","3.0.1.1413","PSt7-10","180509-002","6/18/2019 6:15:17 AM","0000-00","0","no battery","V"
"07/13/2019","06:40:12","9","default","116269760","OXY_CH9","33.239","min","277.689","μmol/L","Humid","19.543","deg","101599","µV","20.193","°C","1013.000","hPa","36.5","pmil","0","55.690","deg","20.000","°C","100.000","%a.s.","22.400","deg","20.000","°C","962.000","hPa","0.861","-0.02617","0.00035","0","0","13.56","Humid","35.35","0","78.50","295921.65","SABD0002000014","AAV2.0.0.13","3.0.1.1413","PSt7-10","180509-002","6/18/2019 6:15:17 AM","0000-00","0","no battery","V"
"07/13/2019","06:40:13","9","default","116269760","OXY_CH9","33.256","min","277.917","μmol/L","Humid","19.536","deg","101594","µV","20.187","°C","1013.000","hPa","36.5","pmil","0","55.690","deg","20.000","°C","100.000","%a.s.","22.400","deg","20.000","°C","962.000","hPa","0.861","-0.02617","0.00035","0","0","13.56","Humid","35.35","0","78.50","295923.38","SABD0002000014","AAV2.0.0.13","3.0.1.1413","PSt7-10","180509-002","6/18/2019 6:15:17 AM","0000-00","0","no battery","V"
"07/13/2019","06:40:14","9","default","116269760","OXY_CH9","33.272","min","277.843","μmol/L","Humid","19.537","deg","101589","µV","20.193","°C","1013.000","hPa","36.5","pmil","0","55.690","deg","20.000","°C","100.000","%a.s.","22.400","deg","20.000","°C","962.000","hPa","0.861","-0.02617","0.00035","0","0","13.56","Humid","35.35","0","78.50","295936.14","SABD0002000014","AAV2.0.0.13","3.0.1.1413","PSt7-10","180509-002","6/18/2019 6:15:17 AM","0000-00","0","no battery","V"
"07/13/2019","06:40:15","9","default","116269760","OXY_CH9","33.289","min","277.817","μmol/L","Humid","19.538","deg","101579","µV","20.193","°C","1013.000","hPa","36.5","pmil","0","55.690","deg","20.000","°C","100.000","%a.s.","22.400","deg","20.000","°C","962.000","hPa","0.861","-0.02617","0.00035","0","0","13.56","Humid","35.35","0","78.50","295925.67","SABD0002000014","AAV2.0.0.13","3.0.1.1413","PSt7-10","180509-002","6/18/2019 6:15:17 AM","0000-00","0","no battery","V"
"07/13/2019","06:40:16","9","default","116269760","OXY_CH9","33.306","min","277.892","μmol/L","Humid","19.537","deg","101582","µV","20.187","°C","1013.000","hPa","36.5","pmil","0","55.690","deg","20.000","°C","100.000","%a.s.","22.400","deg","20.000","°C","962.000","hPa","0.861","-0.02617","0.00035","0","0","13.56","Humid","35.35","0","78.50","295924.78","SABD0002000014","AAV2.0.0.13","3.0.1.1413","PSt7-10","180509-002","6/18/2019 6:15:17 AM","0000-00","0","no battery","V"
"07/13/2019","06:40:17","9","default","116269760","OXY_CH9","33.322","min","277.868","μmol/L","Humid","19.536","deg","101571","µV","20.193","°C","1013.000","hPa","36.5","pmil","0","55.690","deg","20.000","°C","100.000","%a.s.","22.400","deg","20.000","°C","962.000","hPa","0.861","-0.02617","0.00035","0","0","13.56","Humid","35.35","0","78.50","295927.95","SABD0002000014","AAV2.0.0.13","3.0.1.1413","PSt7-10","180509-002","6/18/2019 6:15:17 AM","0000-00","0","no battery","V"
"07/13/2019","06:40:18","9","default","116269760","OXY_CH9","33.339","min","277.996","μmol/L","Humid","19.531","deg","101558","µV","20.193","°C","1013.000","hPa","36.5","pmil","0","55.690","deg","20.000","°C","100.000","%a.s.","22.400","deg","20.000","°C","962.000","hPa","0.861","-0.02617","0.00035","0","0","13.56","Humid","35.35","0","78.50","295927.16","SABD0002000014","AAV2.0.0.13","3.0.1.1413","PSt7-10","180509-002","6/18/2019 6:15:17 AM","0000-00","0","no battery","V"
"07/13/2019","06:40:19","9","default","116269760","OXY_CH9","33.356","min","278.022","μmol/L","Humid","19.530","deg","101555","µV","20.193","°C","1013.000","hPa","36.5","pmil","0","55.690","deg","20.000","°C","100.000","%a.s.","22.400","deg","20.000","°C","962.000","hPa","0.861","-0.02617","0.00035","0","0","13.56","Humid","35.35","0","78.50","295935.93","SABD0002000014","AAV2.0.0.13","3.0.1.1413","PSt7-10","180509-002","6/18/2019 6:15:17 AM","0000-00","0","no battery","V"
"07/13/2019","06:40:20","9","default","116269760","OXY_CH9","33.372","min","278.073","μmol/L","Humid","19.528","deg","101550","µV","20.193","°C","1013.000","hPa","36.5","pmil","0","55.690","deg","20.000","°C","100.000","%a.s.","22.400","deg","20.000","°C","962.000","hPa","0.861","-0.02617","0.00035","0","0","13.56","Humid","35.35","0","78.50","295933.43","SABD0002000014","AAV2.0.0.13","3.0.1.1413","PSt7-10","180509-002","6/18/2019 6:15:17 AM","0000-00","0","no battery","V"
"07/13/2019","06:40:21","9","default","116269760","OXY_CH9","33.389","min","278.124","μmol/L","Humid","19.526","deg","101536","µV","20.193","°C","1013.000","hPa","36.5","pmil","0","55.690","deg","20.000","°C","100.000","%a.s.","22.400","deg","20.000","°C","962.000","hPa","0.861","-0.02617","0.00035","0","0","13.56","Humid","35.35","0","78.50","295928.25","SABD0002000014","AAV2.0.0.13","3.0.1.1413","PSt7-10","180509-002","6/18/2019 6:15:17 AM","0000-00","0","no battery","V"
"07/13/2019","06:40:22","9","default","116269760","OXY_CH9","33.405","min","278.199","μmol/L","Humid","19.525","deg","101525","µV","20.187","°C","1013.000","hPa","36.5","pmil","0","55.690","deg","20.000","°C","100.000","%a.s.","22.400","deg","20.000","°C","962.000","hPa","0.861","-0.02617","0.00035","0","0","13.56","Humid","35.35","0","78.50","295925.50","SABD0002000014","AAV2.0.0.13","3.0.1.1413","PSt7-10","180509-002","6/18/2019 6:15:17 AM","0000-00","0","no battery","V"
"07/13/2019","06:40:23","9","default","116269760","OXY_CH9","33.422","min","278.150","μmol/L","Humid","19.525","deg","101523","µV","20.193","°C","1013.000","hPa","36.5","pmil","0","55.690","deg","20.000","°C","100.000","%a.s.","22.400","deg","20.000","°C","962.000","hPa","0.861","-0.02617","0.00035","0","0","13.56","Humid","35.35","0","78.50","295932.02","SABD0002000014","AAV2.0.0.13","3.0.1.1413","PSt7-10","180509-002","6/18/2019 6:15:17 AM","0000-00","0","no battery","V"
"07/13/2019","06:40:24","9","default","116269760","OXY_CH9","33.439","min","278.276","μmol/L","Humid","19.522","deg","101509","µV","20.187","°C","1013.000","hPa","36.5","pmil","0","55.690","deg","20.000","°C","100.000","%a.s.","22.400","deg","20.000","°C","962.000","hPa","0.861","-0.02617","0.00035","0","0","13.56","Humid","35.35","0","78.50","295928.78","SABD0002000014","AAV2.0.0.13","3.0.1.1413","PSt7-10","180509-002","6/18/2019 6:15:17 AM","0000-00","0","no battery","V"
"07/13/2019","06:40:25","9","default","116269760","OXY_CH9","33.455","min","278.250","μmol/L","Humid","19.523","deg","101498","µV","20.187","°C","1013.000","hPa","36.5","pmil","0","55.690","deg","20.000","°C","100.000","%a.s.","22.400","deg","20.000","°C","962.000","hPa","0.861","-0.02617","0.00035","0","0","13.56","Humid","35.35","0","78.50","295926.56","SABD0002000014","AAV2.0.0.13","3.0.1.1413","PSt7-10","180509-002","6/18/2019 6:15:17 AM","0000-00","0","no battery","V"
"07/13/2019","06:40:26","9","default","116269760","OXY_CH9","33.472","min","278.227","μmol/L","Humid","19.522","deg","101493","µV","20.193","°C","1013.000","hPa","36.5","pmil","0","55.690","deg","20.000","°C","100.000","%a.s.","22.400","deg","20.000","°C","962.000","hPa","0.861","-0.02617","0.00035","0","0","13.56","Humid","35.35","0","78.50","295918.69","SABD0002000014","AAV2.0.0.13","3.0.1.1413","PSt7-10","180509-002","6/18/2019 6:15:17 AM","0000-00","0","no battery","V"
"07/13/2019","06:40:27","9","default","116269760","OXY_CH9","33.489","min","278.276","μmol/L","Humid","19.522","deg","101487","µV","20.187","°C","1013.000","hPa","36.5","pmil","0","55.690","deg","20.000","°C","100.000","%a.s.","22.400","deg","20.000","°C","962.000","hPa","0.861","-0.02617","0.00035","0","0","13.56","Humid","35.35","0","78.50","295921.30","SABD0002000014","AAV2.0.0.13","3.0.1.1413","PSt7-10","180509-002","6/18/2019 6:15:17 AM","0000-00","0","no battery","V"
"07/13/2019","06:40:28","9","default","116269760","OXY_CH9","33.506","min","278.404","μmol/L","Humid","19.517","deg","101474","µV","20.187","°C","1013.000","hPa","36.5","pmil","0","55.690","deg","20.000","°C","100.000","%a.s.","22.400","deg","20.000","°C","962.000","hPa","0.861","-0.02617","0.00035","0","0","13.56","Humid","35.35","0","78.50","295924.82","SABD0002000014","AAV2.0.0.13","3.0.1.1413","PSt7-10","180509-002","6/18/2019 6:15:17 AM","0000-00","0","no battery","V"
"07/13/2019","06:40:29","9","default","116269760","OXY_CH9","33.522","min","278.430","μmol/L","Humid","19.516","deg","101463","µV","20.187","°C","1013.000","hPa","36.5","pmil","0","55.690","deg","20.000","°C","100.000","%a.s.","22.400","deg","20.000","°C","962.000","hPa","0.861","-0.02617","0.00035","0","0","13.56","Humid","35.35","0","78.50","295922.71","SABD0002000014","AAV2.0.0.13","3.0.1.1413","PSt7-10","180509-002","6/18/2019 6:15:17 AM","0000-00","0","no battery","V"
"07/13/2019","06:40:30","9","default","116269760","OXY_CH9","33.539","min","278.432","μmol/L","Humid","19.514","deg","101463","µV","20.193","°C","1013.000","hPa","36.5","pmil","0","55.690","deg","20.000","°C","100.000","%a.s.","22.400","deg","20.000","°C","962.000","hPa","0.861","-0.02617","0.00035","0","0","13.56","Humid","35.35","0","78.50","295919.49","SABD0002000014","AAV2.0.0.13","3.0.1.1413","PSt7-10","180509-002","6/18/2019 6:15:17 AM","0000-00","0","no battery","V"
"07/13/2019","06:40:31","9","default","116269760","OXY_CH9","33.556","min","278.533","μmol/L","Humid","19.512","deg","101450","µV","20.187","°C","1013.000","hPa","36.5","pmil","0","55.690","deg","20.000","°C","100.000","%a.s.","22.400","deg","20.000","°C","962.000","hPa","0.861","-0.02617","0.00035","0","0","13.56","Humid","35.35","0","78.50","295928.60","SABD0002000014","AAV2.0.0.13","3.0.1.1413","PSt7-10","180509-002","6/18/2019 6:15:17 AM","0000-00","0","no battery","V"
"07/13/2019","06:40:32","9","default","116269760","OXY_CH9","33.572","min","278.533","μmol/L","Humid","19.512","deg","101449","µV","20.187","°C","1013.000","hPa","36.5","pmil","0","55.690","deg","20.000","°C","100.000","%a.s.","22.400","deg","20.000","°C","962.000","hPa","0.861","-0.02617","0.00035","0","0","13.56","Humid","35.35","0","78.50","295931.74","SABD0002000014","AAV2.0.0.13","3.0.1.1413","PSt7-10","180509-002","6/18/2019 6:15:17 AM","0000-00","0","no battery","V"
"07/13/2019","06:40:33","9","default","116269760","OXY_CH9","33.589","min","278.430","μmol/L","Humid","19.516","deg","101442","µV","20.187","°C","1013.000","hPa","36.5","pmil","0","55.690","deg","20.000","°C","100.000","%a.s.","22.400","deg","20.000","°C","962.000","hPa","0.861","-0.02617","0.00035","0","0","13.56","Humid","35.35","0","78.50","295926.61","SABD0002000014","AAV2.0.0.13","3.0.1.1413","PSt7-10","180509-002","6/18/2019 6:15:17 AM","0000-00","0","no battery","V"
"07/13/2019","06:40:34","9","default","116269760","OXY_CH9","33.606","min","278.458","μmol/L","Humid","19.513","deg","101419","µV","20.193","°C","1013.000","hPa","36.5","pmil","0","55.690","deg","20.000","°C","100.000","%a.s.","22.400","deg","20.000","°C","962.000","hPa","0.861","-0.02617","0.00035","0","0","13.56","Humid","35.35","0","78.50","295925.75","SABD0002000014","AAV2.0.0.13","3.0.1.1413","PSt7-10","180509-002","6/18/2019 6:15:17 AM","0000-00","0","no battery","V"
"07/13/2019","06:40:35","9","default","116269760","OXY_CH9","33.622","min","278.535","μmol/L","Humid","19.510","deg","101420","µV","20.193","°C","1013.000","hPa","36.5","pmil","0","55.690","deg","20.000","°C","100.000","%a.s.","22.400","deg","20.000","°C","962.000","hPa","0.861","-0.02617","0.00035","0","0","13.56","Humid","35.35","0","78.50","295930.99","SABD0002000014","AAV2.0.0.13","3.0.1.1413","PSt7-10","180509-002","6/18/2019 6:15:17 AM","0000-00","0","no battery","V"
"07/13/2019","06:40:36","9","default","116269760","OXY_CH9","33.639","min","278.612","μmol/L","Humid","19.507","deg","101410","µV","20.193","°C","1013.000","hPa","36.5","pmil","0","55.690","deg","20.000","°C","100.000","%a.s.","22.400","deg","20.000","°C","962.000","hPa","0.861","-0.02617","0.00035","0","0","13.56","Humid","35.35","0","78.50","295938.24","SABD0002000014","AAV2.0.0.13","3.0.1.1413","PSt7-10","180509-002","6/18/2019 6:15:17 AM","0000-00","0","no battery","V"
"07/13/2019","06:40:37","9","default","116269760","OXY_CH9","33.655","min","278.560","μmol/L","Humid","19.509","deg","101404","µV","20.193","°C","1013.000","hPa","36.5","pmil","0","55.690","deg","20.000","°C","100.000","%a.s.","22.400","deg","20.000","°C","962.000","hPa","0.861","-0.02617","0.00035","0","0","13.56","Humid","35.35","0","78.50","295925.53","SABD0002000014","AAV2.0.0.13","3.0.1.1413","PSt7-10","180509-002","6/18/2019 6:15:17 AM","0000-00","0","no battery","V"
"07/13/2019","06:40:38","9","default","116269760","OXY_CH9","33.672","min","278.586","μmol/L","Humid","19.508","deg","101396","µV","20.193","°C","1013.000","hPa","36.5","pmil","0","55.690","deg","20.000","°C","100.000","%a.s.","22.400","deg","20.000","°C","962.000","hPa","0.861","-0.02617","0.00035","0","0","13.56","Humid","35.35","0","78.50","295933.99","SABD0002000014","AAV2.0.0.13","3.0.1.1413","PSt7-10","180509-002","6/18/2019 6:15:17 AM","0000-00","0","no battery","V"
"07/13/2019","06:40:39","9","default","116269760","OXY_CH9","33.689","min","278.738","μmol/L","Humid","19.504","deg","101385","µV","20.187","°C","1013.000","hPa","36.5","pmil","0","55.690","deg","20.000","°C","100.000","%a.s.","22.400","deg","20.000","°C","962.000","hPa","0.861","-0.02617","0.00035","0","0","13.56","Humid","35.35","0","78.50","295928.91","SABD0002000014","AAV2.0.0.13","3.0.1.1413","PSt7-10","180509-002","6/18/2019 6:15:17 AM","0000-00","0","no battery","V"
"07/13/2019","06:40:40","9","default","116269760","OXY_CH9","33.706","min","278.665","μmol/L","Humid","19.503","deg","101375","µV","20.199","°C","1013.000","hPa","36.5","pmil","0","55.690","deg","20.000","°C","100.000","%a.s.","22.400","deg","20.000","°C","962.000","hPa","0.861","-0.02617","0.00035","0","0","13.56","Humid","35.35","0","78.50","295931.44","SABD0002000014","AAV2.0.0.13","3.0.1.1413","PSt7-10","180509-002","6/18/2019 6:15:17 AM","0000-00","0","no battery","V"
"07/13/2019","06:40:41","9","default","116269760","OXY_CH9","33.723","min","278.892","μmol/L","Humid","19.498","deg","101376","µV","20.187","°C","1013.000","hPa","36.5","pmil","0","55.690","deg","20.000","°C","100.000","%a.s.","22.400","deg","20.000","°C","962.000","hPa","0.861","-0.02617","0.00035","0","0","13.56","Humid","35.35","0","78.50","295933.08","SABD0002000014","AAV2.0.0.13","3.0.1.1413","PSt7-10","180509-002","6/18/2019 6:15:17 AM","0000-00","0","no battery","V"
"07/13/2019","06:40:42","9","default","116269760","OXY_CH9","33.739","min","278.663","μmol/L","Humid","19.505","deg","101356","µV","20.193","°C","1013.000","hPa","36.5","pmil","0","55.690","deg","20.000","°C","100.000","%a.s.","22.400","deg","20.000","°C","962.000","hPa","0.861","-0.02617","0.00035","0","0","13.56","Humid","35.35","0","78.50","295919.12","SABD0002000014","AAV2.0.0.13","3.0.1.1413","PSt7-10","180509-002","6/18/2019 6:15:17 AM","0000-00","0","no battery","V"
"07/13/2019","06:40:43","9","default","116269760","OXY_CH9","33.756","min","278.766","μmol/L","Humid","19.501","deg","101347","µV","20.193","°C","1013.000","hPa","36.5","pmil","0","55.690","deg","20.000","°C","100.000","%a.s.","22.400","deg","20.000","°C","962.000","hPa","0.861","-0.02617","0.00035","0","0","13.56","Humid","35.35","0","78.50","295922.42","SABD0002000014","AAV2.0.0.13","3.0.1.1413","PSt7-10","180509-002","6/18/2019 6:15:17 AM","0000-00","0","no battery","V"
"07/13/2019","06:40:44","9","default","116269760","OXY_CH9","33.773","min","278.869","μmol/L","Humid","19.497","deg","101339","µV","20.193","°C","1013.000","hPa","36.5","pmil","0","55.690","deg","20.000","°C","100.000","%a.s.","22.400","deg","20.000","°C","962.000","hPa","0.861","-0.02617","0.00035","0","0","13.56","Humid","35.35","0","78.50","295930.81","SABD0002000014","AAV2.0.0.13","3.0.1.1413","PSt7-10","180509-002","6/18/2019 6:15:17 AM","0000-00","0","no battery","V"
"07/13/2019","06:40:45","9","default","116269760","OXY_CH9","33.789","min","278.869","μmol/L","Humid","19.497","deg","101333","µV","20.193","°C","1013.000","hPa","36.5","pmil","0","55.690","deg","20.000","°C","100.000","%a.s.","22.400","deg","20.000","°C","962.000","hPa","0.861","-0.02617","0.00035","0","0","13.56","Humid","35.35","0","78.50","295918.53","SABD0002000014","AAV2.0.0.13","3.0.1.1413","PSt7-10","180509-002","6/18/2019 6:15:17 AM","0000-00","0","no battery","V"
"07/13/2019","06:40:46","9","default","116269760","OXY_CH9","33.806","min","278.970","μmol/L","Humid","19.495","deg","101332","µV","20.187","°C","1013.000","hPa","36.5","pmil","0","55.690","deg","20.000","°C","100.000","%a.s.","22.400","deg","20.000","°C","962.000","hPa","0.861","-0.02617","0.00035","0","0","13.56","Humid","35.35","0","78.50","295913.39","SABD0002000014","AAV2.0.0.13","3.0.1.1413","PSt7-10","180509-002","6/18/2019 6:15:17 AM","0000-00","0","no battery","V"
"07/13/2019","06:40:47","9","default","116269760","OXY_CH9","33.822","min","278.918","μmol/L","Humid","19.497","deg","101322","µV","20.187","°C","1013.000","hPa","36.5","pmil","0","55.690","deg","20.000","°C","100.000","%a.s.","22.400","deg","20.000","°C","962.000","hPa","0.861","-0.02617","0.00035","0","0","13.56","Humid","35.35","0","78.50","295909.52","SABD0002000014","AAV2.0.0.13","3.0.1.1413","PSt7-10","180509-002","6/18/2019 6:15:17 AM","0000-00","0","no battery","V"
"07/13/2019","06:40:48","9","default","116269760","OXY_CH9","33.839","min","279.047","μmol/L","Humid","19.492","deg","101317","µV","20.187","°C","1013.000","hPa","36.5","pmil","0","55.690","deg","20.000","°C","100.000","%a.s.","22.400","deg","20.000","°C","962.000","hPa","0.861","-0.02617","0.00035","0","0","13.56","Humid","35.35","0","78.50","295921.46","SABD0002000014","AAV2.0.0.13","3.0.1.1413","PSt7-10","180509-002","6/18/2019 6:15:17 AM","0000-00","0","no battery","V"
"07/13/2019","06:40:49","9","default","116269760","OXY_CH9","33.856","min","279.021","μmol/L","Humid","19.493","deg","101316","µV","20.187","°C","1013.000","hPa","36.5","pmil","0","55.690","deg","20.000","°C","100.000","%a.s.","22.400","deg","20.000","°C","962.000","hPa","0.861","-0.02617","0.00035","0","0","13.56","Humid","35.35","0","78.50","295919.49","SABD0002000014","AAV2.0.0.13","3.0.1.1413","PSt7-10","180509-002","6/18/2019 6:15:17 AM","0000-00","0","no battery","V"
"07/13/2019","06:40:50","9","default","116269760","OXY_CH9","33.872","min","279.124","μmol/L","Humid","19.489","deg","101300","µV","20.187","°C","1013.000","hPa","36.5","pmil","0","55.690","deg","20.000","°C","100.000","%a.s.","22.400","deg","20.000","°C","962.000","hPa","0.861","-0.02617","0.00035","0","0","13.56","Humid","35.35","0","78.50","295915.44","SABD0002000014","AAV2.0.0.13","3.0.1.1413","PSt7-10","180509-002","6/18/2019 6:15:17 AM","0000-00","0","no battery","V"
"07/13/2019","06:40:51","9","default","116269760","OXY_CH9","33.889","min","279.072","μmol/L","Humid","19.491","deg","101291","µV","20.187","°C","1013.000","hPa","36.5","pmil","0","55.690","deg","20.000","°C","100.000","%a.s.","22.400","deg","20.000","°C","962.000","hPa","0.861","-0.02617","0.00035","0","0","13.56","Humid","35.35","0","78.50","295925.23","SABD0002000014","AAV2.0.0.13","3.0.1.1413","PSt7-10","180509-002","6/18/2019 6:15:17 AM","0000-00","0","no battery","V"
"07/13/2019","06:40:52","9","default","116269760","OXY_CH9","33.906","min","279.229","μmol/L","Humid","19.483","deg","101271","µV","20.193","°C","1013.000","hPa","36.5","pmil","0","55.690","deg","20.000","°C","100.000","%a.s.","22.400","deg","20.000","°C","962.000","hPa","0.861","-0.02617","0.00035","0","0","13.56","Humid","35.35","0","78.50","295916.13","SABD0002000014","AAV2.0.0.13","3.0.1.1413","PSt7-10","180509-002","6/18/2019 6:15:17 AM","0000-00","0","no battery","V"
"07/13/2019","06:40:53","9","default","116269760","OXY_CH9","33.923","min","279.201","μmol/L","Humid","19.486","deg","101269","µV","20.187","°C","1013.000","hPa","36.5","pmil","0","55.690","deg","20.000","°C","100.000","%a.s.","22.400","deg","20.000","°C","962.000","hPa","0.861","-0.02617","0.00035","0","0","13.56","Humid","35.35","0","78.50","295920.77","SABD0002000014","AAV2.0.0.13","3.0.1.1413","PSt7-10","180509-002","6/18/2019 6:15:17 AM","0000-00","0","no battery","V"
"07/13/2019","06:40:54","9","default","116269760","OXY_CH9","33.939","min","279.278","μmol/L","Humid","19.483","deg","101263","µV","20.187","°C","1013.000","hPa","36.5","pmil","0","55.690","deg","20.000","°C","100.000","%a.s.","22.400","deg","20.000","°C","962.000","hPa","0.861","-0.02617","0.00035","0","0","13.56","Humid","35.35","0","78.50","295922.63","SABD0002000014","AAV2.0.0.13","3.0.1.1413","PSt7-10","180509-002","6/18/2019 6:15:17 AM","0000-00","0","no battery","V"
"07/13/2019","06:40:55","9","default","116269760","OXY_CH9","33.955","min","279.255","μmol/L","Humid","19.482","deg","101252","µV","20.193","°C","1013.000","hPa","36.5","pmil","0","55.690","deg","20.000","°C","100.000","%a.s.","22.400","deg","20.000","°C","962.000","hPa","0.861","-0.02617","0.00035","0","0","13.56","Humid","35.35","0","78.50","295918.20","SABD0002000014","AAV2.0.0.13","3.0.1.1413","PSt7-10","180509-002","6/18/2019 6:15:17 AM","0000-00","0","no battery","V"
"07/13/2019","06:40:56","9","default","116269760","OXY_CH9","33.972","min","279.304","μmol/L","Humid","19.482","deg","101240","µV","20.187","°C","1013.000","hPa","36.5","pmil","0","55.690","deg","20.000","°C","100.000","%a.s.","22.400","deg","20.000","°C","962.000","hPa","0.861","-0.02617","0.00035","0","0","13.56","Humid","35.35","0","78.50","295921.52","SABD0002000014","AAV2.0.0.13","3.0.1.1413","PSt7-10","180509-002","6/18/2019 6:15:17 AM","0000-00","0","no battery","V"
"07/13/2019","06:40:57","9","default","116269760","OXY_CH9","33.989","min","279.281","μmol/L","Humid","19.481","deg","101234","µV","20.193","°C","1013.000","hPa","36.5","pmil","0","55.690","deg","20.000","°C","100.000","%a.s.","22.400","deg","20.000","°C","962.000","hPa","0.861","-0.02617","0.00035","0","0","13.56","Humid","35.35","0","78.50","295929.55","SABD0002000014","AAV2.0.0.13","3.0.1.1413","PSt7-10","180509-002","6/18/2019 6:15:17 AM","0000-00","0","no battery","V"
"07/13/2019","06:40:58","9","default","116269760","OXY_CH9","34.006","min","279.278","μmol/L","Humid","19.483","deg","101232","µV","20.187","°C","1013.000","hPa","36.5","pmil","0","55.690","deg","20.000","°C","100.000","%a.s.","22.400","deg","20.000","°C","962.000","hPa","0.861","-0.02617","0.00035","0","0","13.56","Humid","35.35","0","78.50","295924.74","SABD0002000014","AAV2.0.0.13","3.0.1.1413","PSt7-10","180509-002","6/18/2019 6:15:17 AM","0000-00","0","no battery","V"
"07/13/2019","06:40:59","9","default","116269760","OXY_CH9","34.022","min","279.382","μmol/L","Humid","19.479","deg","101218","µV","20.187","°C","1013.000","hPa","36.5","pmil","0","55.690","deg","20.000","°C","100.000","%a.s.","22.400","deg","20.000","°C","962.000","hPa","0.861","-0.02617","0.00035","0","0","13.56","Humid","35.35","0","78.50","295906.27","SABD0002000014","AAV2.0.0.13","3.0.1.1413","PSt7-10","180509-002","6/18/2019 6:15:17 AM","0000-00","0","no battery","V"
"07/13/2019","06:41:00","9","default","116269760","OXY_CH9","34.039","min","279.384","μmol/L","Humid","19.477","deg","101212","µV","20.193","°C","1013.000","hPa","36.5","pmil","0","55.690","deg","20.000","°C","100.000","%a.s.","22.400","deg","20.000","°C","962.000","hPa","0.861","-0.02617","0.00035","0","0","13.56","Humid","35.35","0","78.50","295916.77","SABD0002000014","AAV2.0.0.13","3.0.1.1413","PSt7-10","180509-002","6/18/2019 6:15:17 AM","0000-00","0","no battery","V"
"07/13/2019","06:41:01","9","default","116269760","OXY_CH9","34.056","min","279.435","μmol/L","Humid","19.475","deg","101198","µV","20.193","°C","1013.000","hPa","36.5","pmil","0","55.690","deg","20.000","°C","100.000","%a.s.","22.400","deg","20.000","°C","962.000","hPa","0.861","-0.02617","0.00035","0","0","13.56","Humid","35.35","0","78.50","295920.00","SABD0002000014","AAV2.0.0.13","3.0.1.1413","PSt7-10","180509-002","6/18/2019 6:15:17 AM","0000-00","0","no battery","V"
"07/13/2019","06:41:02","9","default","116269760","OXY_CH9","34.073","min","279.487","μmol/L","Humid","19.473","deg","101192","µV","20.193","°C","1013.000","hPa","36.5","pmil","0","55.690","deg","20.000","°C","100.000","%a.s.","22.400","deg","20.000","°C","962.000","hPa","0.861","-0.02617","0.00035","0","0","13.56","Humid","35.35","0","78.50","295925.49","SABD0002000014","AAV2.0.0.13","3.0.1.1413","PSt7-10","180509-002","6/18/2019 6:15:17 AM","0000-00","0","no battery","V"
"07/13/2019","06:41:03","9","default","116269760","OXY_CH9","34.089","min","279.562","μmol/L","Humid","19.472","deg","101182","µV","20.187","°C","1013.000","hPa","36.5","pmil","0","55.690","deg","20.000","°C","100.000","%a.s.","22.400","deg","20.000","°C","962.000","hPa","0.861","-0.02617","0.00035","0","0","13.56","Humid","35.35","0","78.50","295923.80","SABD0002000014","AAV2.0.0.13","3.0.1.1413","PSt7-10","180509-002","6/18/2019 6:15:17 AM","0000-00","0","no battery","V"
"07/13/2019","06:41:04","9","default","116269760","OXY_CH9","34.106","min","279.510","μmol/L","Humid","19.474","deg","101172","µV","20.187","°C","1013.000","hPa","36.5","pmil","0","55.690","deg","20.000","°C","100.000","%a.s.","22.400","deg","20.000","°C","962.000","hPa","0.861","-0.02617","0.00035","0","0","13.56","Humid","35.35","0","78.50","295908.00","SABD0002000014","AAV2.0.0.13","3.0.1.1413","PSt7-10","180509-002","6/18/2019 6:15:17 AM","0000-00","0","no battery","V"
"07/13/2019","06:41:05","9","default","116269760","OXY_CH9","34.122","min","279.614","μmol/L","Humid","19.470","deg","101160","µV","20.187","°C","1013.000","hPa","36.5","pmil","0","55.690","deg","20.000","°C","100.000","%a.s.","22.400","deg","20.000","°C","962.000","hPa","0.861","-0.02617","0.00035","0","0","13.56","Humid","35.35","0","78.50","295908.11","SABD0002000014","AAV2.0.0.13","3.0.1.1413","PSt7-10","180509-002","6/18/2019 6:15:17 AM","0000-00","0","no battery","V"
"07/13/2019","06:41:06","9","default","116269760","OXY_CH9","34.139","min","279.616","μmol/L","Humid","19.468","deg","101149","µV","20.193","°C","1013.000","hPa","36.5","pmil","0","55.690","deg","20.000","°C","100.000","%a.s.","22.400","deg","20.000","°C","962.000","hPa","0.861","-0.02617","0.00035","0","0","13.56","Humid","35.35","0","78.50","295901.16","SABD0002000014","AAV2.0.0.13","3.0.1.1413","PSt7-10","180509-002","6/18/2019 6:15:17 AM","0000-00","0","no battery","V"
"07/13/2019","06:41:07","9","default","116269760","OXY_CH9","34.156","min","279.717","μmol/L","Humid","19.466","deg","101150","µV","20.187","°C","1013.000","hPa","36.5","pmil","0","55.690","deg","20.000","°C","100.000","%a.s.","22.400","deg","20.000","°C","962.000","hPa","0.861","-0.02617","0.00035","0","0","13.56","Humid","35.35","0","78.50","295891.66","SABD0002000014","AAV2.0.0.13","3.0.1.1413","PSt7-10","180509-002","6/18/2019 6:15:17 AM","0000-00","0","no battery","V"
"07/13/2019","06:41:08","9","default","116269760","OXY_CH9","34.172","min","279.693","μmol/L","Humid","19.465","deg","101128","µV","20.193","°C","1013.000","hPa","36.5","pmil","0","55.690","deg","20.000","°C","100.000","%a.s.","22.400","deg","20.000","°C","962.000","hPa","0.861","-0.02617","0.00035","0","0","13.56","Humid","35.35","0","78.50","295908.82","SABD0002000014","AAV2.0.0.13","3.0.1.1413","PSt7-10","180509-002","6/18/2019 6:15:17 AM","0000-00","0","no battery","V"
"07/13/2019","06:41:09","9","default","116269760","OXY_CH9","34.189","min","279.719","μmol/L","Humid","19.464","deg","101133","µV","20.193","°C","1013.000","hPa","36.5","pmil","0","55.690","deg","20.000","°C","100.000","%a.s.","22.400","deg","20.000","°C","962.000","hPa","0.861","-0.02617","0.00035","0","0","13.56","Humid","35.35","0","78.50","295912.40","SABD0002000014","AAV2.0.0.13","3.0.1.1413","PSt7-10","180509-002","6/18/2019 6:15:17 AM","0000-00","0","no battery","V"
"07/13/2019","06:41:10","9","default","116269760","OXY_CH9","34.206","min","279.797","μmol/L","Humid","19.461","deg","101120","µV","20.193","°C","1013.000","hPa","36.5","pmil","0","55.690","deg","20.000","°C","100.000","%a.s.","22.400","deg","20.000","°C","962.000","hPa","0.861","-0.02617","0.00035","0","0","13.56","Humid","35.35","0","78.50","295912.79","SABD0002000014","AAV2.0.0.13","3.0.1.1413","PSt7-10","180509-002","6/18/2019 6:15:17 AM","0000-00","0","no battery","V"
"07/13/2019","06:41:11","9","default","116269760","OXY_CH9","34.222","min","279.848","μmol/L","Humid","19.459","deg","101111","µV","20.193","°C","1013.000","hPa","36.5","pmil","0","55.690","deg","20.000","°C","100.000","%a.s.","22.400","deg","20.000","°C","962.000","hPa","0.861","-0.02617","0.00035","0","0","13.56","Humid","35.35","0","78.50","295909.44","SABD0002000014","AAV2.0.0.13","3.0.1.1413","PSt7-10","180509-002","6/18/2019 6:15:17 AM","0000-00","0","no battery","V"
"07/13/2019","06:41:12","9","default","116269760","OXY_CH9","34.239","min","279.898","μmol/L","Humid","19.459","deg","101113","µV","20.187","°C","1013.000","hPa","36.5","pmil","0","55.690","deg","20.000","°C","100.000","%a.s.","22.400","deg","20.000","°C","962.000","hPa","0.861","-0.02617","0.00035","0","0","13.56","Humid","35.35","0","78.50","295913.91","SABD0002000014","AAV2.0.0.13","3.0.1.1413","PSt7-10","180509-002","6/18/2019 6:15:17 AM","0000-00","0","no battery","V"
"07/13/2019","06:41:13","9","default","116269760","OXY_CH9","34.256","min","279.874","μmol/L","Humid","19.458","deg","101104","µV","20.193","°C","1013.000","hPa","36.5","pmil","0","55.690","deg","20.000","°C","100.000","%a.s.","22.400","deg","20.000","°C","962.000","hPa","0.861","-0.02617","0.00035","0","0","13.56","Humid","35.35","0","78.50","295911.71","SABD0002000014","AAV2.0.0.13","3.0.1.1413","PSt7-10","180509-002","6/18/2019 6:15:17 AM","0000-00","0","no battery","V"
"07/13/2019","06:41:14","9","default","116269760","OXY_CH9","34.272","min","279.874","μmol/L","Humid","19.458","deg","101095","µV","20.193","°C","1013.000","hPa","36.5","pmil","0","55.690","deg","20.000","°C","100.000","%a.s.","22.400","deg","20.000","°C","962.000","hPa","0.861","-0.02617","0.00035","0","0","13.56","Humid","35.35","0","78.50","295907.87","SABD0002000014","AAV2.0.0.13","3.0.1.1413","PSt7-10","180509-002","6/18/2019 6:15:17 AM","0000-00","0","no battery","V"
"07/13/2019","06:41:15","9","default","116269760","OXY_CH9","34.289","min","279.923","μmol/L","Humid","19.458","deg","101089","µV","20.187","°C","1013.000","hPa","36.5","pmil","0","55.690","deg","20.000","°C","100.000","%a.s.","22.400","deg","20.000","°C","962.000","hPa","0.861","-0.02617","0.00035","0","0","13.56","Humid","35.35","0","78.50","295911.16","SABD0002000014","AAV2.0.0.13","3.0.1.1413","PSt7-10","180509-002","6/18/2019 6:15:17 AM","0000-00","0","no battery","V"
"07/13/2019","06:41:16","9","default","116269760","OXY_CH9","34.306","min","279.949","μmol/L","Humid","19.457","deg","101067","µV","20.187","°C","1013.000","hPa","36.5","pmil","0","55.690","deg","20.000","°C","100.000","%a.s.","22.400","deg","20.000","°C","962.000","hPa","0.861","-0.02617","0.00035","0","0","13.56","Humid","35.35","0","78.50","295908.42","SABD0002000014","AAV2.0.0.13","3.0.1.1413","PSt7-10","180509-002","6/18/2019 6:15:17 AM","0000-00","0","no battery","V"
"07/13/2019","06:41:17","9","default","116269760","OXY_CH9","34.322","min","280.001","μmol/L","Humid","19.455","deg","101056","µV","20.187","°C","1013.000","hPa","36.5","pmil","0","55.690","deg","20.000","°C","100.000","%a.s.","22.400","deg","20.000","°C","962.000","hPa","0.861","-0.02617","0.00035","0","0","13.56","Humid","35.35","0","78.50","295902.07","SABD0002000014","AAV2.0.0.13","3.0.1.1413","PSt7-10","180509-002","6/18/2019 6:15:17 AM","0000-00","0","no battery","V"
"07/13/2019","06:41:18","9","default","116269760","OXY_CH9","34.339","min","280.079","μmol/L","Humid","19.452","deg","101059","µV","20.187","°C","1013.000","hPa","36.5","pmil","0","55.690","deg","20.000","°C","100.000","%a.s.","22.400","deg","20.000","°C","962.000","hPa","0.861","-0.02617","0.00035","0","0","13.56","Humid","35.35","0","78.50","295906.83","SABD0002000014","AAV2.0.0.13","3.0.1.1413","PSt7-10","180509-002","6/18/2019 6:15:17 AM","0000-00","0","no battery","V"
"07/13/2019","06:41:19","9","default","116269760","OXY_CH9","34.355","min","280.234","μmol/L","Humid","19.446","deg","101054","µV","20.187","°C","1013.000","hPa","36.5","pmil","0","55.690","deg","20.000","°C","100.000","%a.s.","22.400","deg","20.000","°C","962.000","hPa","0.861","-0.02617","0.00035","0","0","13.56","Humid","35.35","0","78.50","295910.75","SABD0002000014","AAV2.0.0.13","3.0.1.1413","PSt7-10","180509-002","6/18/2019 6:15:17 AM","0000-00","0","no battery","V"
"07/13/2019","06:41:20","9","default","116269760","OXY_CH9","34.372","min","280.130","μmol/L","Humid","19.450","deg","101036","µV","20.187","°C","1013.000","hPa","36.5","pmil","0","55.690","deg","20.000","°C","100.000","%a.s.","22.400","deg","20.000","°C","962.000","hPa","0.861","-0.02617","0.00035","0","0","13.56","Humid","35.35","0","78.50","295915.36","SABD0002000014","AAV2.0.0.13","3.0.1.1413","PSt7-10","180509-002","6/18/2019 6:15:17 AM","0000-00","0","no battery","V"
"07/13/2019","06:41:21","9","default","116269760","OXY_CH9","34.389","min","280.234","μmol/L","Humid","19.446","deg","101027","µV","20.187","°C","1013.000","hPa","36.5","pmil","0","55.690","deg","20.000","°C","100.000","%a.s.","22.400","deg","20.000","°C","962.000","hPa","0.861","-0.02617","0.00035","0","0","13.56","Humid","35.35","0","78.50","295906.34","SABD0002000014","AAV2.0.0.13","3.0.1.1413","PSt7-10","180509-002","6/18/2019 6:15:17 AM","0000-00","0","no battery","V"
"07/13/2019","06:41:22","9","default","116269760","OXY_CH9","34.405","min","280.260","μmol/L","Humid","19.445","deg","101011","µV","20.187","°C","1013.000","hPa","36.5","pmil","0","55.690","deg","20.000","°C","100.000","%a.s.","22.400","deg","20.000","°C","962.000","hPa","0.861","-0.02617","0.00035","0","0","13.56","Humid","35.35","0","78.50","295903.58","SABD0002000014","AAV2.0.0.13","3.0.1.1413","PSt7-10","180509-002","6/18/2019 6:15:17 AM","0000-00","0","no battery","V"
"07/13/2019","06:41:23","9","default","116269760","OXY_CH9","34.422","min","280.337","μmol/L","Humid","19.442","deg","101008","µV","20.187","°C","1013.000","hPa","36.5","pmil","0","55.690","deg","20.000","°C","100.000","%a.s.","22.400","deg","20.000","°C","962.000","hPa","0.861","-0.02617","0.00035","0","0","13.56","Humid","35.35","0","78.50","295903.93","SABD0002000014","AAV2.0.0.13","3.0.1.1413","PSt7-10","180509-002","6/18/2019 6:15:17 AM","0000-00","0","no battery","V"
"07/13/2019","06:41:24","9","default","116269760","OXY_CH9","34.439","min","280.314","μmol/L","Humid","19.441","deg","101004","µV","20.193","°C","1013.000","hPa","36.5","pmil","0","55.690","deg","20.000","°C","100.000","%a.s.","22.400","deg","20.000","°C","962.000","hPa","0.861","-0.02617","0.00035","0","0","13.56","Humid","35.35","0","78.50","295901.45","SABD0002000014","AAV2.0.0.13","3.0.1.1413","PSt7-10","180509-002","6/18/2019 6:15:17 AM","0000-00","0","no battery","V"
"07/13/2019","06:41:25","9","default","116269760","OXY_CH9","34.456","min","280.314","μmol/L","Humid","19.441","deg","100989","µV","20.193","°C","1013.000","hPa","36.5","pmil","0","55.690","deg","20.000","°C","100.000","%a.s.","22.400","deg","20.000","°C","962.000","hPa","0.861","-0.02617","0.00035","0","0","13.56","Humid","35.35","0","78.50","295900.01","SABD0002000014","AAV2.0.0.13","3.0.1.1413","PSt7-10","180509-002","6/18/2019 6:15:17 AM","0000-00","0","no battery","V"
"07/13/2019","06:41:26","9","default","116269760","OXY_CH9","34.473","min","280.417","μmol/L","Humid","19.437","deg","100987","µV","20.193","°C","1013.000","hPa","36.5","pmil","0","55.690","deg","20.000","°C","100.000","%a.s.","22.400","deg","20.000","°C","962.000","hPa","0.861","-0.02617","0.00035","0","0","13.56","Humid","35.35","0","78.50","295893.51","SABD0002000014","AAV2.0.0.13","3.0.1.1413","PSt7-10","180509-002","6/18/2019 6:15:17 AM","0000-00","0","no battery","V"
"07/13/2019","06:41:27","9","default","116269760","OXY_CH9","34.489","min","280.363","μmol/L","Humid","19.441","deg","100971","µV","20.187","°C","1013.000","hPa","36.5","pmil","0","55.690","deg","20.000","°C","100.000","%a.s.","22.400","deg","20.000","°C","962.000","hPa","0.861","-0.02617","0.00035","0","0","13.56","Humid","35.35","0","78.50","295893.29","SABD0002000014","AAV2.0.0.13","3.0.1.1413","PSt7-10","180509-002","6/18/2019 6:15:17 AM","0000-00","0","no battery","V"
"07/13/2019","06:41:28","9","default","116269760","OXY_CH9","34.506","min","280.491","μmol/L","Humid","19.438","deg","100968","µV","20.181","°C","1013.000","hPa","36.5","pmil","0","55.690","deg","20.000","°C","100.000","%a.s.","22.400","deg","20.000","°C","962.000","hPa","0.861","-0.02617","0.00035","0","0","13.56","Humid","35.35","0","78.50","295898.33","SABD0002000014","AAV2.0.0.13","3.0.1.1413","PSt7-10","180509-002","6/18/2019 6:15:17 AM","0000-00","0","no battery","V"
"07/13/2019","06:41:29","9","default","116269760","OXY_CH9","34.522","min","280.441","μmol/L","Humid","19.438","deg","100965","µV","20.187","°C","1013.000","hPa","36.5","pmil","0","55.690","deg","20.000","°C","100.000","%a.s.","22.400","deg","20.000","°C","962.000","hPa","0.861","-0.02617","0.00035","0","0","13.56","Humid","35.35","0","78.50","295907.25","SABD0002000014","AAV2.0.0.13","3.0.1.1413","PSt7-10","180509-002","6/18/2019 6:15:17 AM","0000-00","0","no battery","V"
"07/13/2019","06:41:30","9","default","116269760","OXY_CH9","34.539","min","280.443","μmol/L","Humid","19.436","deg","100948","µV","20.193","°C","1013.000","hPa","36.5","pmil","0","55.690","deg","20.000","°C","100.000","%a.s.","22.400","deg","20.000","°C","962.000","hPa","0.861","-0.02617","0.00035","0","0","13.56","Humid","35.35","0","78.50","295886.51","SABD0002000014","AAV2.0.0.13","3.0.1.1413","PSt7-10","180509-002","6/18/2019 6:15:17 AM","0000-00","0","no battery","V"
"07/13/2019","06:41:31","9","default","116269760","OXY_CH9","34.555","min","280.469","μmol/L","Humid","19.435","deg","100944","µV","20.193","°C","1013.000","hPa","36.5","pmil","0","55.690","deg","20.000","°C","100.000","%a.s.","22.400","deg","20.000","°C","962.000","hPa","0.861","-0.02617","0.00035","0","0","13.56","Humid","35.35","0","78.50","295897.73","SABD0002000014","AAV2.0.0.13","3.0.1.1413","PSt7-10","180509-002","6/18/2019 6:15:17 AM","0000-00","0","no battery","V"
"07/13/2019","06:41:32","9","default","116269760","OXY_CH9","34.572","min","280.519","μmol/L","Humid","19.435","deg","100935","µV","20.187","°C","1013.000","hPa","36.5","pmil","0","55.690","deg","20.000","°C","100.000","%a.s.","22.400","deg","20.000","°C","962.000","hPa","0.861","-0.02617","0.00035","0","0","13.56","Humid","35.35","0","78.50","295912.35","SABD0002000014","AAV2.0.0.13","3.0.1.1413","PSt7-10","180509-002","6/18/2019 6:15:17 AM","0000-00","0","no battery","V"
"07/13/2019","06:41:33","9","default","116269760","OXY_CH9","34.589","min","280.547","μmol/L","Humid","19.432","deg","100932","µV","20.193","°C","1013.000","hPa","36.5","pmil","0","55.690","deg","20.000","°C","100.000","%a.s.","22.400","deg","20.000","°C","962.000","hPa","0.861","-0.02617","0.00035","0","0","13.56","Humid","35.35","0","78.50","295893.63","SABD0002000014","AAV2.0.0.13","3.0.1.1413","PSt7-10","180509-002","6/18/2019 6:15:17 AM","0000-00","0","no battery","V"
"07/13/2019","06:41:34","9","default","116269760","OXY_CH9","34.605","min","280.620","μmol/L","Humid","19.433","deg","100912","µV","20.181","°C","1013.000","hPa","36.5","pmil","0","55.690","deg","20.000","°C","100.000","%a.s.","22.400","deg","20.000","°C","962.000","hPa","0.861","-0.02617","0.00035","0","0","13.56","Humid","35.35","0","78.50","295881.13","SABD0002000014","AAV2.0.0.13","3.0.1.1413","PSt7-10","180509-002","6/18/2019 6:15:17 AM","0000-00","0","no battery","V"
"07/13/2019","06:41:35","9","default","116269760","OXY_CH9","34.622","min","280.726","μmol/L","Humid","19.427","deg","100911","µV","20.187","°C","1013.000","hPa","36.5","pmil","0","55.690","deg","20.000","°C","100.000","%a.s.","22.400","deg","20.000","°C","962.000","hPa","0.861","-0.02617","0.00035","0","0","13.56","Humid","35.35","0","78.50","295897.52","SABD0002000014","AAV2.0.0.13","3.0.1.1413","PSt7-10","180509-002","6/18/2019 6:15:17 AM","0000-00","0","no battery","V"
"07/13/2019","06:41:36","9","default","116269760","OXY_CH9","34.639","min","280.700","μmol/L","Humid","19.428","deg","100895","µV","20.187","°C","1013.000","hPa","36.5","pmil","0","55.690","deg","20.000","°C","100.000","%a.s.","22.400","deg","20.000","°C","962.000","hPa","0.861","-0.02617","0.00035","0","0","13.56","Humid","35.35","0","78.50","295898.69","SABD0002000014","AAV2.0.0.13","3.0.1.1413","PSt7-10","180509-002","6/18/2019 6:15:17 AM","0000-00","0","no battery","V"
"07/13/2019","06:41:37","9","default","116269760","OXY_CH9","34.656","min","280.625","μmol/L","Humid","19.429","deg","100891","µV","20.193","°C","1013.000","hPa","36.5","pmil","0","55.690","deg","20.000","°C","100.000","%a.s.","22.400","deg","20.000","°C","962.000","hPa","0.861","-0.02617","0.00035","0","0","13.56","Humid","35.35","0","78.50","295898.66","SABD0002000014","AAV2.0.0.13","3.0.1.1413","PSt7-10","180509-002","6/18/2019 6:15:17 AM","0000-00","0","no battery","V"
"07/13/2019","06:41:38","9","default","116269760","OXY_CH9","34.673","min","280.780","μmol/L","Humid","19.423","deg","100889","µV","20.193","°C","1013.000","hPa","36.5","pmil","0","55.690","deg","20.000","°C","100.000","%a.s.","22.400","deg","20.000","°C","962.000","hPa","0.861","-0.02617","0.00035","0","0","13.56","Humid","35.35","0","78.50","295894.65","SABD0002000014","AAV2.0.0.13","3.0.1.1413","PSt7-10","180509-002","6/18/2019 6:15:17 AM","0000-00","0","no battery","V"
"07/13/2019","06:41:39","9","default","116269760","OXY_CH9","34.689","min","280.778","μmol/L","Humid","19.425","deg","100877","µV","20.187","°C","1013.000","hPa","36.5","pmil","0","55.690","deg","20.000","°C","100.000","%a.s.","22.400","deg","20.000","°C","962.000","hPa","0.861","-0.02617","0.00035","0","0","13.56","Humid","35.35","0","78.50","295897.30","SABD0002000014","AAV2.0.0.13","3.0.1.1413","PSt7-10","180509-002","6/18/2019 6:15:17 AM","0000-00","0","no battery","V"
"07/13/2019","06:41:40","9","default","116269760","OXY_CH9","34.706","min","280.882","μmol/L","Humid","19.421","deg","100866","µV","20.187","°C","1013.000","hPa","36.5","pmil","0","55.690","deg","20.000","°C","100.000","%a.s.","22.400","deg","20.000","°C","962.000","hPa","0.861","-0.02617","0.00035","0","0","13.56","Humid","35.35","0","78.50","295889.07","SABD0002000014","AAV2.0.0.13","3.0.1.1413","PSt7-10","180509-002","6/18/2019 6:15:17 AM","0000-00","0","no battery","V"
"07/13/2019","06:41:41","9","default","116269760","OXY_CH9","34.723","min","280.934","μmol/L","Humid","19.419","deg","100863","µV","20.187","°C","1013.000","hPa","36.5","pmil","0","55.690","deg","20.000","°C","100.000","%a.s.","22.400","deg","20.000","°C","962.000","hPa","0.861","-0.02617","0.00035","0","0","13.56","Humid","35.35","0","78.50","295893.83","SABD0002000014","AAV2.0.0.13","3.0.1.1413","PSt7-10","180509-002","6/18/2019 6:15:17 AM","0000-00","0","no battery","V"
"07/13/2019","06:41:42","9","default","116269760","OXY_CH9","34.739","min","280.910","μmol/L","Humid","19.418","deg","100854","µV","20.193","°C","1013.000","hPa","36.5","pmil","0","55.690","deg","20.000","°C","100.000","%a.s.","22.400","deg","20.000","°C","962.000","hPa","0.861","-0.02617","0.00035","0","0","13.56","Humid","35.35","0","78.50","295893.29","SABD0002000014","AAV2.0.0.13","3.0.1.1413","PSt7-10","180509-002","6/18/2019 6:15:17 AM","0000-00","0","no battery","V"
"07/13/2019","06:41:43","9","default","116269760","OXY_CH9","34.755","min","281.113","μmol/L","Humid","19.414","deg","100837","µV","20.181","°C","1013.000","hPa","36.5","pmil","0","55.690","deg","20.000","°C","100.000","%a.s.","22.400","deg","20.000","°C","962.000","hPa","0.861","-0.02617","0.00035","0","0","13.56","Humid","35.35","0","78.50","295899.49","SABD0002000014","AAV2.0.0.13","3.0.1.1413","PSt7-10","180509-002","6/18/2019 6:15:17 AM","0000-00","0","no battery","V"
"07/13/2019","06:41:44","9","default","116269760","OXY_CH9","34.772","min","280.988","μmol/L","Humid","19.415","deg","100834","µV","20.193","°C","1013.000","hPa","36.5","pmil","0","55.690","deg","20.000","°C","100.000","%a.s.","22.400","deg","20.000","°C","962.000","hPa","0.861","-0.02617","0.00035","0","0","13.56","Humid","35.35","0","78.50","295899.83","SABD0002000014","AAV2.0.0.13","3.0.1.1413","PSt7-10","180509-002","6/18/2019 6:15:17 AM","0000-00","0","no battery","V"
"07/13/2019","06:41:45","9","default","116269760","OXY_CH9","34.789","min","280.910","μmol/L","Humid","19.418","deg","100819","µV","20.193","°C","1013.000","hPa","36.5","pmil","0","55.690","deg","20.000","°C","100.000","%a.s.","22.400","deg","20.000","°C","962.000","hPa","0.861","-0.02617","0.00035","0","0","13.56","Humid","35.35","0","78.50","295900.06","SABD0002000014","AAV2.0.0.13","3.0.1.1413","PSt7-10","180509-002","6/18/2019 6:15:17 AM","0000-00","0","no battery","V"
"07/13/2019","06:41:46","9","default","116269760","OXY_CH9","34.805","min","281.066","μmol/L","Humid","19.412","deg","100813","µV","20.193","°C","1013.000","hPa","36.5","pmil","0","55.690","deg","20.000","°C","100.000","%a.s.","22.400","deg","20.000","°C","962.000","hPa","0.861","-0.02617","0.00035","0","0","13.56","Humid","35.35","0","78.50","295891.94","SABD0002000014","AAV2.0.0.13","3.0.1.1413","PSt7-10","180509-002","6/18/2019 6:15:17 AM","0000-00","0","no battery","V"
"07/13/2019","06:41:47","9","default","116269760","OXY_CH9","34.822","min","281.116","μmol/L","Humid","19.412","deg","100803","µV","20.187","°C","1013.000","hPa","36.5","pmil","0","55.690","deg","20.000","°C","100.000","%a.s.","22.400","deg","20.000","°C","962.000","hPa","0.861","-0.02617","0.00035","0","0","13.56","Humid","35.35","0","78.50","295904.83","SABD0002000014","AAV2.0.0.13","3.0.1.1413","PSt7-10","180509-002","6/18/2019 6:15:17 AM","0000-00","0","no battery","V"
"07/13/2019","06:41:48","9","default","116269760","OXY_CH9","34.839","min","281.064","μmol/L","Humid","19.414","deg","100796","µV","20.187","°C","1013.000","hPa","36.5","pmil","0","55.690","deg","20.000","°C","100.000","%a.s.","22.400","deg","20.000","°C","962.000","hPa","0.861","-0.02617","0.00035","0","0","13.56","Humid","35.35","0","78.50","295899.26","SABD0002000014","AAV2.0.0.13","3.0.1.1413","PSt7-10","180509-002","6/18/2019 6:15:17 AM","0000-00","0","no battery","V"
"07/13/2019","06:41:49","9","default","116269760","OXY_CH9","34.856","min","281.066","μmol/L","Humid","19.412","deg","100797","µV","20.193","°C","1013.000","hPa","36.5","pmil","0","55.690","deg","20.000","°C","100.000","%a.s.","22.400","deg","20.000","°C","962.000","hPa","0.861","-0.02617","0.00035","0","0","13.56","Humid","35.35","0","78.50","295893.13","SABD0002000014","AAV2.0.0.13","3.0.1.1413","PSt7-10","180509-002","6/18/2019 6:15:17 AM","0000-00","0","no battery","V"
"07/13/2019","06:41:50","9","default","116269760","OXY_CH9","34.872","min","281.142","μmol/L","Humid","19.411","deg","100782","µV","20.187","°C","1013.000","hPa","36.5","pmil","0","55.690","deg","20.000","°C","100.000","%a.s.","22.400","deg","20.000","°C","962.000","hPa","0.861","-0.02617","0.00035","0","0","13.56","Humid","35.35","0","78.50","295901.41","SABD0002000014","AAV2.0.0.13","3.0.1.1413","PSt7-10","180509-002","6/18/2019 6:15:17 AM","0000-00","0","no battery","V"
"07/13/2019","06:41:51","9","default","116269760","OXY_CH9","34.889","min","281.269","μmol/L","Humid","19.408","deg","100773","µV","20.181","°C","1013.000","hPa","36.5","pmil","0","55.690","deg","20.000","°C","100.000","%a.s.","22.400","deg","20.000","°C","962.000","hPa","0.861","-0.02617","0.00035","0","0","13.56","Humid","35.35","0","78.50","295890.24","SABD0002000014","AAV2.0.0.13","3.0.1.1413","PSt7-10","180509-002","6/18/2019 6:15:17 AM","0000-00","0","no battery","V"
"07/13/2019","06:41:52","9","default","116269760","OXY_CH9","34.906","min","281.272","μmol/L","Humid","19.406","deg","100768","µV","20.187","°C","1013.000","hPa","36.5","pmil","0","55.690","deg","20.000","°C","100.000","%a.s.","22.400","deg","20.000","°C","962.000","hPa","0.861","-0.02617","0.00035","0","0","13.56","Humid","35.35","0","78.50","295885.76","SABD0002000014","AAV2.0.0.13","3.0.1.1413","PSt7-10","180509-002","6/18/2019 6:15:17 AM","0000-00","0","no battery","V"
"07/13/2019","06:41:53","9","default","116269760","OXY_CH9","34.923","min","281.274","μmol/L","Humid","19.404","deg","100766","µV","20.193","°C","1013.000","hPa","36.5","pmil","0","55.690","deg","20.000","°C","100.000","%a.s.","22.400","deg","20.000","°C","962.000","hPa","0.861","-0.02617","0.00035","0","0","13.56","Humid","35.35","0","78.50","295905.81","SABD0002000014","AAV2.0.0.13","3.0.1.1413","PSt7-10","180509-002","6/18/2019 6:15:17 AM","0000-00","0","no battery","V"
"07/13/2019","06:41:54","9","default","116269760","OXY_CH9","34.939","min","281.300","μmol/L","Humid","19.403","deg","100747","µV","20.193","°C","1013.000","hPa","36.5","pmil","0","55.690","deg","20.000","°C","100.000","%a.s.","22.400","deg","20.000","°C","962.000","hPa","0.861","-0.02617","0.00035","0","0","13.56","Humid","35.35","0","78.50","295902.08","SABD0002000014","AAV2.0.0.13","3.0.1.1413","PSt7-10","180509-002","6/18/2019 6:15:17 AM","0000-00","0","no battery","V"
"07/13/2019","06:41:55","9","default","116269760","OXY_CH9","34.956","min","281.378","μmol/L","Humid","19.400","deg","100745","µV","20.193","°C","1013.000","hPa","36.5","pmil","0","55.690","deg","20.000","°C","100.000","%a.s.","22.400","deg","20.000","°C","962.000","hPa","0.861","-0.02617","0.00035","0","0","13.56","Humid","35.35","0","78.50","295901.77","SABD0002000014","AAV2.0.0.13","3.0.1.1413","PSt7-10","180509-002","6/18/2019 6:15:17 AM","0000-00","0","no battery","V"
"07/13/2019","06:41:56","9","default","116269760","OXY_CH9","34.973","min","281.480","μmol/L","Humid","19.398","deg","100744","µV","20.187","°C","1013.000","hPa","36.5","pmil","0","55.690","deg","20.000","°C","100.000","%a.s.","22.400","deg","20.000","°C","962.000","hPa","0.861","-0.02617","0.00035","0","0","13.56","Humid","35.35","0","78.50","295905.74","SABD0002000014","AAV2.0.0.13","3.0.1.1413","PSt7-10","180509-002","6/18/2019 6:15:17 AM","0000-00","0","no battery","V"
"07/13/2019","06:41:57","9","default","116269760","OXY_CH9","34.989","min","281.456","μmol/L","Humid","19.397","deg","100733","µV","20.193","°C","1013.000","hPa","36.5","pmil","0","55.690","deg","20.000","°C","100.000","%a.s.","22.400","deg","20.000","°C","962.000","hPa","0.861","-0.02617","0.00035","0","0","13.56","Humid","35.35","0","78.50","295895.93","SABD0002000014","AAV2.0.0.13","3.0.1.1413","PSt7-10","180509-002","6/18/2019 6:15:17 AM","0000-00","0","no battery","V"
"07/13/2019","06:41:58","9","default","116269760","OXY_CH9","35.005","min","281.402","μmol/L","Humid","19.401","deg","100722","µV","20.187","°C","1013.000","hPa","36.5","pmil","0","55.690","deg","20.000","°C","100.000","%a.s.","22.400","deg","20.000","°C","962.000","hPa","0.861","-0.02617","0.00035","0","0","13.56","Humid","35.35","0","78.50","295883.90","SABD0002000014","AAV2.0.0.13","3.0.1.1413","PSt7-10","180509-002","6/18/2019 6:15:17 AM","0000-00","0","no battery","V"
"07/13/2019","06:41:59","9","default","116269760","OXY_CH9","35.022","min","281.378","μmol/L","Humid","19.400","deg","100710","µV","20.193","°C","1013.000","hPa","36.5","pmil","0","55.690","deg","20.000","°C","100.000","%a.s.","22.400","deg","20.000","°C","962.000","hPa","0.861","-0.02617","0.00035","0","0","13.56","Humid","35.35","0","78.50","295892.72","SABD0002000014","AAV2.0.0.13","3.0.1.1413","PSt7-10","180509-002","6/18/2019 6:15:17 AM","0000-00","0","no battery","V"
"07/13/2019","06:42:00","9","default","116269760","OXY_CH9","35.039","min","281.480","μmol/L","Humid","19.398","deg","100707","µV","20.187","°C","1013.000","hPa","36.5","pmil","0","55.690","deg","20.000","°C","100.000","%a.s.","22.400","deg","20.000","°C","962.000","hPa","0.861","-0.02617","0.00035","0","0","13.56","Humid","35.35","0","78.50","295888.30","SABD0002000014","AAV2.0.0.13","3.0.1.1413","PSt7-10","180509-002","6/18/2019 6:15:17 AM","0000-00","0","no battery","V"
"07/13/2019","06:42:01","9","default","116269760","OXY_CH9","35.056","min","281.610","μmol/L","Humid","19.393","deg","100701","µV","20.187","°C","1013.000","hPa","36.5","pmil","0","55.690","deg","20.000","°C","100.000","%a.s.","22.400","deg","20.000","°C","962.000","hPa","0.861","-0.02617","0.00035","0","0","13.56","Humid","35.35","0","78.50","295874.53","SABD0002000014","AAV2.0.0.13","3.0.1.1413","PSt7-10","180509-002","6/18/2019 6:15:17 AM","0000-00","0","no battery","V"
"07/13/2019","06:42:02","9","default","116269760","OXY_CH9","35.073","min","281.534","μmol/L","Humid","19.394","deg","100697","µV","20.193","°C","1013.000","hPa","36.5","pmil","0","55.690","deg","20.000","°C","100.000","%a.s.","22.400","deg","20.000","°C","962.000","hPa","0.861","-0.02617","0.00035","0","0","13.56","Humid","35.35","0","78.50","295893.28","SABD0002000014","AAV2.0.0.13","3.0.1.1413","PSt7-10","180509-002","6/18/2019 6:15:17 AM","0000-00","0","no battery","V"
"07/13/2019","06:42:03","9","default","116269760","OXY_CH9","35.089","min","281.586","μmol/L","Humid","19.392","deg","100684","µV","20.193","°C","1013.000","hPa","36.5","pmil","0","55.690","deg","20.000","°C","100.000","%a.s.","22.400","deg","20.000","°C","962.000","hPa","0.861","-0.02617","0.00035","0","0","13.56","Humid","35.35","0","78.50","295880.27","SABD0002000014","AAV2.0.0.13","3.0.1.1413","PSt7-10","180509-002","6/18/2019 6:15:17 AM","0000-00","0","no battery","V"
"07/13/2019","06:42:04","9","default","116269760","OXY_CH9","35.106","min","281.636","μmol/L","Humid","19.392","deg","100676","µV","20.187","°C","1013.000","hPa","36.5","pmil","0","55.690","deg","20.000","°C","100.000","%a.s.","22.400","deg","20.000","°C","962.000","hPa","0.861","-0.02617","0.00035","0","0","13.56","Humid","35.35","0","78.50","295890.24","SABD0002000014","AAV2.0.0.13","3.0.1.1413","PSt7-10","180509-002","6/18/2019 6:15:17 AM","0000-00","0","no battery","V"
"07/13/2019","06:42:05","9","default","116269760","OXY_CH9","35.122","min","281.636","μmol/L","Humid","19.392","deg","100670","µV","20.187","°C","1013.000","hPa","36.5","pmil","0","55.690","deg","20.000","°C","100.000","%a.s.","22.400","deg","20.000","°C","962.000","hPa","0.861","-0.02617","0.00035","0","0","13.56","Humid","35.35","0","78.50","295880.21","SABD0002000014","AAV2.0.0.13","3.0.1.1413","PSt7-10","180509-002","6/18/2019 6:15:17 AM","0000-00","0","no battery","V"
"07/13/2019","06:42:06","9","default","116269760","OXY_CH9","35.139","min","281.714","μmol/L","Humid","19.389","deg","100667","µV","20.187","°C","1013.000","hPa","36.5","pmil","0","55.690","deg","20.000","°C","100.000","%a.s.","22.400","deg","20.000","°C","962.000","hPa","0.861","-0.02617","0.00035","0","0","13.56","Humid","35.35","0","78.50","295893.85","SABD0002000014","AAV2.0.0.13","3.0.1.1413","PSt7-10","180509-002","6/18/2019 6:15:17 AM","0000-00","0","no battery","V"
"07/13/2019","06:42:07","9","default","116269760","OXY_CH9","35.155","min","281.714","μmol/L","Humid","19.389","deg","100647","µV","20.187","°C","1013.000","hPa","36.5","pmil","0","55.690","deg","20.000","°C","100.000","%a.s.","22.400","deg","20.000","°C","962.000","hPa","0.861","-0.02617","0.00035","0","0","13.56","Humid","35.35","0","78.50","295882.54","SABD0002000014","AAV2.0.0.13","3.0.1.1413","PSt7-10","180509-002","6/18/2019 6:15:17 AM","0000-00","0","no battery","V"
"07/13/2019","06:42:08","9","default","116269760","OXY_CH9","35.173","min","281.714","μmol/L","Humid","19.389","deg","100644","µV","20.187","°C","1013.000","hPa","36.5","pmil","0","55.690","deg","20.000","°C","100.000","%a.s.","22.400","deg","20.000","°C","962.000","hPa","0.861","-0.02617","0.00035","0","0","13.56","Humid","35.35","0","78.50","295884.04","SABD0002000014","AAV2.0.0.13","3.0.1.1413","PSt7-10","180509-002","6/18/2019 6:15:17 AM","0000-00","0","no battery","V"
"07/13/2019","06:42:09","9","default","116269760","OXY_CH9","35.189","min","281.818","μmol/L","Humid","19.385","deg","100640","µV","20.187","°C","1013.000","hPa","36.5","pmil","0","55.690","deg","20.000","°C","100.000","%a.s.","22.400","deg","20.000","°C","962.000","hPa","0.861","-0.02617","0.00035","0","0","13.56","Humid","35.35","0","78.50","295893.67","SABD0002000014","AAV2.0.0.13","3.0.1.1413","PSt7-10","180509-002","6/18/2019 6:15:17 AM","0000-00","0","no battery","V"
"07/13/2019","06:42:10","9","default","116269760","OXY_CH9","35.205","min","281.897","μmol/L","Humid","19.382","deg","100630","µV","20.187","°C","1013.000","hPa","36.5","pmil","0","55.690","deg","20.000","°C","100.000","%a.s.","22.400","deg","20.000","°C","962.000","hPa","0.861","-0.02617","0.00035","0","0","13.56","Humid","35.35","0","78.50","295894.80","SABD0002000014","AAV2.0.0.13","3.0.1.1413","PSt7-10","180509-002","6/18/2019 6:15:17 AM","0000-00","0","no battery","V"
"07/13/2019","06:42:11","9","default","116269760","OXY_CH9","35.222","min","281.973","μmol/L","Humid","19.381","deg","100614","µV","20.181","°C","1013.000","hPa","36.5","pmil","0","55.690","deg","20.000","°C","100.000","%a.s.","22.400","deg","20.000","°C","962.000","hPa","0.861","-0.02617","0.00035","0","0","13.56","Humid","35.35","0","78.50","295891.05","SABD0002000014","AAV2.0.0.13","3.0.1.1413","PSt7-10","180509-002","6/18/2019 6:15:17 AM","0000-00","0","no battery","V"
"07/13/2019","06:42:12","9","default","116269760","OXY_CH9","35.239","min","281.925","μmol/L","Humid","19.379","deg","100603","µV","20.193","°C","1013.000","hPa","36.5","pmil","0","55.690","deg","20.000","°C","100.000","%a.s.","22.400","deg","20.000","°C","962.000","hPa","0.861","-0.02617","0.00035","0","0","13.56","Humid","35.35","0","78.50","295885.02","SABD0002000014","AAV2.0.0.13","3.0.1.1413","PSt7-10","180509-002","6/18/2019 6:15:17 AM","0000-00","0","no battery","V"
"07/13/2019","06:42:13","9","default","116269760","OXY_CH9","35.256","min","281.951","μmol/L","Humid","19.378","deg","100597","µV","20.193","°C","1013.000","hPa","36.5","pmil","0","55.690","deg","20.000","°C","100.000","%a.s.","22.400","deg","20.000","°C","962.000","hPa","0.861","-0.02617","0.00035","0","0","13.56","Humid","35.35","0","78.50","295885.01","SABD0002000014","AAV2.0.0.13","3.0.1.1413","PSt7-10","180509-002","6/18/2019 6:15:17 AM","0000-00","0","no battery","V"
"07/13/2019","06:42:14","9","default","116269760","OXY_CH9","35.272","min","282.105","μmol/L","Humid","19.374","deg","100594","µV","20.187","°C","1013.000","hPa","36.5","pmil","0","55.690","deg","20.000","°C","100.000","%a.s.","22.400","deg","20.000","°C","962.000","hPa","0.861","-0.02617","0.00035","0","0","13.56","Humid","35.35","0","78.50","295886.13","SABD0002000014","AAV2.0.0.13","3.0.1.1413","PSt7-10","180509-002","6/18/2019 6:15:17 AM","0000-00","0","no battery","V"
"07/13/2019","06:42:15","9","default","116269760","OXY_CH9","35.289","min","282.103","μmol/L","Humid","19.376","deg","100583","µV","20.181","°C","1013.000","hPa","36.5","pmil","0","55.690","deg","20.000","°C","100.000","%a.s.","22.400","deg","20.000","°C","962.000","hPa","0.861","-0.02617","0.00035","0","0","13.56","Humid","35.35","0","78.50","295888.95","SABD0002000014","AAV2.0.0.13","3.0.1.1413","PSt7-10","180509-002","6/18/2019 6:15:17 AM","0000-00","0","no battery","V"
"07/13/2019","06:42:16","9","default","116269760","OXY_CH9","35.306","min","282.027","μmol/L","Humid","19.377","deg","100569","µV","20.187","°C","1013.000","hPa","36.5","pmil","0","55.690","deg","20.000","°C","100.000","%a.s.","22.400","deg","20.000","°C","962.000","hPa","0.861","-0.02617","0.00035","0","0","13.56","Humid","35.35","0","78.50","295877.68","SABD0002000014","AAV2.0.0.13","3.0.1.1413","PSt7-10","180509-002","6/18/2019 6:15:17 AM","0000-00","0","no battery","V"
"07/13/2019","06:42:17","9","default","116269760","OXY_CH9","35.322","min","282.053","μmol/L","Humid","19.376","deg","100572","µV","20.187","°C","1013.000","hPa","36.5","pmil","0","55.690","deg","20.000","°C","100.000","%a.s.","22.400","deg","20.000","°C","962.000","hPa","0.861","-0.02617","0.00035","0","0","13.56","Humid","35.35","0","78.50","295882.01","SABD0002000014","AAV2.0.0.13","3.0.1.1413","PSt7-10","180509-002","6/18/2019 6:15:17 AM","0000-00","0","no battery","V"
"07/13/2019","06:42:18","9","default","116269760","OXY_CH9","35.339","min","282.132","μmol/L","Humid","19.373","deg","100560","µV","20.187","°C","1013.000","hPa","36.5","pmil","0","55.690","deg","20.000","°C","100.000","%a.s.","22.400","deg","20.000","°C","962.000","hPa","0.861","-0.02617","0.00035","0","0","13.56","Humid","35.35","0","78.50","295882.11","SABD0002000014","AAV2.0.0.13","3.0.1.1413","PSt7-10","180509-002","6/18/2019 6:15:17 AM","0000-00","0","no battery","V"
"07/13/2019","06:42:19","9","default","116269760","OXY_CH9","35.356","min","282.132","μmol/L","Humid","19.373","deg","100557","µV","20.187","°C","1013.000","hPa","36.5","pmil","0","55.690","deg","20.000","°C","100.000","%a.s.","22.400","deg","20.000","°C","962.000","hPa","0.861","-0.02617","0.00035","0","0","13.56","Humid","35.35","0","78.50","295897.06","SABD0002000014","AAV2.0.0.13","3.0.1.1413","PSt7-10","180509-002","6/18/2019 6:15:17 AM","0000-00","0","no battery","V"
"07/13/2019","06:42:20","9","default","116269760","OXY_CH9","35.372","min","282.084","μmol/L","Humid","19.371","deg","100547","µV","20.199","°C","1013.000","hPa","36.5","pmil","0","55.690","deg","20.000","°C","100.000","%a.s.","22.400","deg","20.000","°C","962.000","hPa","0.861","-0.02617","0.00035","0","0","13.56","Humid","35.35","0","78.50","295891.13","SABD0002000014","AAV2.0.0.13","3.0.1.1413","PSt7-10","180509-002","6/18/2019 6:15:17 AM","0000-00","0","no battery","V"
"07/13/2019","06:42:21","9","default","116269760","OXY_CH9","35.389","min","282.262","μmol/L","Humid","19.368","deg","100540","µV","20.187","°C","1013.000","hPa","36.5","pmil","0","55.690","deg","20.000","°C","100.000","%a.s.","22.400","deg","20.000","°C","962.000","hPa","0.861","-0.02617","0.00035","0","0","13.56","Humid","35.35","0","78.50","295891.20","SABD0002000014","AAV2.0.0.13","3.0.1.1413","PSt7-10","180509-002","6/18/2019 6:15:17 AM","0000-00","0","no battery","V"
"07/13/2019","06:42:22","9","default","116269760","OXY_CH9","35.406","min","282.160","μmol/L","Humid","19.370","deg","100526","µV","20.193","°C","1013.000","hPa","36.5","pmil","0","55.690","deg","20.000","°C","100.000","%a.s.","22.400","deg","20.000","°C","962.000","hPa","0.861","-0.02617","0.00035","0","0","13.56","Humid","35.35","0","78.50","295889.90","SABD0002000014","AAV2.0.0.13","3.0.1.1413","PSt7-10","180509-002","6/18/2019 6:15:17 AM","0000-00","0","no battery","V"
"07/13/2019","06:42:23","9","default","116269760","OXY_CH9","35.422","min","282.262","μmol/L","Humid","19.368","deg","100520","µV","20.187","°C","1013.000","hPa","36.5","pmil","0","55.690","deg","20.000","°C","100.000","%a.s.","22.400","deg","20.000","°C","962.000","hPa","0.861","-0.02617","0.00035","0","0","13.56","Humid","35.35","0","78.50","295889.78","SABD0002000014","AAV2.0.0.13","3.0.1.1413","PSt7-10","180509-002","6/18/2019 6:15:17 AM","0000-00","0","no battery","V"
"07/13/2019","06:42:24","9","default","116269760","OXY_CH9","35.439","min","282.264","μmol/L","Humid","19.366","deg","100510","µV","20.193","°C","1013.000","hPa","36.5","pmil","0","55.690","deg","20.000","°C","100.000","%a.s.","22.400","deg","20.000","°C","962.000","hPa","0.861","-0.02617","0.00035","0","0","13.56","Humid","35.35","0","78.50","295889.03","SABD0002000014","AAV2.0.0.13","3.0.1.1413","PSt7-10","180509-002","6/18/2019 6:15:17 AM","0000-00","0","no battery","V"
"07/13/2019","06:42:25","9","default","116269760","OXY_CH9","35.455","min","282.369","μmol/L","Humid","19.362","deg","100499","µV","20.193","°C","1013.000","hPa","36.5","pmil","0","55.690","deg","20.000","°C","100.000","%a.s.","22.400","deg","20.000","°C","962.000","hPa","0.861","-0.02617","0.00035","0","0","13.56","Humid","35.35","0","78.50","295877.07","SABD0002000014","AAV2.0.0.13","3.0.1.1413","PSt7-10","180509-002","6/18/2019 6:15:17 AM","0000-00","0","no battery","V"
"07/13/2019","06:42:26","9","default","116269760","OXY_CH9","35.472","min","282.395","μmol/L","Humid","19.361","deg","100497","µV","20.193","°C","1013.000","hPa","36.5","pmil","0","55.690","deg","20.000","°C","100.000","%a.s.","22.400","deg","20.000","°C","962.000","hPa","0.861","-0.02617","0.00035","0","0","13.56","Humid","35.35","0","78.50","295883.96","SABD0002000014","AAV2.0.0.13","3.0.1.1413","PSt7-10","180509-002","6/18/2019 6:15:17 AM","0000-00","0","no battery","V"
"07/13/2019","06:42:27","9","default","116269760","OXY_CH9","35.488","min","282.395","μmol/L","Humid","19.361","deg","100478","µV","20.193","°C","1013.000","hPa","36.5","pmil","0","55.690","deg","20.000","°C","100.000","%a.s.","22.400","deg","20.000","°C","962.000","hPa","0.861","-0.02617","0.00035","0","0","13.56","Humid","35.35","0","78.50","295879.01","SABD0002000014","AAV2.0.0.13","3.0.1.1413","PSt7-10","180509-002","6/18/2019 6:15:17 AM","0000-00","0","no battery","V"
"07/13/2019","06:42:28","9","default","116269760","OXY_CH9","35.505","min","282.419","μmol/L","Humid","19.362","deg","100481","µV","20.187","°C","1013.000","hPa","36.5","pmil","0","55.690","deg","20.000","°C","100.000","%a.s.","22.400","deg","20.000","°C","962.000","hPa","0.861","-0.02617","0.00035","0","0","13.56","Humid","35.35","0","78.50","295893.38","SABD0002000014","AAV2.0.0.13","3.0.1.1413","PSt7-10","180509-002","6/18/2019 6:15:17 AM","0000-00","0","no battery","V"
"07/13/2019","06:42:29","9","default","116269760","OXY_CH9","35.522","min","282.526","μmol/L","Humid","19.356","deg","100466","µV","20.193","°C","1013.000","hPa","36.5","pmil","0","55.690","deg","20.000","°C","100.000","%a.s.","22.400","deg","20.000","°C","962.000","hPa","0.861","-0.02617","0.00035","0","0","13.56","Humid","35.35","0","78.50","295882.61","SABD0002000014","AAV2.0.0.13","3.0.1.1413","PSt7-10","180509-002","6/18/2019 6:15:17 AM","0000-00","0","no battery","V"
"07/13/2019","06:42:30","9","default","116269760","OXY_CH9","35.538","min","282.497","μmol/L","Humid","19.359","deg","100466","µV","20.187","°C","1013.000","hPa","36.5","pmil","0","55.690","deg","20.000","°C","100.000","%a.s.","22.400","deg","20.000","°C","962.000","hPa","0.861","-0.02617","0.00035","0","0","13.56","Humid","35.35","0","78.50","295878.42","SABD0002000014","AAV2.0.0.13","3.0.1.1413","PSt7-10","180509-002","6/18/2019 6:15:17 AM","0000-00","0","no battery","V"
"07/13/2019","06:42:31","9","default","116269760","OXY_CH9","35.555","min","282.552","μmol/L","Humid","19.355","deg","100454","µV","20.193","°C","1013.000","hPa","36.5","pmil","0","55.690","deg","20.000","°C","100.000","%a.s.","22.400","deg","20.000","°C","962.000","hPa","0.861","-0.02617","0.00035","0","0","13.56","Humid","35.35","0","78.50","295886.50","SABD0002000014","AAV2.0.0.13","3.0.1.1413","PSt7-10","180509-002","6/18/2019 6:15:17 AM","0000-00","0","no battery","V"
"07/13/2019","06:42:32","9","default","116269760","OXY_CH9","35.572","min","282.550","μmol/L","Humid","19.357","deg","100455","µV","20.187","°C","1013.000","hPa","36.5","pmil","0","55.690","deg","20.000","°C","100.000","%a.s.","22.400","deg","20.000","°C","962.000","hPa","0.861","-0.02617","0.00035","0","0","13.56","Humid","35.35","0","78.50","295882.47","SABD0002000014","AAV2.0.0.13","3.0.1.1413","PSt7-10","180509-002","6/18/2019 6:15:17 AM","0000-00","0","no battery","V"
"07/13/2019","06:42:33","9","default","116269760","OXY_CH9","35.589","min","282.552","μmol/L","Humid","19.355","deg","100436","µV","20.193","°C","1013.000","hPa","36.5","pmil","0","55.690","deg","20.000","°C","100.000","%a.s.","22.400","deg","20.000","°C","962.000","hPa","0.861","-0.02617","0.00035","0","0","13.56","Humid","35.35","0","78.50","295893.51","SABD0002000014","AAV2.0.0.13","3.0.1.1413","PSt7-10","180509-002","6/18/2019 6:15:17 AM","0000-00","0","no battery","V"
"07/13/2019","06:42:34","9","default","116269760","OXY_CH9","35.606","min","282.602","μmol/L","Humid","19.355","deg","100431","µV","20.187","°C","1013.000","hPa","36.5","pmil","0","55.690","deg","20.000","°C","100.000","%a.s.","22.400","deg","20.000","°C","962.000","hPa","0.861","-0.02617","0.00035","0","0","13.56","Humid","35.35","0","78.50","295881.39","SABD0002000014","AAV2.0.0.13","3.0.1.1413","PSt7-10","180509-002","6/18/2019 6:15:17 AM","0000-00","0","no battery","V"
"07/13/2019","06:42:35","9","default","116269760","OXY_CH9","35.622","min","282.578","μmol/L","Humid","19.354","deg","100414","µV","20.193","°C","1013.000","hPa","36.5","pmil","0","55.690","deg","20.000","°C","100.000","%a.s.","22.400","deg","20.000","°C","962.000","hPa","0.861","-0.02617","0.00035","0","0","13.56","Humid","35.35","0","78.50","295879.01","SABD0002000014","AAV2.0.0.13","3.0.1.1413","PSt7-10","180509-002","6/18/2019 6:15:17 AM","0000-00","0","no battery","V"
"07/13/2019","06:42:36","9","default","116269760","OXY_CH9","35.639","min","282.735","μmol/L","Humid","19.348","deg","100411","µV","20.193","°C","1013.000","hPa","36.5","pmil","0","55.690","deg","20.000","°C","100.000","%a.s.","22.400","deg","20.000","°C","962.000","hPa","0.861","-0.02617","0.00035","0","0","13.56","Humid","35.35","0","78.50","295887.51","SABD0002000014","AAV2.0.0.13","3.0.1.1413","PSt7-10","180509-002","6/18/2019 6:15:17 AM","0000-00","0","no battery","V"
"07/13/2019","06:42:37","9","default","116269760","OXY_CH9","35.656","min","282.785","μmol/L","Humid","19.348","deg","100406","µV","20.187","°C","1013.000","hPa","36.5","pmil","0","55.690","deg","20.000","°C","100.000","%a.s.","22.400","deg","20.000","°C","962.000","hPa","0.861","-0.02617","0.00035","0","0","13.56","Humid","35.35","0","78.50","295887.07","SABD0002000014","AAV2.0.0.13","3.0.1.1413","PSt7-10","180509-002","6/18/2019 6:15:17 AM","0000-00","0","no battery","V"
"07/13/2019","06:42:38","9","default","116269760","OXY_CH9","35.672","min","282.764","μmol/L","Humid","19.345","deg","100392","µV","20.199","°C","1013.000","hPa","36.5","pmil","0","55.690","deg","20.000","°C","100.000","%a.s.","22.400","deg","20.000","°C","962.000","hPa","0.861","-0.02617","0.00035","0","0","13.56","Humid","35.35","0","78.50","295877.30","SABD0002000014","AAV2.0.0.13","3.0.1.1413","PSt7-10","180509-002","6/18/2019 6:15:17 AM","0000-00","0","no battery","V"
"07/13/2019","06:42:39","9","default","116269760","OXY_CH9","35.689","min","282.838","μmol/L","Humid","19.346","deg","100392","µV","20.187","°C","1013.000","hPa","36.5","pmil","0","55.690","deg","20.000","°C","100.000","%a.s.","22.400","deg","20.000","°C","962.000","hPa","0.861","-0.02617","0.00035","0","0","13.56","Humid","35.35","0","78.50","295882.80","SABD0002000014","AAV2.0.0.13","3.0.1.1413","PSt7-10","180509-002","6/18/2019 6:15:17 AM","0000-00","0","no battery","V"
"07/13/2019","06:42:40","9","default","116269760","OXY_CH9","35.706","min","282.943","μmol/L","Humid","19.342","deg","100382","µV","20.187","°C","1013.000","hPa","36.5","pmil","0","55.690","deg","20.000","°C","100.000","%a.s.","22.400","deg","20.000","°C","962.000","hPa","0.861","-0.02617","0.00035","0","0","13.56","Humid","35.35","0","78.50","295886.28","SABD0002000014","AAV2.0.0.13","3.0.1.1413","PSt7-10","180509-002","6/18/2019 6:15:17 AM","0000-00","0","no battery","V"
"07/13/2019","06:42:41","9","default","116269760","OXY_CH9","35.722","min","282.840","μmol/L","Humid","19.344","deg","100369","µV","20.193","°C","1013.000","hPa","36.5","pmil","0","55.690","deg","20.000","°C","100.000","%a.s.","22.400","deg","20.000","°C","962.000","hPa","0.861","-0.02617","0.00035","0","0","13.56","Humid","35.35","0","78.50","295884.58","SABD0002000014","AAV2.0.0.13","3.0.1.1413","PSt7-10","180509-002","6/18/2019 6:15:17 AM","0000-00","0","no battery","V"
"07/13/2019","06:42:42","9","default","116269760","OXY_CH9","35.739","min","282.864","μmol/L","Humid","19.345","deg","100364","µV","20.187","°C","1013.000","hPa","36.5","pmil","0","55.690","deg","20.000","°C","100.000","%a.s.","22.400","deg","20.000","°C","962.000","hPa","0.861","-0.02617","0.00035","0","0","13.56","Humid","35.35","0","78.50","295873.56","SABD0002000014","AAV2.0.0.13","3.0.1.1413","PSt7-10","180509-002","6/18/2019 6:15:17 AM","0000-00","0","no battery","V"
"07/13/2019","06:42:43","9","default","116269760","OXY_CH9","35.756","min","282.869","μmol/L","Humid","19.341","deg","100356","µV","20.199","°C","1013.000","hPa","36.5","pmil","0","55.690","deg","20.000","°C","100.000","%a.s.","22.400","deg","20.000","°C","962.000","hPa","0.861","-0.02617","0.00035","0","0","13.56","Humid","35.35","0","78.50","295876.24","SABD0002000014","AAV2.0.0.13","3.0.1.1413","PSt7-10","180509-002","6/18/2019 6:15:17 AM","0000-00","0","no battery","V"
"07/13/2019","06:42:44","9","default","116269760","OXY_CH9","35.772","min","283.021","μmol/L","Humid","19.339","deg","100349","µV","20.187","°C","1013.000","hPa","36.5","pmil","0","55.690","deg","20.000","°C","100.000","%a.s.","22.400","deg","20.000","°C","962.000","hPa","0.861","-0.02617","0.00035","0","0","13.56","Humid","35.35","0","78.50","295882.15","SABD0002000014","AAV2.0.0.13","3.0.1.1413","PSt7-10","180509-002","6/18/2019 6:15:17 AM","0000-00","0","no battery","V"
"07/13/2019","06:42:45","9","default","116269760","OXY_CH9","35.789","min","282.921","μmol/L","Humid","19.339","deg","100342","µV","20.199","°C","1013.000","hPa","36.5","pmil","0","55.690","deg","20.000","°C","100.000","%a.s.","22.400","deg","20.000","°C","962.000","hPa","0.861","-0.02617","0.00035","0","0","13.56","Humid","35.35","0","78.50","295880.19","SABD0002000014","AAV2.0.0.13","3.0.1.1413","PSt7-10","180509-002","6/18/2019 6:15:17 AM","0000-00","0","no battery","V"
"07/13/2019","06:42:46","9","default","116269760","OXY_CH9","35.806","min","283.026","μmol/L","Humid","19.335","deg","100330","µV","20.199","°C","1013.000","hPa","36.5","pmil","0","55.690","deg","20.000","°C","100.000","%a.s.","22.400","deg","20.000","°C","962.000","hPa","0.861","-0.02617","0.00035","0","0","13.56","Humid","35.35","0","78.50","295880.78","SABD0002000014","AAV2.0.0.13","3.0.1.1413","PSt7-10","180509-002","6/18/2019 6:15:17 AM","0000-00","0","no battery","V"
"07/13/2019","06:42:47","9","default","116269760","OXY_CH9","35.822","min","283.074","μmol/L","Humid","19.337","deg","100322","µV","20.187","°C","1013.000","hPa","36.5","pmil","0","55.690","deg","20.000","°C","100.000","%a.s.","22.400","deg","20.000","°C","962.000","hPa","0.861","-0.02617","0.00035","0","0","13.56","Humid","35.35","0","78.50","295881.26","SABD0002000014","AAV2.0.0.13","3.0.1.1413","PSt7-10","180509-002","6/18/2019 6:15:17 AM","0000-00","0","no battery","V"
"07/13/2019","06:42:48","9","default","116269760","OXY_CH9","35.839","min","283.102","μmol/L","Humid","19.334","deg","100310","µV","20.193","°C","1013.000","hPa","36.5","pmil","0","55.690","deg","20.000","°C","100.000","%a.s.","22.400","deg","20.000","°C","962.000","hPa","0.861","-0.02617","0.00035","0","0","13.56","Humid","35.35","0","78.50","295869.54","SABD0002000014","AAV2.0.0.13","3.0.1.1413","PSt7-10","180509-002","6/18/2019 6:15:17 AM","0000-00","0","no battery","V"
"07/13/2019","06:42:49","9","default","116269760","OXY_CH9","35.855","min","283.179","μmol/L","Humid","19.333","deg","100305","µV","20.187","°C","1013.000","hPa","36.5","pmil","0","55.690","deg","20.000","°C","100.000","%a.s.","22.400","deg","20.000","°C","962.000","hPa","0.861","-0.02617","0.00035","0","0","13.56","Humid","35.35","0","78.50","295879.91","SABD0002000014","AAV2.0.0.13","3.0.1.1413","PSt7-10","180509-002","6/18/2019 6:15:17 AM","0000-00","0","no battery","V"
"07/13/2019","06:42:50","9","default","116269760","OXY_CH9","35.872","min","283.281","μmol/L","Humid","19.331","deg","100300","µV","20.181","°C","1013.000","hPa","36.5","pmil","0","55.690","deg","20.000","°C","100.000","%a.s.","22.400","deg","20.000","°C","962.000","hPa","0.861","-0.02617","0.00035","0","0","13.56","Humid","35.35","0","78.50","295880.80","SABD0002000014","AAV2.0.0.13","3.0.1.1413","PSt7-10","180509-002","6/18/2019 6:15:17 AM","0000-00","0","no battery","V"
"07/13/2019","06:42:51","9","default","116269760","OXY_CH9","35.888","min","283.284","μmol/L","Humid","19.329","deg","100293","µV","20.187","°C","1013.000","hPa","36.5","pmil","0","55.690","deg","20.000","°C","100.000","%a.s.","22.400","deg","20.000","°C","962.000","hPa","0.861","-0.02617","0.00035","0","0","13.56","Humid","35.35","0","78.50","295869.54","SABD0002000014","AAV2.0.0.13","3.0.1.1413","PSt7-10","180509-002","6/18/2019 6:15:17 AM","0000-00","0","no battery","V"
"07/13/2019","06:42:52","9","default","116269760","OXY_CH9","35.906","min","283.207","μmol/L","Humid","19.330","deg","100284","µV","20.193","°C","1013.000","hPa","36.5","pmil","0","55.690","deg","20.000","°C","100.000","%a.s.","22.400","deg","20.000","°C","962.000","hPa","0.861","-0.02617","0.00035","0","0","13.56","Humid","35.35","0","78.50","295888.34","SABD0002000014","AAV2.0.0.13","3.0.1.1413","PSt7-10","180509-002","6/18/2019 6:15:17 AM","0000-00","0","no battery","V"
"07/13/2019","06:42:53","9","default","116269760","OXY_CH9","35.923","min","283.233","μmol/L","Humid","19.329","deg","100277","µV","20.193","°C","1013.000","hPa","36.5","pmil","0","55.690","deg","20.000","°C","100.000","%a.s.","22.400","deg","20.000","°C","962.000","hPa","0.861","-0.02617","0.00035","0","0","13.56","Humid","35.35","0","78.50","295875.98","SABD0002000014","AAV2.0.0.13","3.0.1.1413","PSt7-10","180509-002","6/18/2019 6:15:17 AM","0000-00","0","no battery","V"
"07/13/2019","06:42:54","9","default","116269760","OXY_CH9","35.939","min","283.260","μmol/L","Humid","19.328","deg","100272","µV","20.193","°C","1013.000","hPa","36.5","pmil","0","55.690","deg","20.000","°C","100.000","%a.s.","22.400","deg","20.000","°C","962.000","hPa","0.861","-0.02617","0.00035","0","0","13.56","Humid","35.35","0","78.50","295881.55","SABD0002000014","AAV2.0.0.13","3.0.1.1413","PSt7-10","180509-002","6/18/2019 6:15:17 AM","0000-00","0","no battery","V"
"07/13/2019","06:42:55","9","default","116269760","OXY_CH9","35.956","min","283.362","μmol/L","Humid","19.326","deg","100264","µV","20.187","°C","1013.000","hPa","36.5","pmil","0","55.690","deg","20.000","°C","100.000","%a.s.","22.400","deg","20.000","°C","962.000","hPa","0.861","-0.02617","0.00035","0","0","13.56","Humid","35.35","0","78.50","295871.92","SABD0002000014","AAV2.0.0.13","3.0.1.1413","PSt7-10","180509-002","6/18/2019 6:15:17 AM","0000-00","0","no battery","V"
"07/13/2019","06:42:56","9","default","116269760","OXY_CH9","35.972","min","283.470","μmol/L","Humid","19.320","deg","100245","µV","20.193","°C","1013.000","hPa","36.5","pmil","0","55.690","deg","20.000","°C","100.000","%a.s.","22.400","deg","20.000","°C","962.000","hPa","0.861","-0.02617","0.00035","0","0","13.56","Humid","35.35","0","78.50","295873.31","SABD0002000014","AAV2.0.0.13","3.0.1.1413","PSt7-10","180509-002","6/18/2019 6:15:17 AM","0000-00","0","no battery","V"
"07/13/2019","06:42:57","9","default","116269760","OXY_CH9","35.989","min","283.470","μmol/L","Humid","19.320","deg","100234","µV","20.193","°C","1013.000","hPa","36.5","pmil","0","55.690","deg","20.000","°C","100.000","%a.s.","22.400","deg","20.000","°C","962.000","hPa","0.861","-0.02617","0.00035","0","0","13.56","Humid","35.35","0","78.50","295876.51","SABD0002000014","AAV2.0.0.13","3.0.1.1413","PSt7-10","180509-002","6/18/2019 6:15:17 AM","0000-00","0","no battery","V"
"07/13/2019","06:42:58","9","default","116269760","OXY_CH9","36.005","min","283.522","μmol/L","Humid","19.318","deg","100222","µV","20.193","°C","1013.000","hPa","36.5","pmil","0","55.690","deg","20.000","°C","100.000","%a.s.","22.400","deg","20.000","°C","962.000","hPa","0.861","-0.02617","0.00035","0","0","13.56","Humid","35.35","0","78.50","295868.52","SABD0002000014","AAV2.0.0.13","3.0.1.1413","PSt7-10","180509-002","6/18/2019 6:15:17 AM","0000-00","0","no battery","V"
"07/13/2019","06:42:59","9","default","116269760","OXY_CH9","36.022","min","283.496","μmol/L","Humid","19.319","deg","100210","µV","20.193","°C","1013.000","hPa","36.5","pmil","0","55.690","deg","20.000","°C","100.000","%a.s.","22.400","deg","20.000","°C","962.000","hPa","0.861","-0.02617","0.00035","0","0","13.56","Humid","35.35","0","78.50","295868.59","SABD0002000014","AAV2.0.0.13","3.0.1.1413","PSt7-10","180509-002","6/18/2019 6:15:17 AM","0000-00","0","no battery","V"
"07/13/2019","06:43:00","9","default","116269760","OXY_CH9","36.039","min","283.494","μmol/L","Humid","19.321","deg","100206","µV","20.187","°C","1013.000","hPa","36.5","pmil","0","55.690","deg","20.000","°C","100.000","%a.s.","22.400","deg","20.000","°C","962.000","hPa","0.861","-0.02617","0.00035","0","0","13.56","Humid","35.35","0","78.50","295865.55","SABD0002000014","AAV2.0.0.13","3.0.1.1413","PSt7-10","180509-002","6/18/2019 6:15:17 AM","0000-00","0","no battery","V"
"07/13/2019","06:43:01","9","default","116269760","OXY_CH9","36.055","min","283.470","μmol/L","Humid","19.320","deg","100203","µV","20.193","°C","1013.000","hPa","36.5","pmil","0","55.690","deg","20.000","°C","100.000","%a.s.","22.400","deg","20.000","°C","962.000","hPa","0.861","-0.02617","0.00035","0","0","13.56","Humid","35.35","0","78.50","295863.83","SABD0002000014","AAV2.0.0.13","3.0.1.1413","PSt7-10","180509-002","6/18/2019 6:15:17 AM","0000-00","0","no battery","V"
"07/13/2019","06:43:02","9","default","116269760","OXY_CH9","36.073","min","283.654","μmol/L","Humid","19.313","deg","100194","µV","20.193","°C","1013.000","hPa","36.5","pmil","0","55.690","deg","20.000","°C","100.000","%a.s.","22.400","deg","20.000","°C","962.000","hPa","0.861","-0.02617","0.00035","0","0","13.56","Humid","35.35","0","78.50","295872.59","SABD0002000014","AAV2.0.0.13","3.0.1.1413","PSt7-10","180509-002","6/18/2019 6:15:17 AM","0000-00","0","no battery","V"
"07/13/2019","06:43:03","9","default","116269760","OXY_CH9","36.089","min","283.683","μmol/L","Humid","19.310","deg","100184","µV","20.199","°C","1013.000","hPa","36.5","pmil","0","55.690","deg","20.000","°C","100.000","%a.s.","22.400","deg","20.000","°C","962.000","hPa","0.861","-0.02617","0.00035","0","0","13.56","Humid","35.35","0","78.50","295871.12","SABD0002000014","AAV2.0.0.13","3.0.1.1413","PSt7-10","180509-002","6/18/2019 6:15:17 AM","0000-00","0","no battery","V"
"07/13/2019","06:43:04","9","default","116269760","OXY_CH9","36.106","min","283.628","μmol/L","Humid","19.314","deg","100180","µV","20.193","°C","1013.000","hPa","36.5","pmil","0","55.690","deg","20.000","°C","100.000","%a.s.","22.400","deg","20.000","°C","962.000","hPa","0.861","-0.02617","0.00035","0","0","13.56","Humid","35.35","0","78.50","295885.16","SABD0002000014","AAV2.0.0.13","3.0.1.1413","PSt7-10","180509-002","6/18/2019 6:15:17 AM","0000-00","0","no battery","V"
"07/13/2019","06:43:05","9","default","116269760","OXY_CH9","36.122","min","283.707","μmol/L","Humid","19.311","deg","100154","µV","20.193","°C","1013.000","hPa","36.5","pmil","0","55.690","deg","20.000","°C","100.000","%a.s.","22.400","deg","20.000","°C","962.000","hPa","0.861","-0.02617","0.00035","0","0","13.56","Humid","35.35","0","78.50","295867.31","SABD0002000014","AAV2.0.0.13","3.0.1.1413","PSt7-10","180509-002","6/18/2019 6:15:17 AM","0000-00","0","no battery","V"
"07/13/2019","06:43:06","9","default","116269760","OXY_CH9","36.139","min","283.888","μmol/L","Humid","19.306","deg","100161","µV","20.187","°C","1013.000","hPa","36.5","pmil","0","55.690","deg","20.000","°C","100.000","%a.s.","22.400","deg","20.000","°C","962.000","hPa","0.861","-0.02617","0.00035","0","0","13.56","Humid","35.35","0","78.50","295864.80","SABD0002000014","AAV2.0.0.13","3.0.1.1413","PSt7-10","180509-002","6/18/2019 6:15:17 AM","0000-00","0","no battery","V"
"07/13/2019","06:43:07","9","default","116269760","OXY_CH9","36.155","min","283.785","μmol/L","Humid","19.308","deg","100154","µV","20.193","°C","1013.000","hPa","36.5","pmil","0","55.690","deg","20.000","°C","100.000","%a.s.","22.400","deg","20.000","°C","962.000","hPa","0.861","-0.02617","0.00035","0","0","13.56","Humid","35.35","0","78.50","295863.35","SABD0002000014","AAV2.0.0.13","3.0.1.1413","PSt7-10","180509-002","6/18/2019 6:15:17 AM","0000-00","0","no battery","V"
"07/13/2019","06:43:08","9","default","116269760","OXY_CH9","36.173","min","283.759","μmol/L","Humid","19.309","deg","100142","µV","20.193","°C","1013.000","hPa","36.5","pmil","0","55.690","deg","20.000","°C","100.000","%a.s.","22.400","deg","20.000","°C","962.000","hPa","0.861","-0.02617","0.00035","0","0","13.56","Humid","35.35","0","78.50","295867.89","SABD0002000014","AAV2.0.0.13","3.0.1.1413","PSt7-10","180509-002","6/18/2019 6:15:17 AM","0000-00","0","no battery","V"
"07/13/2019","06:43:09","9","default","116269760","OXY_CH9","36.189","min","283.891","μmol/L","Humid","19.304","deg","100125","µV","20.193","°C","1013.000","hPa","36.5","pmil","0","55.690","deg","20.000","°C","100.000","%a.s.","22.400","deg","20.000","°C","962.000","hPa","0.861","-0.02617","0.00035","0","0","13.56","Humid","35.35","0","78.50","295870.06","SABD0002000014","AAV2.0.0.13","3.0.1.1413","PSt7-10","180509-002","6/18/2019 6:15:17 AM","0000-00","0","no battery","V"
"07/13/2019","06:43:10","9","default","116269760","OXY_CH9","36.206","min","284.049","μmol/L","Humid","19.298","deg","100121","µV","20.193","°C","1013.000","hPa","36.5","pmil","0","55.690","deg","20.000","°C","100.000","%a.s.","22.400","deg","20.000","°C","962.000","hPa","0.861","-0.02617","0.00035","0","0","13.56","Humid","35.35","0","78.50","295863.98","SABD0002000014","AAV2.0.0.13","3.0.1.1413","PSt7-10","180509-002","6/18/2019 6:15:17 AM","0000-00","0","no battery","V"
"07/13/2019","06:43:11","9","default","116269760","OXY_CH9","36.223","min","283.891","μmol/L","Humid","19.304","deg","100113","µV","20.193","°C","1013.000","hPa","36.5","pmil","0","55.690","deg","20.000","°C","100.000","%a.s.","22.400","deg","20.000","°C","962.000","hPa","0.861","-0.02617","0.00035","0","0","13.56","Humid","35.35","0","78.50","295865.20","SABD0002000014","AAV2.0.0.13","3.0.1.1413","PSt7-10","180509-002","6/18/2019 6:15:17 AM","0000-00","0","no battery","V"
"07/13/2019","06:43:12","9","default","116269760","OXY_CH9","36.239","min","284.025","μmol/L","Humid","19.297","deg","100100","µV","20.199","°C","1013.000","hPa","36.5","pmil","0","55.690","deg","20.000","°C","100.000","%a.s.","22.400","deg","20.000","°C","962.000","hPa","0.861","-0.02617","0.00035","0","0","13.56","Humid","35.35","0","78.50","295869.54","SABD0002000014","AAV2.0.0.13","3.0.1.1413","PSt7-10","180509-002","6/18/2019 6:15:17 AM","0000-00","0","no battery","V"
"07/13/2019","06:43:13","9","default","116269760","OXY_CH9","36.256","min","284.049","μmol/L","Humid","19.298","deg","100090","µV","20.193","°C","1013.000","hPa","36.5","pmil","0","55.690","deg","20.000","°C","100.000","%a.s.","22.400","deg","20.000","°C","962.000","hPa","0.861","-0.02617","0.00035","0","0","13.56","Humid","35.35","0","78.50","295867.05","SABD0002000014","AAV2.0.0.13","3.0.1.1413","PSt7-10","180509-002","6/18/2019 6:15:17 AM","0000-00","0","no battery","V"
"07/13/2019","06:43:14","9","default","116269760","OXY_CH9","36.272","min","284.204","μmol/L","Humid","19.294","deg","100087","µV","20.187","°C","1013.000","hPa","36.5","pmil","0","55.690","deg","20.000","°C","100.000","%a.s.","22.400","deg","20.000","°C","962.000","hPa","0.861","-0.02617","0.00035","0","0","13.56","Humid","35.35","0","78.50","295865.23","SABD0002000014","AAV2.0.0.13","3.0.1.1413","PSt7-10","180509-002","6/18/2019 6:15:17 AM","0000-00","0","no battery","V"
"07/13/2019","06:43:15","9","default","116269760","OXY_CH9","36.289","min","284.025","μmol/L","Humid","19.297","deg","100077","µV","20.199","°C","1013.000","hPa","36.5","pmil","0","55.690","deg","20.000","°C","100.000","%a.s.","22.400","deg","20.000","°C","962.000","hPa","0.861","-0.02617","0.00035","0","0","13.56","Humid","35.35","0","78.50","295866.93","SABD0002000014","AAV2.0.0.13","3.0.1.1413","PSt7-10","180509-002","6/18/2019 6:15:17 AM","0000-00","0","no battery","V"
"07/13/2019","06:43:16","9","default","116269760","OXY_CH9","36.305","min","284.101","μmol/L","Humid","19.296","deg","100064","µV","20.193","°C","1013.000","hPa","36.5","pmil","0","55.690","deg","20.000","°C","100.000","%a.s.","22.400","deg","20.000","°C","962.000","hPa","0.861","-0.02617","0.00035","0","0","13.56","Humid","35.35","0","78.50","295859.80","SABD0002000014","AAV2.0.0.13","3.0.1.1413","PSt7-10","180509-002","6/18/2019 6:15:17 AM","0000-00","0","no battery","V"
"07/13/2019","06:43:17","9","default","116269760","OXY_CH9","36.322","min","284.075","μmol/L","Humid","19.297","deg","100061","µV","20.193","°C","1013.000","hPa","36.5","pmil","0","55.690","deg","20.000","°C","100.000","%a.s.","22.400","deg","20.000","°C","962.000","hPa","0.861","-0.02617","0.00035","0","0","13.56","Humid","35.35","0","78.50","295861.05","SABD0002000014","AAV2.0.0.13","3.0.1.1413","PSt7-10","180509-002","6/18/2019 6:15:17 AM","0000-00","0","no battery","V"
"07/13/2019","06:43:18","9","default","116269760","OXY_CH9","36.339","min","284.231","μmol/L","Humid","19.293","deg","100049","µV","20.187","°C","1013.000","hPa","36.5","pmil","0","55.690","deg","20.000","°C","100.000","%a.s.","22.400","deg","20.000","°C","962.000","hPa","0.861","-0.02617","0.00035","0","0","13.56","Humid","35.35","0","78.50","295865.49","SABD0002000014","AAV2.0.0.13","3.0.1.1413","PSt7-10","180509-002","6/18/2019 6:15:17 AM","0000-00","0","no battery","V"
"07/13/2019","06:43:19","9","default","116269760","OXY_CH9","36.356","min","284.233","μmol/L","Humid","19.291","deg","100036","µV","20.193","°C","1013.000","hPa","36.5","pmil","0","55.690","deg","20.000","°C","100.000","%a.s.","22.400","deg","20.000","°C","962.000","hPa","0.861","-0.02617","0.00035","0","0","13.56","Humid","35.35","0","78.50","295865.90","SABD0002000014","AAV2.0.0.13","3.0.1.1413","PSt7-10","180509-002","6/18/2019 6:15:17 AM","0000-00","0","no battery","V"
"07/13/2019","06:43:20","9","default","116269760","OXY_CH9","36.373","min","284.209","μmol/L","Humid","19.290","deg","100025","µV","20.199","°C","1013.000","hPa","36.5","pmil","0","55.690","deg","20.000","°C","100.000","%a.s.","22.400","deg","20.000","°C","962.000","hPa","0.861","-0.02617","0.00035","0","0","13.56","Humid","35.35","0","78.50","295857.81","SABD0002000014","AAV2.0.0.13","3.0.1.1413","PSt7-10","180509-002","6/18/2019 6:15:17 AM","0000-00","0","no battery","V"
"07/13/2019","06:43:21","9","default","116269760","OXY_CH9","36.389","min","284.363","μmol/L","Humid","19.288","deg","100016","µV","20.187","°C","1013.000","hPa","36.5","pmil","0","55.690","deg","20.000","°C","100.000","%a.s.","22.400","deg","20.000","°C","962.000","hPa","0.861","-0.02617","0.00035","0","0","13.56","Humid","35.35","0","78.50","295860.88","SABD0002000014","AAV2.0.0.13","3.0.1.1413","PSt7-10","180509-002","6/18/2019 6:15:17 AM","0000-00","0","no battery","V"
"07/13/2019","06:43:22","9","default","116269760","OXY_CH9","36.406","min","284.265","μmol/L","Humid","19.286","deg","100013","µV","20.205","°C","1013.000","hPa","36.5","pmil","0","55.690","deg","20.000","°C","100.000","%a.s.","22.400","deg","20.000","°C","962.000","hPa","0.861","-0.02617","0.00035","0","0","13.56","Humid","35.35","0","78.50","295864.63","SABD0002000014","AAV2.0.0.13","3.0.1.1413","PSt7-10","180509-002","6/18/2019 6:15:17 AM","0000-00","0","no battery","V"
"07/13/2019","06:43:23","9","default","116269760","OXY_CH9","36.422","min","284.471","μmol/L","Humid","19.282","deg","100001","µV","20.193","°C","1013.000","hPa","36.5","pmil","0","55.690","deg","20.000","°C","100.000","%a.s.","22.400","deg","20.000","°C","962.000","hPa","0.861","-0.02617","0.00035","0","0","13.56","Humid","35.35","0","78.50","295849.75","SABD0002000014","AAV2.0.0.13","3.0.1.1413","PSt7-10","180509-002","6/18/2019 6:15:17 AM","0000-00","0","no battery","V"
"07/13/2019","06:43:24","9","default","116269760","OXY_CH9","36.439","min","284.418","μmol/L","Humid","19.284","deg","99998","µV","20.193","°C","1013.000","hPa","36.5","pmil","0","55.690","deg","20.000","°C","100.000","%a.s.","22.400","deg","20.000","°C","962.000","hPa","0.861","-0.02617","0.00035","0","0","13.56","Humid","35.35","0","78.50","295854.69","SABD0002000014","AAV2.0.0.13","3.0.1.1413","PSt7-10","180509-002","6/18/2019 6:15:17 AM","0000-00","0","no battery","V"
"07/13/2019","06:43:25","9","default","116269760","OXY_CH9","36.455","min","284.473","μmol/L","Humid","19.280","deg","99985","µV","20.199","°C","1013.000","hPa","36.5","pmil","0","55.690","deg","20.000","°C","100.000","%a.s.","22.400","deg","20.000","°C","962.000","hPa","0.861","-0.02617","0.00035","0","0","13.56","Humid","35.35","0","78.50","295857.61","SABD0002000014","AAV2.0.0.13","3.0.1.1413","PSt7-10","180509-002","6/18/2019 6:15:17 AM","0000-00","0","no battery","V"
"07/13/2019","06:43:26","9","default","116269760","OXY_CH9","36.472","min","284.524","μmol/L","Humid","19.280","deg","99975","µV","20.193","°C","1013.000","hPa","36.5","pmil","0","55.690","deg","20.000","°C","100.000","%a.s.","22.400","deg","20.000","°C","962.000","hPa","0.861","-0.02617","0.00035","0","0","13.56","Humid","35.35","0","78.50","295847.93","SABD0002000014","AAV2.0.0.13","3.0.1.1413","PSt7-10","180509-002","6/18/2019 6:15:17 AM","0000-00","0","no battery","V"
"07/13/2019","06:43:27","9","default","116269760","OXY_CH9","36.489","min","284.550","μmol/L","Humid","19.279","deg","99975","µV","20.193","°C","1013.000","hPa","36.5","pmil","0","55.690","deg","20.000","°C","100.000","%a.s.","22.400","deg","20.000","°C","962.000","hPa","0.861","-0.02617","0.00035","0","0","13.56","Humid","35.35","0","78.50","295853.10","SABD0002000014","AAV2.0.0.13","3.0.1.1413","PSt7-10","180509-002","6/18/2019 6:15:17 AM","0000-00","0","no battery","V"
"07/13/2019","06:43:28","9","default","116269760","OXY_CH9","36.505","min","284.473","μmol/L","Humid","19.280","deg","99957","µV","20.199","°C","1013.000","hPa","36.5","pmil","0","55.690","deg","20.000","°C","100.000","%a.s.","22.400","deg","20.000","°C","962.000","hPa","0.861","-0.02617","0.00035","0","0","13.56","Humid","35.35","0","78.50","295850.28","SABD0002000014","AAV2.0.0.13","3.0.1.1413","PSt7-10","180509-002","6/18/2019 6:15:17 AM","0000-00","0","no battery","V"
"07/13/2019","06:43:29","9","default","116269760","OXY_CH9","36.522","min","284.576","μmol/L","Humid","19.278","deg","99957","µV","20.193","°C","1013.000","hPa","36.5","pmil","0","55.690","deg","20.000","°C","100.000","%a.s.","22.400","deg","20.000","°C","962.000","hPa","0.861","-0.02617","0.00035","0","0","13.56","Humid","35.35","0","78.50","295855.67","SABD0002000014","AAV2.0.0.13","3.0.1.1413","PSt7-10","180509-002","6/18/2019 6:15:17 AM","0000-00","0","no battery","V"
"07/13/2019","06:43:30","9","default","116269760","OXY_CH9","36.538","min","284.656","μmol/L","Humid","19.275","deg","99939","µV","20.193","°C","1013.000","hPa","36.5","pmil","0","55.690","deg","20.000","°C","100.000","%a.s.","22.400","deg","20.000","°C","962.000","hPa","0.861","-0.02617","0.00035","0","0","13.56","Humid","35.35","0","78.50","295846.78","SABD0002000014","AAV2.0.0.13","3.0.1.1413","PSt7-10","180509-002","6/18/2019 6:15:17 AM","0000-00","0","no battery","V"
"07/13/2019","06:43:31","9","default","116269760","OXY_CH9","36.555","min","284.735","μmol/L","Humid","19.272","deg","99940","µV","20.193","°C","1013.000","hPa","36.5","pmil","0","55.690","deg","20.000","°C","100.000","%a.s.","22.400","deg","20.000","°C","962.000","hPa","0.861","-0.02617","0.00035","0","0","13.56","Humid","35.35","0","78.50","295851.96","SABD0002000014","AAV2.0.0.13","3.0.1.1413","PSt7-10","180509-002","6/18/2019 6:15:17 AM","0000-00","0","no battery","V"
"07/13/2019","06:43:32","9","default","116269760","OXY_CH9","36.572","min","284.761","μmol/L","Humid","19.271","deg","99939","µV","20.193","°C","1013.000","hPa","36.5","pmil","0","55.690","deg","20.000","°C","100.000","%a.s.","22.400","deg","20.000","°C","962.000","hPa","0.861","-0.02617","0.00035","0","0","13.56","Humid","35.35","0","78.50","295856.28","SABD0002000014","AAV2.0.0.13","3.0.1.1413","PSt7-10","180509-002","6/18/2019 6:15:17 AM","0000-00","0","no battery","V"
"07/13/2019","06:43:33","9","default","116269760","OXY_CH9","36.589","min","284.759","μmol/L","Humid","19.273","deg","99926","µV","20.187","°C","1013.000","hPa","36.5","pmil","0","55.690","deg","20.000","°C","100.000","%a.s.","22.400","deg","20.000","°C","962.000","hPa","0.861","-0.02617","0.00035","0","0","13.56","Humid","35.35","0","78.50","295854.41","SABD0002000014","AAV2.0.0.13","3.0.1.1413","PSt7-10","180509-002","6/18/2019 6:15:17 AM","0000-00","0","no battery","V"
"07/13/2019","06:43:34","9","default","116269760","OXY_CH9","36.605","min","284.685","μmol/L","Humid","19.272","deg","99919","µV","20.199","°C","1013.000","hPa","36.5","pmil","0","55.690","deg","20.000","°C","100.000","%a.s.","22.400","deg","20.000","°C","962.000","hPa","0.861","-0.02617","0.00035","0","0","13.56","Humid","35.35","0","78.50","295856.82","SABD0002000014","AAV2.0.0.13","3.0.1.1413","PSt7-10","180509-002","6/18/2019 6:15:17 AM","0000-00","0","no battery","V"
"07/13/2019","06:43:35","9","default","116269760","OXY_CH9","36.622","min","284.867","μmol/L","Humid","19.267","deg","99907","µV","20.193","°C","1013.000","hPa","36.5","pmil","0","55.690","deg","20.000","°C","100.000","%a.s.","22.400","deg","20.000","°C","962.000","hPa","0.861","-0.02617","0.00035","0","0","13.56","Humid","35.35","0","78.50","295866.81","SABD0002000014","AAV2.0.0.13","3.0.1.1413","PSt7-10","180509-002","6/18/2019 6:15:17 AM","0000-00","0","no battery","V"
"07/13/2019","06:43:36","9","default","116269760","OXY_CH9","36.639","min","284.735","μmol/L","Humid","19.272","deg","99900","µV","20.193","°C","1013.000","hPa","36.5","pmil","0","55.690","deg","20.000","°C","100.000","%a.s.","22.400","deg","20.000","°C","962.000","hPa","0.861","-0.02617","0.00035","0","0","13.56","Humid","35.35","0","78.50","295869.14","SABD0002000014","AAV2.0.0.13","3.0.1.1413","PSt7-10","180509-002","6/18/2019 6:15:17 AM","0000-00","0","no battery","V"
"07/13/2019","06:43:37","9","default","116269760","OXY_CH9","36.656","min","284.947","μmol/L","Humid","19.264","deg","99903","µV","20.193","°C","1013.000","hPa","36.5","pmil","0","55.690","deg","20.000","°C","100.000","%a.s.","22.400","deg","20.000","°C","962.000","hPa","0.861","-0.02617","0.00035","0","0","13.56","Humid","35.35","0","78.50","295879.41","SABD0002000014","AAV2.0.0.13","3.0.1.1413","PSt7-10","180509-002","6/18/2019 6:15:17 AM","0000-00","0","no battery","V"
"07/13/2019","06:43:38","9","default","116269760","OXY_CH9","36.672","min","284.843","μmol/L","Humid","19.266","deg","99892","µV","20.199","°C","1013.000","hPa","36.5","pmil","0","55.690","deg","20.000","°C","100.000","%a.s.","22.400","deg","20.000","°C","962.000","hPa","0.861","-0.02617","0.00035","0","0","13.56","Humid","35.35","0","78.50","295859.98","SABD0002000014","AAV2.0.0.13","3.0.1.1413","PSt7-10","180509-002","6/18/2019 6:15:17 AM","0000-00","0","no battery","V"
"07/13/2019","06:43:39","9","default","116269760","OXY_CH9","36.689","min","284.920","μmol/L","Humid","19.265","deg","99881","µV","20.193","°C","1013.000","hPa","36.5","pmil","0","55.690","deg","20.000","°C","100.000","%a.s.","22.400","deg","20.000","°C","962.000","hPa","0.861","-0.02617","0.00035","0","0","13.56","Humid","35.35","0","78.50","295858.19","SABD0002000014","AAV2.0.0.13","3.0.1.1413","PSt7-10","180509-002","6/18/2019 6:15:17 AM","0000-00","0","no battery","V"
"07/13/2019","06:43:40","9","default","116269760","OXY_CH9","36.706","min","284.970","μmol/L","Humid","19.265","deg","99882","µV","20.187","°C","1013.000","hPa","36.5","pmil","0","55.690","deg","20.000","°C","100.000","%a.s.","22.400","deg","20.000","°C","962.000","hPa","0.861","-0.02617","0.00035","0","0","13.56","Humid","35.35","0","78.50","295863.06","SABD0002000014","AAV2.0.0.13","3.0.1.1413","PSt7-10","180509-002","6/18/2019 6:15:17 AM","0000-00","0","no battery","V"
"07/13/2019","06:43:41","9","default","116269760","OXY_CH9","36.723","min","284.976","μmol/L","Humid","19.261","deg","99862","µV","20.199","°C","1013.000","hPa","36.5","pmil","0","55.690","deg","20.000","°C","100.000","%a.s.","22.400","deg","20.000","°C","962.000","hPa","0.861","-0.02617","0.00035","0","0","13.56","Humid","35.35","0","78.50","295868.11","SABD0002000014","AAV2.0.0.13","3.0.1.1413","PSt7-10","180509-002","6/18/2019 6:15:17 AM","0000-00","0","no battery","V"
"07/13/2019","06:43:42","9","default","116269760","OXY_CH9","36.739","min","284.920","μmol/L","Humid","19.265","deg","99860","µV","20.193","°C","1013.000","hPa","36.5","pmil","0","55.690","deg","20.000","°C","100.000","%a.s.","22.400","deg","20.000","°C","962.000","hPa","0.861","-0.02617","0.00035","0","0","13.56","Humid","35.35","0","78.50","295856.10","SABD0002000014","AAV2.0.0.13","3.0.1.1413","PSt7-10","180509-002","6/18/2019 6:15:17 AM","0000-00","0","no battery","V"
"07/13/2019","06:43:43","9","default","116269760","OXY_CH9","36.756","min","285.079","μmol/L","Humid","19.259","deg","99852","µV","20.193","°C","1013.000","hPa","36.5","pmil","0","55.690","deg","20.000","°C","100.000","%a.s.","22.400","deg","20.000","°C","962.000","hPa","0.861","-0.02617","0.00035","0","0","13.56","Humid","35.35","0","78.50","295846.99","SABD0002000014","AAV2.0.0.13","3.0.1.1413","PSt7-10","180509-002","6/18/2019 6:15:17 AM","0000-00","0","no battery","V"
"07/13/2019","06:43:44","9","default","116269760","OXY_CH9","36.772","min","285.079","μmol/L","Humid","19.259","deg","99839","µV","20.193","°C","1013.000","hPa","36.5","pmil","0","55.690","deg","20.000","°C","100.000","%a.s.","22.400","deg","20.000","°C","962.000","hPa","0.861","-0.02617","0.00035","0","0","13.56","Humid","35.35","0","78.50","295846.34","SABD0002000014","AAV2.0.0.13","3.0.1.1413","PSt7-10","180509-002","6/18/2019 6:15:17 AM","0000-00","0","no battery","V"
"07/13/2019","06:43:45","9","default","116269760","OXY_CH9","36.789","min","285.055","μmol/L","Humid","19.258","deg","99837","µV","20.199","°C","1013.000","hPa","36.5","pmil","0","55.690","deg","20.000","°C","100.000","%a.s.","22.400","deg","20.000","°C","962.000","hPa","0.861","-0.02617","0.00035","0","0","13.56","Humid","35.35","0","78.50","295860.27","SABD0002000014","AAV2.0.0.13","3.0.1.1413","PSt7-10","180509-002","6/18/2019 6:15:17 AM","0000-00","0","no battery","V"
"07/13/2019","06:43:46","9","default","116269760","OXY_CH9","36.806","min","285.209","μmol/L","Humid","19.256","deg","99827","µV","20.187","°C","1013.000","hPa","36.5","pmil","0","55.690","deg","20.000","°C","100.000","%a.s.","22.400","deg","20.000","°C","962.000","hPa","0.861","-0.02617","0.00035","0","0","13.56","Humid","35.35","0","78.50","295864.05","SABD0002000014","AAV2.0.0.13","3.0.1.1413","PSt7-10","180509-002","6/18/2019 6:15:17 AM","0000-00","0","no battery","V"
"07/13/2019","06:43:47","9","default","116269760","OXY_CH9","36.822","min","285.105","μmol/L","Humid","19.258","deg","99814","µV","20.193","°C","1013.000","hPa","36.5","pmil","0","55.690","deg","20.000","°C","100.000","%a.s.","22.400","deg","20.000","°C","962.000","hPa","0.861","-0.02617","0.00035","0","0","13.56","Humid","35.35","0","78.50","295852.40","SABD0002000014","AAV2.0.0.13","3.0.1.1413","PSt7-10","180509-002","6/18/2019 6:15:17 AM","0000-00","0","no battery","V"
"07/13/2019","06:43:48","9","default","116269760","OXY_CH9","36.839","min","285.235","μmol/L","Humid","19.255","deg","99813","µV","20.187","°C","1013.000","hPa","36.5","pmil","0","55.690","deg","20.000","°C","100.000","%a.s.","22.400","deg","20.000","°C","962.000","hPa","0.861","-0.02617","0.00035","0","0","13.56","Humid","35.35","0","78.50","295848.74","SABD0002000014","AAV2.0.0.13","3.0.1.1413","PSt7-10","180509-002","6/18/2019 6:15:17 AM","0000-00","0","no battery","V"
"07/13/2019","06:43:49","9","default","116269760","OXY_CH9","36.856","min","285.187","μmol/L","Humid","19.253","deg","99806","µV","20.199","°C","1013.000","hPa","36.5","pmil","0","55.690","deg","20.000","°C","100.000","%a.s.","22.400","deg","20.000","°C","962.000","hPa","0.861","-0.02617","0.00035","0","0","13.56","Humid","35.35","0","78.50","295850.66","SABD0002000014","AAV2.0.0.13","3.0.1.1413","PSt7-10","180509-002","6/18/2019 6:15:17 AM","0000-00","0","no battery","V"
"07/13/2019","06:43:50","9","default","116269760","OXY_CH9","36.872","min","285.317","μmol/L","Humid","19.250","deg","99794","µV","20.193","°C","1013.000","hPa","36.5","pmil","0","55.690","deg","20.000","°C","100.000","%a.s.","22.400","deg","20.000","°C","962.000","hPa","0.861","-0.02617","0.00035","0","0","13.56","Humid","35.35","0","78.50","295843.64","SABD0002000014","AAV2.0.0.13","3.0.1.1413","PSt7-10","180509-002","6/18/2019 6:15:17 AM","0000-00","0","no battery","V"
"07/13/2019","06:43:51","9","default","116269760","OXY_CH9","36.889","min","285.397","μmol/L","Humid","19.247","deg","99786","µV","20.193","°C","1013.000","hPa","36.5","pmil","0","55.690","deg","20.000","°C","100.000","%a.s.","22.400","deg","20.000","°C","962.000","hPa","0.861","-0.02617","0.00035","0","0","13.56","Humid","35.35","0","78.50","295865.64","SABD0002000014","AAV2.0.0.13","3.0.1.1413","PSt7-10","180509-002","6/18/2019 6:15:17 AM","0000-00","0","no battery","V"
"07/13/2019","06:43:52","9","default","116269760","OXY_CH9","36.905","min","285.368","μmol/L","Humid","19.250","deg","99775","µV","20.187","°C","1013.000","hPa","36.5","pmil","0","55.690","deg","20.000","°C","100.000","%a.s.","22.400","deg","20.000","°C","962.000","hPa","0.861","-0.02617","0.00035","0","0","13.56","Humid","35.35","0","78.50","295854.77","SABD0002000014","AAV2.0.0.13","3.0.1.1413","PSt7-10","180509-002","6/18/2019 6:15:17 AM","0000-00","0","no battery","V"
"07/13/2019","06:43:53","9","default","116269760","OXY_CH9","36.923","min","285.293","μmol/L","Humid","19.249","deg","99763","µV","20.199","°C","1013.000","hPa","36.5","pmil","0","55.690","deg","20.000","°C","100.000","%a.s.","22.400","deg","20.000","°C","962.000","hPa","0.861","-0.02617","0.00035","0","0","13.56","Humid","35.35","0","78.50","295855.66","SABD0002000014","AAV2.0.0.13","3.0.1.1413","PSt7-10","180509-002","6/18/2019 6:15:17 AM","0000-00","0","no battery","V"
"07/13/2019","06:43:54","9","default","116269760","OXY_CH9","36.939","min","285.397","μmol/L","Humid","19.247","deg","99756","µV","20.193","°C","1013.000","hPa","36.5","pmil","0","55.690","deg","20.000","°C","100.000","%a.s.","22.400","deg","20.000","°C","962.000","hPa","0.861","-0.02617","0.00035","0","0","13.56","Humid","35.35","0","78.50","295847.68","SABD0002000014","AAV2.0.0.13","3.0.1.1413","PSt7-10","180509-002","6/18/2019 6:15:17 AM","0000-00","0","no battery","V"
"07/13/2019","06:43:55","9","default","116269760","OXY_CH9","36.955","min","285.320","μmol/L","Humid","19.248","deg","99758","µV","20.199","°C","1013.000","hPa","36.5","pmil","0","55.690","deg","20.000","°C","100.000","%a.s.","22.400","deg","20.000","°C","962.000","hPa","0.861","-0.02617","0.00035","0","0","13.56","Humid","35.35","0","78.50","295856.60","SABD0002000014","AAV2.0.0.13","3.0.1.1413","PSt7-10","180509-002","6/18/2019 6:15:17 AM","0000-00","0","no battery","V"
"07/13/2019","06:43:56","9","default","116269760","OXY_CH9","36.972","min","285.373","μmol/L","Humid","19.246","deg","99748","µV","20.199","°C","1013.000","hPa","36.5","pmil","0","55.690","deg","20.000","°C","100.000","%a.s.","22.400","deg","20.000","°C","962.000","hPa","0.861","-0.02617","0.00035","0","0","13.56","Humid","35.35","0","78.50","295856.41","SABD0002000014","AAV2.0.0.13","3.0.1.1413","PSt7-10","180509-002","6/18/2019 6:15:17 AM","0000-00","0","no battery","V"
"07/13/2019","06:43:57","9","default","116269760","OXY_CH9","36.989","min","285.556","μmol/L","Humid","19.241","deg","99736","µV","20.193","°C","1013.000","hPa","36.5","pmil","0","55.690","deg","20.000","°C","100.000","%a.s.","22.400","deg","20.000","°C","962.000","hPa","0.861","-0.02617","0.00035","0","0","13.56","Humid","35.35","0","78.50","295846.66","SABD0002000014","AAV2.0.0.13","3.0.1.1413","PSt7-10","180509-002","6/18/2019 6:15:17 AM","0000-00","0","no battery","V"
"07/13/2019","06:43:58","9","default","116269760","OXY_CH9","37.006","min","285.556","μmol/L","Humid","19.241","deg","99728","µV","20.193","°C","1013.000","hPa","36.5","pmil","0","55.690","deg","20.000","°C","100.000","%a.s.","22.400","deg","20.000","°C","962.000","hPa","0.861","-0.02617","0.00035","0","0","13.56","Humid","35.35","0","78.50","295863.54","SABD0002000014","AAV2.0.0.13","3.0.1.1413","PSt7-10","180509-002","6/18/2019 6:15:17 AM","0000-00","0","no battery","V"
"07/13/2019","06:43:59","9","default","116269760","OXY_CH9","37.022","min","285.479","μmol/L","Humid","19.242","deg","99719","µV","20.199","°C","1013.000","hPa","36.5","pmil","0","55.690","deg","20.000","°C","100.000","%a.s.","22.400","deg","20.000","°C","962.000","hPa","0.861","-0.02617","0.00035","0","0","13.56","Humid","35.35","0","78.50","295853.56","SABD0002000014","AAV2.0.0.13","3.0.1.1413","PSt7-10","180509-002","6/18/2019 6:15:17 AM","0000-00","0","no battery","V"
"07/13/2019","06:44:00","9","default","116269760","OXY_CH9","37.039","min","285.532","μmol/L","Humid","19.240","deg","99709","µV","20.199","°C","1013.000","hPa","36.5","pmil","0","55.690","deg","20.000","°C","100.000","%a.s.","22.400","deg","20.000","°C","962.000","hPa","0.861","-0.02617","0.00035","0","0","13.56","Humid","35.35","0","78.50","295849.91","SABD0002000014","AAV2.0.0.13","3.0.1.1413","PSt7-10","180509-002","6/18/2019 6:15:17 AM","0000-00","0","no battery","V"
"07/13/2019","06:44:01","9","default","116269760","OXY_CH9","37.055","min","285.822","μmol/L","Humid","19.231","deg","99697","µV","20.193","°C","1013.000","hPa","36.5","pmil","0","55.690","deg","20.000","°C","100.000","%a.s.","22.400","deg","20.000","°C","962.000","hPa","0.861","-0.02617","0.00035","0","0","13.56","Humid","35.35","0","78.50","295858.78","SABD0002000014","AAV2.0.0.13","3.0.1.1413","PSt7-10","180509-002","6/18/2019 6:15:17 AM","0000-00","0","no battery","V"
"07/13/2019","06:44:02","9","default","116269760","OXY_CH9","37.072","min","285.792","μmol/L","Humid","19.234","deg","99696","µV","20.187","°C","1013.000","hPa","36.5","pmil","0","55.690","deg","20.000","°C","100.000","%a.s.","22.400","deg","20.000","°C","962.000","hPa","0.861","-0.02617","0.00035","0","0","13.56","Humid","35.35","0","78.50","295853.98","SABD0002000014","AAV2.0.0.13","3.0.1.1413","PSt7-10","180509-002","6/18/2019 6:15:17 AM","0000-00","0","no battery","V"
"07/13/2019","06:44:03","9","default","116269760","OXY_CH9","37.089","min","285.768","μmol/L","Humid","19.233","deg","99673","µV","20.193","°C","1013.000","hPa","36.5","pmil","0","55.690","deg","20.000","°C","100.000","%a.s.","22.400","deg","20.000","°C","962.000","hPa","0.861","-0.02617","0.00035","0","0","13.56","Humid","35.35","0","78.50","295845.94","SABD0002000014","AAV2.0.0.13","3.0.1.1413","PSt7-10","180509-002","6/18/2019 6:15:17 AM","0000-00","0","no battery","V"
"07/13/2019","06:44:04","9","default","116269760","OXY_CH9","37.106","min","285.694","μmol/L","Humid","19.232","deg","99666","µV","20.205","°C","1013.000","hPa","36.5","pmil","0","55.690","deg","20.000","°C","100.000","%a.s.","22.400","deg","20.000","°C","962.000","hPa","0.861","-0.02617","0.00035","0","0","13.56","Humid","35.35","0","78.50","295851.92","SABD0002000014","AAV2.0.0.13","3.0.1.1413","PSt7-10","180509-002","6/18/2019 6:15:17 AM","0000-00","0","no battery","V"
"07/13/2019","06:44:05","9","default","116269760","OXY_CH9","37.122","min","285.744","μmol/L","Humid","19.232","deg","99659","µV","20.199","°C","1013.000","hPa","36.5","pmil","0","55.690","deg","20.000","°C","100.000","%a.s.","22.400","deg","20.000","°C","962.000","hPa","0.861","-0.02617","0.00035","0","0","13.56","Humid","35.35","0","78.50","295848.85","SABD0002000014","AAV2.0.0.13","3.0.1.1413","PSt7-10","180509-002","6/18/2019 6:15:17 AM","0000-00","0","no battery","V"
"07/13/2019","06:44:06","9","default","116269760","OXY_CH9","37.139","min","285.851","μmol/L","Humid","19.228","deg","99658","µV","20.199","°C","1013.000","hPa","36.5","pmil","0","55.690","deg","20.000","°C","100.000","%a.s.","22.400","deg","20.000","°C","962.000","hPa","0.861","-0.02617","0.00035","0","0","13.56","Humid","35.35","0","78.50","295854.06","SABD0002000014","AAV2.0.0.13","3.0.1.1413","PSt7-10","180509-002","6/18/2019 6:15:17 AM","0000-00","0","no battery","V"
"07/13/2019","06:44:07","9","default","116269760","OXY_CH9","37.155","min","285.875","μmol/L","Humid","19.229","deg","99638","µV","20.193","°C","1013.000","hPa","36.5","pmil","0","55.690","deg","20.000","°C","100.000","%a.s.","22.400","deg","20.000","°C","962.000","hPa","0.861","-0.02617","0.00035","0","0","13.56","Humid","35.35","0","78.50","295838.36","SABD0002000014","AAV2.0.0.13","3.0.1.1413","PSt7-10","180509-002","6/18/2019 6:15:17 AM","0000-00","0","no battery","V"
"07/13/2019","06:44:08","9","default","116269760","OXY_CH9","37.172","min","285.981","μmol/L","Humid","19.225","deg","99636","µV","20.193","°C","1013.000","hPa","36.5","pmil","0","55.690","deg","20.000","°C","100.000","%a.s.","22.400","deg","20.000","°C","962.000","hPa","0.861","-0.02617","0.00035","0","0","13.56","Humid","35.35","0","78.50","295854.28","SABD0002000014","AAV2.0.0.13","3.0.1.1413","PSt7-10","180509-002","6/18/2019 6:15:17 AM","0000-00","0","no battery","V"
"07/13/2019","06:44:09","9","default","116269760","OXY_CH9","37.189","min","285.981","μmol/L","Humid","19.225","deg","99624","µV","20.193","°C","1013.000","hPa","36.5","pmil","0","55.690","deg","20.000","°C","100.000","%a.s.","22.400","deg","20.000","°C","962.000","hPa","0.861","-0.02617","0.00035","0","0","13.56","Humid","35.35","0","78.50","295851.60","SABD0002000014","AAV2.0.0.13","3.0.1.1413","PSt7-10","180509-002","6/18/2019 6:15:17 AM","0000-00","0","no battery","V"
"07/13/2019","06:44:10","9","default","116269760","OXY_CH9","37.206","min","286.034","μmol/L","Humid","19.223","deg","99618","µV","20.193","°C","1013.000","hPa","36.5","pmil","0","55.690","deg","20.000","°C","100.000","%a.s.","22.400","deg","20.000","°C","962.000","hPa","0.861","-0.02617","0.00035","0","0","13.56","Humid","35.35","0","78.50","295840.76","SABD0002000014","AAV2.0.0.13","3.0.1.1413","PSt7-10","180509-002","6/18/2019 6:15:17 AM","0000-00","0","no battery","V"
"07/13/2019","06:44:11","9","default","116269760","OXY_CH9","37.222","min","285.981","μmol/L","Humid","19.225","deg","99614","µV","20.193","°C","1013.000","hPa","36.5","pmil","0","55.690","deg","20.000","°C","100.000","%a.s.","22.400","deg","20.000","°C","962.000","hPa","0.861","-0.02617","0.00035","0","0","13.56","Humid","35.35","0","78.50","295840.68","SABD0002000014","AAV2.0.0.13","3.0.1.1413","PSt7-10","180509-002","6/18/2019 6:15:17 AM","0000-00","0","no battery","V"
"07/13/2019","06:44:12","9","default","116269760","OXY_CH9","37.239","min","286.141","μmol/L","Humid","19.219","deg","99601","µV","20.193","°C","1013.000","hPa","36.5","pmil","0","55.690","deg","20.000","°C","100.000","%a.s.","22.400","deg","20.000","°C","962.000","hPa","0.861","-0.02617","0.00035","0","0","13.56","Humid","35.35","0","78.50","295837.34","SABD0002000014","AAV2.0.0.13","3.0.1.1413","PSt7-10","180509-002","6/18/2019 6:15:17 AM","0000-00","0","no battery","V"
"07/13/2019","06:44:13","9","default","116269760","OXY_CH9","37.256","min","286.090","μmol/L","Humid","19.219","deg","99595","µV","20.199","°C","1013.000","hPa","36.5","pmil","0","55.690","deg","20.000","°C","100.000","%a.s.","22.400","deg","20.000","°C","962.000","hPa","0.861","-0.02617","0.00035","0","0","13.56","Humid","35.35","0","78.50","295853.25","SABD0002000014","AAV2.0.0.13","3.0.1.1413","PSt7-10","180509-002","6/18/2019 6:15:17 AM","0000-00","0","no battery","V"
"07/13/2019","06:44:14","9","default","116269760","OXY_CH9","37.273","min","286.244","μmol/L","Humid","19.217","deg","99586","µV","20.187","°C","1013.000","hPa","36.5","pmil","0","55.690","deg","20.000","°C","100.000","%a.s.","22.400","deg","20.000","°C","962.000","hPa","0.861","-0.02617","0.00035","0","0","13.56","Humid","35.35","0","78.50","295854.28","SABD0002000014","AAV2.0.0.13","3.0.1.1413","PSt7-10","180509-002","6/18/2019 6:15:17 AM","0000-00","0","no battery","V"
"07/13/2019","06:44:15","9","default","116269760","OXY_CH9","37.289","min","286.220","μmol/L","Humid","19.216","deg","99564","µV","20.193","°C","1013.000","hPa","36.5","pmil","0","55.690","deg","20.000","°C","100.000","%a.s.","22.400","deg","20.000","°C","962.000","hPa","0.861","-0.02617","0.00035","0","0","13.56","Humid","35.35","0","78.50","295837.87","SABD0002000014","AAV2.0.0.13","3.0.1.1413","PSt7-10","180509-002","6/18/2019 6:15:17 AM","0000-00","0","no battery","V"
"07/13/2019","06:44:16","9","default","116269760","OXY_CH9","37.306","min","286.274","μmol/L","Humid","19.214","deg","99565","µV","20.193","°C","1013.000","hPa","36.5","pmil","0","55.690","deg","20.000","°C","100.000","%a.s.","22.400","deg","20.000","°C","962.000","hPa","0.861","-0.02617","0.00035","0","0","13.56","Humid","35.35","0","78.50","295857.02","SABD0002000014","AAV2.0.0.13","3.0.1.1413","PSt7-10","180509-002","6/18/2019 6:15:17 AM","0000-00","0","no battery","V"
"07/13/2019","06:44:17","9","default","116269760","OXY_CH9","37.323","min","286.300","μmol/L","Humid","19.213","deg","99558","µV","20.193","°C","1013.000","hPa","36.5","pmil","0","55.690","deg","20.000","°C","100.000","%a.s.","22.400","deg","20.000","°C","962.000","hPa","0.861","-0.02617","0.00035","0","0","13.56","Humid","35.35","0","78.50","295844.99","SABD0002000014","AAV2.0.0.13","3.0.1.1413","PSt7-10","180509-002","6/18/2019 6:15:17 AM","0000-00","0","no battery","V"
"07/13/2019","06:44:18","9","default","116269760","OXY_CH9","37.339","min","286.380","μmol/L","Humid","19.210","deg","99548","µV","20.193","°C","1013.000","hPa","36.5","pmil","0","55.690","deg","20.000","°C","100.000","%a.s.","22.400","deg","20.000","°C","962.000","hPa","0.861","-0.02617","0.00035","0","0","13.56","Humid","35.35","0","78.50","295856.64","SABD0002000014","AAV2.0.0.13","3.0.1.1413","PSt7-10","180509-002","6/18/2019 6:15:17 AM","0000-00","0","no battery","V"
"07/13/2019","06:44:19","9","default","116269760","OXY_CH9","37.356","min","286.354","μmol/L","Humid","19.211","deg","99548","µV","20.193","°C","1013.000","hPa","36.5","pmil","0","55.690","deg","20.000","°C","100.000","%a.s.","22.400","deg","20.000","°C","962.000","hPa","0.861","-0.02617","0.00035","0","0","13.56","Humid","35.35","0","78.50","295852.70","SABD0002000014","AAV2.0.0.13","3.0.1.1413","PSt7-10","180509-002","6/18/2019 6:15:17 AM","0000-00","0","no battery","V"
"07/13/2019","06:44:20","9","default","116269760","OXY_CH9","37.373","min","286.354","μmol/L","Humid","19.211","deg","99534","µV","20.193","°C","1013.000","hPa","36.5","pmil","0","55.690","deg","20.000","°C","100.000","%a.s.","22.400","deg","20.000","°C","962.000","hPa","0.861","-0.02617","0.00035","0","0","13.56","Humid","35.35","0","78.50","295848.64","SABD0002000014","AAV2.0.0.13","3.0.1.1413","PSt7-10","180509-002","6/18/2019 6:15:17 AM","0000-00","0","no battery","V"
"07/13/2019","06:44:21","9","default","116269760","OXY_CH9","37.389","min","286.407","μmol/L","Humid","19.209","deg","99524","µV","20.193","°C","1013.000","hPa","36.5","pmil","0","55.690","deg","20.000","°C","100.000","%a.s.","22.400","deg","20.000","°C","962.000","hPa","0.861","-0.02617","0.00035","0","0","13.56","Humid","35.35","0","78.50","295851.47","SABD0002000014","AAV2.0.0.13","3.0.1.1413","PSt7-10","180509-002","6/18/2019 6:15:17 AM","0000-00","0","no battery","V"
"07/13/2019","06:44:22","9","default","116269760","OXY_CH9","37.405","min","286.407","μmol/L","Humid","19.209","deg","99517","µV","20.193","°C","1013.000","hPa","36.5","pmil","0","55.690","deg","20.000","°C","100.000","%a.s.","22.400","deg","20.000","°C","962.000","hPa","0.861","-0.02617","0.00035","0","0","13.56","Humid","35.35","0","78.50","295852.30","SABD0002000014","AAV2.0.0.13","3.0.1.1413","PSt7-10","180509-002","6/18/2019 6:15:17 AM","0000-00","0","no battery","V"
"07/13/2019","06:44:23","9","default","116269760","OXY_CH9","37.422","min","286.383","μmol/L","Humid","19.208","deg","99510","µV","20.199","°C","1013.000","hPa","36.5","pmil","0","55.690","deg","20.000","°C","100.000","%a.s.","22.400","deg","20.000","°C","962.000","hPa","0.861","-0.02617","0.00035","0","0","13.56","Humid","35.35","0","78.50","295862.65","SABD0002000014","AAV2.0.0.13","3.0.1.1413","PSt7-10","180509-002","6/18/2019 6:15:17 AM","0000-00","0","no battery","V"
"07/13/2019","06:44:24","9","default","116269760","OXY_CH9","37.439","min","286.463","μmol/L","Humid","19.205","deg","99502","µV","20.199","°C","1013.000","hPa","36.5","pmil","0","55.690","deg","20.000","°C","100.000","%a.s.","22.400","deg","20.000","°C","962.000","hPa","0.861","-0.02617","0.00035","0","0","13.56","Humid","35.35","0","78.50","295852.15","SABD0002000014","AAV2.0.0.13","3.0.1.1413","PSt7-10","180509-002","6/18/2019 6:15:17 AM","0000-00","0","no battery","V"
"07/13/2019","06:44:25","9","default","116269760","OXY_CH9","37.456","min","286.540","μmol/L","Humid","19.204","deg","99501","µV","20.193","°C","1013.000","hPa","36.5","pmil","0","55.690","deg","20.000","°C","100.000","%a.s.","22.400","deg","20.000","°C","962.000","hPa","0.861","-0.02617","0.00035","0","0","13.56","Humid","35.35","0","78.50","295852.21","SABD0002000014","AAV2.0.0.13","3.0.1.1413","PSt7-10","180509-002","6/18/2019 6:15:17 AM","0000-00","0","no battery","V"
"07/13/2019","06:44:26","9","default","116269760","OXY_CH9","37.472","min","286.593","μmol/L","Humid","19.202","deg","99490","µV","20.193","°C","1013.000","hPa","36.5","pmil","0","55.690","deg","20.000","°C","100.000","%a.s.","22.400","deg","20.000","°C","962.000","hPa","0.861","-0.02617","0.00035","0","0","13.56","Humid","35.35","0","78.50","295858.78","SABD0002000014","AAV2.0.0.13","3.0.1.1413","PSt7-10","180509-002","6/18/2019 6:15:17 AM","0000-00","0","no battery","V"
"07/13/2019","06:44:27","9","default","116269760","OXY_CH9","37.489","min","286.596","μmol/L","Humid","19.200","deg","99478","µV","20.199","°C","1013.000","hPa","36.5","pmil","0","55.690","deg","20.000","°C","100.000","%a.s.","22.400","deg","20.000","°C","962.000","hPa","0.861","-0.02617","0.00035","0","0","13.56","Humid","35.35","0","78.50","295834.89","SABD0002000014","AAV2.0.0.13","3.0.1.1413","PSt7-10","180509-002","6/18/2019 6:15:17 AM","0000-00","0","no battery","V"
"07/13/2019","06:44:28","9","default","116269760","OXY_CH9","37.506","min","286.623","μmol/L","Humid","19.199","deg","99479","µV","20.199","°C","1013.000","hPa","36.5","pmil","0","55.690","deg","20.000","°C","100.000","%a.s.","22.400","deg","20.000","°C","962.000","hPa","0.861","-0.02617","0.00035","0","0","13.56","Humid","35.35","0","78.50","295849.81","SABD0002000014","AAV2.0.0.13","3.0.1.1413","PSt7-10","180509-002","6/18/2019 6:15:17 AM","0000-00","0","no battery","V"
"07/13/2019","06:44:29","9","default","116269760","OXY_CH9","37.522","min","286.516","μmol/L","Humid","19.203","deg","99466","µV","20.199","°C","1013.000","hPa","36.5","pmil","0","55.690","deg","20.000","°C","100.000","%a.s.","22.400","deg","20.000","°C","962.000","hPa","0.861","-0.02617","0.00035","0","0","13.56","Humid","35.35","0","78.50","295834.93","SABD0002000014","AAV2.0.0.13","3.0.1.1413","PSt7-10","180509-002","6/18/2019 6:15:17 AM","0000-00","0","no battery","V"
"07/13/2019","06:44:30","9","default","116269760","OXY_CH9","37.539","min","286.620","μmol/L","Humid","19.201","deg","99449","µV","20.193","°C","1013.000","hPa","36.5","pmil","0","55.690","deg","20.000","°C","100.000","%a.s.","22.400","deg","20.000","°C","962.000","hPa","0.861","-0.02617","0.00035","0","0","13.56","Humid","35.35","0","78.50","295851.13","SABD0002000014","AAV2.0.0.13","3.0.1.1413","PSt7-10","180509-002","6/18/2019 6:15:17 AM","0000-00","0","no battery","V"
"07/13/2019","06:44:31","9","default","116269760","OXY_CH9","37.556","min","286.834","μmol/L","Humid","19.193","deg","99445","µV","20.193","°C","1013.000","hPa","36.5","pmil","0","55.690","deg","20.000","°C","100.000","%a.s.","22.400","deg","20.000","°C","962.000","hPa","0.861","-0.02617","0.00035","0","0","13.56","Humid","35.35","0","78.50","295850.05","SABD0002000014","AAV2.0.0.13","3.0.1.1413","PSt7-10","180509-002","6/18/2019 6:15:17 AM","0000-00","0","no battery","V"
"07/13/2019","06:44:32","9","default","116269760","OXY_CH9","37.572","min","286.807","μmol/L","Humid","19.194","deg","99434","µV","20.193","°C","1013.000","hPa","36.5","pmil","0","55.690","deg","20.000","°C","100.000","%a.s.","22.400","deg","20.000","°C","962.000","hPa","0.861","-0.02617","0.00035","0","0","13.56","Humid","35.35","0","78.50","295842.13","SABD0002000014","AAV2.0.0.13","3.0.1.1413","PSt7-10","180509-002","6/18/2019 6:15:17 AM","0000-00","0","no battery","V"
"07/13/2019","06:44:33","9","default","116269760","OXY_CH9","37.589","min","286.887","μmol/L","Humid","19.191","deg","99436","µV","20.193","°C","1013.000","hPa","36.5","pmil","0","55.690","deg","20.000","°C","100.000","%a.s.","22.400","deg","20.000","°C","962.000","hPa","0.861","-0.02617","0.00035","0","0","13.56","Humid","35.35","0","78.50","295859.28","SABD0002000014","AAV2.0.0.13","3.0.1.1413","PSt7-10","180509-002","6/18/2019 6:15:17 AM","0000-00","0","no battery","V"
"07/13/2019","06:44:34","9","default","116269760","OXY_CH9","37.605","min","286.834","μmol/L","Humid","19.193","deg","99420","µV","20.193","°C","1013.000","hPa","36.5","pmil","0","55.690","deg","20.000","°C","100.000","%a.s.","22.400","deg","20.000","°C","962.000","hPa","0.861","-0.02617","0.00035","0","0","13.56","Humid","35.35","0","78.50","295844.06","SABD0002000014","AAV2.0.0.13","3.0.1.1413","PSt7-10","180509-002","6/18/2019 6:15:17 AM","0000-00","0","no battery","V"
"07/13/2019","06:44:35","9","default","116269760","OXY_CH9","37.622","min","287.044","μmol/L","Humid","19.187","deg","99420","µV","20.187","°C","1013.000","hPa","36.5","pmil","0","55.690","deg","20.000","°C","100.000","%a.s.","22.400","deg","20.000","°C","962.000","hPa","0.861","-0.02617","0.00035","0","0","13.56","Humid","35.35","0","78.50","295846.73","SABD0002000014","AAV2.0.0.13","3.0.1.1413","PSt7-10","180509-002","6/18/2019 6:15:17 AM","0000-00","0","no battery","V"
"07/13/2019","06:44:36","9","default","116269760","OXY_CH9","37.639","min","286.783","μmol/L","Humid","19.193","deg","99409","µV","20.199","°C","1013.000","hPa","36.5","pmil","0","55.690","deg","20.000","°C","100.000","%a.s.","22.400","deg","20.000","°C","962.000","hPa","0.861","-0.02617","0.00035","0","0","13.56","Humid","35.35","0","78.50","295845.75","SABD0002000014","AAV2.0.0.13","3.0.1.1413","PSt7-10","180509-002","6/18/2019 6:15:17 AM","0000-00","0","no battery","V"
"07/13/2019","06:44:37","9","default","116269760","OXY_CH9","37.656","min","286.970","μmol/L","Humid","19.186","deg","99403","µV","20.199","°C","1013.000","hPa","36.5","pmil","0","55.690","deg","20.000","°C","100.000","%a.s.","22.400","deg","20.000","°C","962.000","hPa","0.861","-0.02617","0.00035","0","0","13.56","Humid","35.35","0","78.50","295848.43","SABD0002000014","AAV2.0.0.13","3.0.1.1413","PSt7-10","180509-002","6/18/2019 6:15:17 AM","0000-00","0","no battery","V"
"07/13/2019","06:44:38","9","default","116269760","OXY_CH9","37.673","min","286.996","μmol/L","Humid","19.185","deg","99396","µV","20.199","°C","1013.000","hPa","36.5","pmil","0","55.690","deg","20.000","°C","100.000","%a.s.","22.400","deg","20.000","°C","962.000","hPa","0.861","-0.02617","0.00035","0","0","13.56","Humid","35.35","0","78.50","295834.55","SABD0002000014","AAV2.0.0.13","3.0.1.1413","PSt7-10","180509-002","6/18/2019 6:15:17 AM","0000-00","0","no battery","V"
"07/13/2019","06:44:39","9","default","116269760","OXY_CH9","37.689","min","286.970","μmol/L","Humid","19.186","deg","99395","µV","20.199","°C","1013.000","hPa","36.5","pmil","0","55.690","deg","20.000","°C","100.000","%a.s.","22.400","deg","20.000","°C","962.000","hPa","0.861","-0.02617","0.00035","0","0","13.56","Humid","35.35","0","78.50","295854.88","SABD0002000014","AAV2.0.0.13","3.0.1.1413","PSt7-10","180509-002","6/18/2019 6:15:17 AM","0000-00","0","no battery","V"
"07/13/2019","06:44:40","9","default","116269760","OXY_CH9","37.706","min","287.127","μmol/L","Humid","19.182","deg","99378","µV","20.193","°C","1013.000","hPa","36.5","pmil","0","55.690","deg","20.000","°C","100.000","%a.s.","22.400","deg","20.000","°C","962.000","hPa","0.861","-0.02617","0.00035","0","0","13.56","Humid","35.35","0","78.50","295843.75","SABD0002000014","AAV2.0.0.13","3.0.1.1413","PSt7-10","180509-002","6/18/2019 6:15:17 AM","0000-00","0","no battery","V"
"07/13/2019","06:44:41","9","default","116269760","OXY_CH9","37.722","min","286.996","μmol/L","Humid","19.185","deg","99373","µV","20.199","°C","1013.000","hPa","36.5","pmil","0","55.690","deg","20.000","°C","100.000","%a.s.","22.400","deg","20.000","°C","962.000","hPa","0.861","-0.02617","0.00035","0","0","13.56","Humid","35.35","0","78.50","295836.41","SABD0002000014","AAV2.0.0.13","3.0.1.1413","PSt7-10","180509-002","6/18/2019 6:15:17 AM","0000-00","0","no battery","V"
"07/13/2019","06:44:42","9","default","116269760","OXY_CH9","37.739","min","286.999","μmol/L","Humid","19.183","deg","99360","µV","20.205","°C","1013.000","hPa","36.5","pmil","0","55.690","deg","20.000","°C","100.000","%a.s.","22.400","deg","20.000","°C","962.000","hPa","0.861","-0.02617","0.00035","0","0","13.56","Humid","35.35","0","78.50","295833.91","SABD0002000014","AAV2.0.0.13","3.0.1.1413","PSt7-10","180509-002","6/18/2019 6:15:17 AM","0000-00","0","no battery","V"
"07/13/2019","06:44:43","9","default","116269760","OXY_CH9","37.755","min","287.077","μmol/L","Humid","19.182","deg","99367","µV","20.199","°C","1013.000","hPa","36.5","pmil","0","55.690","deg","20.000","°C","100.000","%a.s.","22.400","deg","20.000","°C","962.000","hPa","0.861","-0.02617","0.00035","0","0","13.56","Humid","35.35","0","78.50","295840.59","SABD0002000014","AAV2.0.0.13","3.0.1.1413","PSt7-10","180509-002","6/18/2019 6:15:17 AM","0000-00","0","no battery","V"
"07/13/2019","06:44:44","9","default","116269760","OXY_CH9","37.772","min","287.127","μmol/L","Humid","19.182","deg","99347","µV","20.193","°C","1013.000","hPa","36.5","pmil","0","55.690","deg","20.000","°C","100.000","%a.s.","22.400","deg","20.000","°C","962.000","hPa","0.861","-0.02617","0.00035","0","0","13.56","Humid","35.35","0","78.50","295839.54","SABD0002000014","AAV2.0.0.13","3.0.1.1413","PSt7-10","180509-002","6/18/2019 6:15:17 AM","0000-00","0","no battery","V"
"07/13/2019","06:44:45","9","default","116269760","OXY_CH9","37.789","min","287.157","μmol/L","Humid","19.179","deg","99338","µV","20.199","°C","1013.000","hPa","36.5","pmil","0","55.690","deg","20.000","°C","100.000","%a.s.","22.400","deg","20.000","°C","962.000","hPa","0.861","-0.02617","0.00035","0","0","13.56","Humid","35.35","0","78.50","295845.83","SABD0002000014","AAV2.0.0.13","3.0.1.1413","PSt7-10","180509-002","6/18/2019 6:15:17 AM","0000-00","0","no battery","V"
"07/13/2019","06:44:46","9","default","116269760","OXY_CH9","37.806","min","287.234","μmol/L","Humid","19.178","deg","99329","µV","20.193","°C","1013.000","hPa","36.5","pmil","0","55.690","deg","20.000","°C","100.000","%a.s.","22.400","deg","20.000","°C","962.000","hPa","0.861","-0.02617","0.00035","0","0","13.56","Humid","35.35","0","78.50","295842.95","SABD0002000014","AAV2.0.0.13","3.0.1.1413","PSt7-10","180509-002","6/18/2019 6:15:17 AM","0000-00","0","no battery","V"
"07/13/2019","06:44:47","9","default","116269760","OXY_CH9","37.822","min","287.210","μmol/L","Humid","19.177","deg","99326","µV","20.199","°C","1013.000","hPa","36.5","pmil","0","55.690","deg","20.000","°C","100.000","%a.s.","22.400","deg","20.000","°C","962.000","hPa","0.861","-0.02617","0.00035","0","0","13.56","Humid","35.35","0","78.50","295843.70","SABD0002000014","AAV2.0.0.13","3.0.1.1413","PSt7-10","180509-002","6/18/2019 6:15:17 AM","0000-00","0","no battery","V"
"07/13/2019","06:44:48","9","default","116269760","OXY_CH9","37.839","min","287.160","μmol/L","Humid","19.177","deg","99321","µV","20.205","°C","1013.000","hPa","36.5","pmil","0","55.690","deg","20.000","°C","100.000","%a.s.","22.400","deg","20.000","°C","962.000","hPa","0.861","-0.02617","0.00035","0","0","13.56","Humid","35.35","0","78.50","295833.06","SABD0002000014","AAV2.0.0.13","3.0.1.1413","PSt7-10","180509-002","6/18/2019 6:15:17 AM","0000-00","0","no battery","V"
"07/13/2019","06:44:49","9","default","116269760","OXY_CH9","37.855","min","287.371","μmol/L","Humid","19.171","deg","99313","µV","20.199","°C","1013.000","hPa","36.5","pmil","0","55.690","deg","20.000","°C","100.000","%a.s.","22.400","deg","20.000","°C","962.000","hPa","0.861","-0.02617","0.00035","0","0","13.56","Humid","35.35","0","78.50","295827.11","SABD0002000014","AAV2.0.0.13","3.0.1.1413","PSt7-10","180509-002","6/18/2019 6:15:17 AM","0000-00","0","no battery","V"
"07/13/2019","06:44:50","9","default","116269760","OXY_CH9","37.872","min","287.395","μmol/L","Humid","19.172","deg","99307","µV","20.193","°C","1013.000","hPa","36.5","pmil","0","55.690","deg","20.000","°C","100.000","%a.s.","22.400","deg","20.000","°C","962.000","hPa","0.861","-0.02617","0.00035","0","0","13.56","Humid","35.35","0","78.50","295832.07","SABD0002000014","AAV2.0.0.13","3.0.1.1413","PSt7-10","180509-002","6/18/2019 6:15:17 AM","0000-00","0","no battery","V"
"07/13/2019","06:44:51","9","default","116269760","OXY_CH9","37.889","min","287.237","μmol/L","Humid","19.176","deg","99304","µV","20.199","°C","1013.000","hPa","36.5","pmil","0","55.690","deg","20.000","°C","100.000","%a.s.","22.400","deg","20.000","°C","962.000","hPa","0.861","-0.02617","0.00035","0","0","13.56","Humid","35.35","0","78.50","295835.09","SABD0002000014","AAV2.0.0.13","3.0.1.1413","PSt7-10","180509-002","6/18/2019 6:15:17 AM","0000-00","0","no battery","V"
"07/13/2019","06:44:52","9","default","116269760","OXY_CH9","37.905","min","287.344","μmol/L","Humid","19.172","deg","99285","µV","20.199","°C","1013.000","hPa","36.5","pmil","0","55.690","deg","20.000","°C","100.000","%a.s.","22.400","deg","20.000","°C","962.000","hPa","0.861","-0.02617","0.00035","0","0","13.56","Humid","35.35","0","78.50","295834.96","SABD0002000014","AAV2.0.0.13","3.0.1.1413","PSt7-10","180509-002","6/18/2019 6:15:17 AM","0000-00","0","no battery","V"
"07/13/2019","06:44:53","9","default","116269760","OXY_CH9","37.923","min","287.478","μmol/L","Humid","19.167","deg","99284","µV","20.199","°C","1013.000","hPa","36.5","pmil","0","55.690","deg","20.000","°C","100.000","%a.s.","22.400","deg","20.000","°C","962.000","hPa","0.861","-0.02617","0.00035","0","0","13.56","Humid","35.35","0","78.50","295839.74","SABD0002000014","AAV2.0.0.13","3.0.1.1413","PSt7-10","180509-002","6/18/2019 6:15:17 AM","0000-00","0","no battery","V"
"07/13/2019","06:44:54","9","default","116269760","OXY_CH9","37.939","min","287.505","μmol/L","Humid","19.166","deg","99280","µV","20.199","°C","1013.000","hPa","36.5","pmil","0","55.690","deg","20.000","°C","100.000","%a.s.","22.400","deg","20.000","°C","962.000","hPa","0.861","-0.02617","0.00035","0","0","13.56","Humid","35.35","0","78.50","295847.74","SABD0002000014","AAV2.0.0.13","3.0.1.1413","PSt7-10","180509-002","6/18/2019 6:15:17 AM","0000-00","0","no battery","V"
"07/13/2019","06:44:55","9","default","116269760","OXY_CH9","37.955","min","287.505","μmol/L","Humid","19.166","deg","99270","µV","20.199","°C","1013.000","hPa","36.5","pmil","0","55.690","deg","20.000","°C","100.000","%a.s.","22.400","deg","20.000","°C","962.000","hPa","0.861","-0.02617","0.00035","0","0","13.56","Humid","35.35","0","78.50","295836.26","SABD0002000014","AAV2.0.0.13","3.0.1.1413","PSt7-10","180509-002","6/18/2019 6:15:17 AM","0000-00","0","no battery","V"
"07/13/2019","06:44:56","9","default","116269760","OXY_CH9","37.973","min","287.478","μmol/L","Humid","19.167","deg","99263","µV","20.199","°C","1013.000","hPa","36.5","pmil","0","55.690","deg","20.000","°C","100.000","%a.s.","22.400","deg","20.000","°C","962.000","hPa","0.861","-0.02617","0.00035","0","0","13.56","Humid","35.35","0","78.50","295829.99","SABD0002000014","AAV2.0.0.13","3.0.1.1413","PSt7-10","180509-002","6/18/2019 6:15:17 AM","0000-00","0","no battery","V"
"07/13/2019","06:44:57","9","default","116269760","OXY_CH9","37.989","min","287.531","μmol/L","Humid","19.165","deg","99255","µV","20.199","°C","1013.000","hPa","36.5","pmil","0","55.690","deg","20.000","°C","100.000","%a.s.","22.400","deg","20.000","°C","962.000","hPa","0.861","-0.02617","0.00035","0","0","13.56","Humid","35.35","0","78.50","295850.94","SABD0002000014","AAV2.0.0.13","3.0.1.1413","PSt7-10","180509-002","6/18/2019 6:15:17 AM","0000-00","0","no battery","V"
"07/13/2019","06:44:58","9","default","116269760","OXY_CH9","38.006","min","287.689","μmol/L","Humid","19.161","deg","99241","µV","20.193","°C","1013.000","hPa","36.5","pmil","0","55.690","deg","20.000","°C","100.000","%a.s.","22.400","deg","20.000","°C","962.000","hPa","0.861","-0.02617","0.00035","0","0","13.56","Humid","35.35","0","78.50","295828.92","SABD0002000014","AAV2.0.0.13","3.0.1.1413","PSt7-10","180509-002","6/18/2019 6:15:17 AM","0000-00","0","no battery","V"
"07/13/2019","06:44:59","9","default","116269760","OXY_CH9","38.022","min","287.639","μmol/L","Humid","19.161","deg","99231","µV","20.199","°C","1013.000","hPa","36.5","pmil","0","55.690","deg","20.000","°C","100.000","%a.s.","22.400","deg","20.000","°C","962.000","hPa","0.861","-0.02617","0.00035","0","0","13.56","Humid","35.35","0","78.50","295839.14","SABD0002000014","AAV2.0.0.13","3.0.1.1413","PSt7-10","180509-002","6/18/2019 6:15:17 AM","0000-00","0","no battery","V"
"07/13/2019","06:45:00","9","default","116269760","OXY_CH9","38.039","min","287.636","μmol/L","Humid","19.163","deg","99224","µV","20.193","°C","1013.000","hPa","36.5","pmil","0","55.690","deg","20.000","°C","100.000","%a.s.","22.400","deg","20.000","°C","962.000","hPa","0.861","-0.02617","0.00035","0","0","13.56","Humid","35.35","0","78.50","295836.11","SABD0002000014","AAV2.0.0.13","3.0.1.1413","PSt7-10","180509-002","6/18/2019 6:15:17 AM","0000-00","0","no battery","V"
"07/13/2019","06:45:01","9","default","116269760","OXY_CH9","38.056","min","287.692","μmol/L","Humid","19.159","deg","99215","µV","20.199","°C","1013.000","hPa","36.5","pmil","0","55.690","deg","20.000","°C","100.000","%a.s.","22.400","deg","20.000","°C","962.000","hPa","0.861","-0.02617","0.00035","0","0","13.56","Humid","35.35","0","78.50","295826.44","SABD0002000014","AAV2.0.0.13","3.0.1.1413","PSt7-10","180509-002","6/18/2019 6:15:17 AM","0000-00","0","no battery","V"
"07/13/2019","06:45:02","9","default","116269760","OXY_CH9","38.072","min","287.695","μmol/L","Humid","19.157","deg","99214","µV","20.205","°C","1013.000","hPa","36.5","pmil","0","55.690","deg","20.000","°C","100.000","%a.s.","22.400","deg","20.000","°C","962.000","hPa","0.861","-0.02617","0.00035","0","0","13.56","Humid","35.35","0","78.50","295828.32","SABD0002000014","AAV2.0.0.13","3.0.1.1413","PSt7-10","180509-002","6/18/2019 6:15:17 AM","0000-00","0","no battery","V"
"07/13/2019","06:45:03","9","default","116269760","OXY_CH9","38.089","min","287.821","μmol/L","Humid","19.158","deg","99208","µV","20.187","°C","1013.000","hPa","36.5","pmil","0","55.690","deg","20.000","°C","100.000","%a.s.","22.400","deg","20.000","°C","962.000","hPa","0.861","-0.02617","0.00035","0","0","13.56","Humid","35.35","0","78.50","295832.00","SABD0002000014","AAV2.0.0.13","3.0.1.1413","PSt7-10","180509-002","6/18/2019 6:15:17 AM","0000-00","0","no battery","V"
"07/13/2019","06:45:04","9","default","116269760","OXY_CH9","38.106","min","287.743","μmol/L","Humid","19.159","deg","99203","µV","20.193","°C","1013.000","hPa","36.5","pmil","0","55.690","deg","20.000","°C","100.000","%a.s.","22.400","deg","20.000","°C","962.000","hPa","0.861","-0.02617","0.00035","0","0","13.56","Humid","35.35","0","78.50","295850.39","SABD0002000014","AAV2.0.0.13","3.0.1.1413","PSt7-10","180509-002","6/18/2019 6:15:17 AM","0000-00","0","no battery","V"
"07/13/2019","06:45:05","9","default","116269760","OXY_CH9","38.122","min","287.799","μmol/L","Humid","19.155","deg","99187","µV","20.199","°C","1013.000","hPa","36.5","pmil","0","55.690","deg","20.000","°C","100.000","%a.s.","22.400","deg","20.000","°C","962.000","hPa","0.861","-0.02617","0.00035","0","0","13.56","Humid","35.35","0","78.50","295830.71","SABD0002000014","AAV2.0.0.13","3.0.1.1413","PSt7-10","180509-002","6/18/2019 6:15:17 AM","0000-00","0","no battery","V"
"07/13/2019","06:45:06","9","default","116269760","OXY_CH9","38.139","min","287.907","μmol/L","Humid","19.151","deg","99185","µV","20.199","°C","1013.000","hPa","36.5","pmil","0","55.690","deg","20.000","°C","100.000","%a.s.","22.400","deg","20.000","°C","962.000","hPa","0.861","-0.02617","0.00035","0","0","13.56","Humid","35.35","0","78.50","295847.87","SABD0002000014","AAV2.0.0.13","3.0.1.1413","PSt7-10","180509-002","6/18/2019 6:15:17 AM","0000-00","0","no battery","V"
"07/13/2019","06:45:07","9","default","116269760","OXY_CH9","38.156","min","287.853","μmol/L","Humid","19.153","deg","99173","µV","20.199","°C","1013.000","hPa","36.5","pmil","0","55.690","deg","20.000","°C","100.000","%a.s.","22.400","deg","20.000","°C","962.000","hPa","0.861","-0.02617","0.00035","0","0","13.56","Humid","35.35","0","78.50","295844.39","SABD0002000014","AAV2.0.0.13","3.0.1.1413","PSt7-10","180509-002","6/18/2019 6:15:17 AM","0000-00","0","no battery","V"
"07/13/2019","06:45:08","9","default","116269760","OXY_CH9","38.172","min","287.856","μmol/L","Humid","19.151","deg","99165","µV","20.205","°C","1013.000","hPa","36.5","pmil","0","55.690","deg","20.000","°C","100.000","%a.s.","22.400","deg","20.000","°C","962.000","hPa","0.861","-0.02617","0.00035","0","0","13.56","Humid","35.35","0","78.50","295853.97","SABD0002000014","AAV2.0.0.13","3.0.1.1413","PSt7-10","180509-002","6/18/2019 6:15:17 AM","0000-00","0","no battery","V"
"07/13/2019","06:45:09","9","default","116269760","OXY_CH9","38.189","min","287.907","μmol/L","Humid","19.151","deg","99152","µV","20.199","°C","1013.000","hPa","36.5","pmil","0","55.690","deg","20.000","°C","100.000","%a.s.","22.400","deg","20.000","°C","962.000","hPa","0.861","-0.02617","0.00035","0","0","13.56","Humid","35.35","0","78.50","295834.33","SABD0002000014","AAV2.0.0.13","3.0.1.1413","PSt7-10","180509-002","6/18/2019 6:15:17 AM","0000-00","0","no battery","V"
"07/13/2019","06:45:10","9","default","116269760","OXY_CH9","38.206","min","288.146","μmol/L","Humid","19.144","deg","99144","µV","20.193","°C","1013.000","hPa","36.5","pmil","0","55.690","deg","20.000","°C","100.000","%a.s.","22.400","deg","20.000","°C","962.000","hPa","0.861","-0.02617","0.00035","0","0","13.56","Humid","35.35","0","78.50","295844.89","SABD0002000014","AAV2.0.0.13","3.0.1.1413","PSt7-10","180509-002","6/18/2019 6:15:17 AM","0000-00","0","no battery","V"
"07/13/2019","06:45:11","9","default","116269760","OXY_CH9","38.222","min","288.172","μmol/L","Humid","19.143","deg","99135","µV","20.193","°C","1013.000","hPa","36.5","pmil","0","55.690","deg","20.000","°C","100.000","%a.s.","22.400","deg","20.000","°C","962.000","hPa","0.861","-0.02617","0.00035","0","0","13.56","Humid","35.35","0","78.50","295850.34","SABD0002000014","AAV2.0.0.13","3.0.1.1413","PSt7-10","180509-002","6/18/2019 6:15:17 AM","0000-00","0","no battery","V"
"07/13/2019","06:45:12","9","default","116269760","OXY_CH9","38.239","min","288.175","μmol/L","Humid","19.141","deg","99128","µV","20.199","°C","1013.000","hPa","36.5","pmil","0","55.690","deg","20.000","°C","100.000","%a.s.","22.400","deg","20.000","°C","962.000","hPa","0.861","-0.02617","0.00035","0","0","13.56","Humid","35.35","0","78.50","295842.29","SABD0002000014","AAV2.0.0.13","3.0.1.1413","PSt7-10","180509-002","6/18/2019 6:15:17 AM","0000-00","0","no battery","V"
"07/13/2019","06:45:13","9","default","116269760","OXY_CH9","38.256","min","288.253","μmol/L","Humid","19.140","deg","99120","µV","20.193","°C","1013.000","hPa","36.5","pmil","0","55.690","deg","20.000","°C","100.000","%a.s.","22.400","deg","20.000","°C","962.000","hPa","0.861","-0.02617","0.00035","0","0","13.56","Humid","35.35","0","78.50","295841.11","SABD0002000014","AAV2.0.0.13","3.0.1.1413","PSt7-10","180509-002","6/18/2019 6:15:17 AM","0000-00","0","no battery","V"
"07/13/2019","06:45:14","9","default","116269760","OXY_CH9","38.272","min","288.175","μmol/L","Humid","19.141","deg","99103","µV","20.199","°C","1013.000","hPa","36.5","pmil","0","55.690","deg","20.000","°C","100.000","%a.s.","22.400","deg","20.000","°C","962.000","hPa","0.861","-0.02617","0.00035","0","0","13.56","Humid","35.35","0","78.50","295834.55","SABD0002000014","AAV2.0.0.13","3.0.1.1413","PSt7-10","180509-002","6/18/2019 6:15:17 AM","0000-00","0","no battery","V"
"07/13/2019","06:45:15","9","default","116269760","OXY_CH9","38.289","min","288.229","μmol/L","Humid","19.139","deg","99099","µV","20.199","°C","1013.000","hPa","36.5","pmil","0","55.690","deg","20.000","°C","100.000","%a.s.","22.400","deg","20.000","°C","962.000","hPa","0.861","-0.02617","0.00035","0","0","13.56","Humid","35.35","0","78.50","295841.19","SABD0002000014","AAV2.0.0.13","3.0.1.1413","PSt7-10","180509-002","6/18/2019 6:15:17 AM","0000-00","0","no battery","V"
"07/13/2019","06:45:16","9","default","116269760","OXY_CH9","38.306","min","288.259","μmol/L","Humid","19.136","deg","99092","µV","20.205","°C","1013.000","hPa","36.5","pmil","0","55.690","deg","20.000","°C","100.000","%a.s.","22.400","deg","20.000","°C","962.000","hPa","0.861","-0.02617","0.00035","0","0","13.56","Humid","35.35","0","78.50","295839.72","SABD0002000014","AAV2.0.0.13","3.0.1.1413","PSt7-10","180509-002","6/18/2019 6:15:17 AM","0000-00","0","no battery","V"
"07/13/2019","06:45:17","9","default","116269760","OXY_CH9","38.322","min","288.178","μmol/L","Humid","19.139","deg","99081","µV","20.205","°C","1013.000","hPa","36.5","pmil","0","55.690","deg","20.000","°C","100.000","%a.s.","22.400","deg","20.000","°C","962.000","hPa","0.861","-0.02617","0.00035","0","0","13.56","Humid","35.35","0","78.50","295839.73","SABD0002000014","AAV2.0.0.13","3.0.1.1413","PSt7-10","180509-002","6/18/2019 6:15:17 AM","0000-00","0","no battery","V"
"07/13/2019","06:45:18","9","default","116269760","OXY_CH9","38.339","min","288.468","μmol/L","Humid","19.132","deg","99070","µV","20.193","°C","1013.000","hPa","36.5","pmil","0","55.690","deg","20.000","°C","100.000","%a.s.","22.400","deg","20.000","°C","962.000","hPa","0.861","-0.02617","0.00035","0","0","13.56","Humid","35.35","0","78.50","295835.06","SABD0002000014","AAV2.0.0.13","3.0.1.1413","PSt7-10","180509-002","6/18/2019 6:15:17 AM","0000-00","0","no battery","V"
"07/13/2019","06:45:19","9","default","116269760","OXY_CH9","38.355","min","288.334","μmol/L","Humid","19.137","deg","99053","µV","20.193","°C","1013.000","hPa","36.5","pmil","0","55.690","deg","20.000","°C","100.000","%a.s.","22.400","deg","20.000","°C","962.000","hPa","0.861","-0.02617","0.00035","0","0","13.56","Humid","35.35","0","78.50","295829.27","SABD0002000014","AAV2.0.0.13","3.0.1.1413","PSt7-10","180509-002","6/18/2019 6:15:17 AM","0000-00","0","no battery","V"
"07/13/2019","06:45:20","9","default","116269760","OXY_CH9","38.372","min","288.393","μmol/L","Humid","19.131","deg","99049","µV","20.205","°C","1013.000","hPa","36.5","pmil","0","55.690","deg","20.000","°C","100.000","%a.s.","22.400","deg","20.000","°C","962.000","hPa","0.861","-0.02617","0.00035","0","0","13.56","Humid","35.35","0","78.50","295828.41","SABD0002000014","AAV2.0.0.13","3.0.1.1413","PSt7-10","180509-002","6/18/2019 6:15:17 AM","0000-00","0","no battery","V"
"07/13/2019","06:45:21","9","default","116269760","OXY_CH9","38.389","min","288.578","μmol/L","Humid","19.126","deg","99046","µV","20.199","°C","1013.000","hPa","36.5","pmil","0","55.690","deg","20.000","°C","100.000","%a.s.","22.400","deg","20.000","°C","962.000","hPa","0.861","-0.02617","0.00035","0","0","13.56","Humid","35.35","0","78.50","295837.61","SABD0002000014","AAV2.0.0.13","3.0.1.1413","PSt7-10","180509-002","6/18/2019 6:15:17 AM","0000-00","0","no battery","V"
"07/13/2019","06:45:22","9","default","116269760","OXY_CH9","38.406","min","288.444","μmol/L","Humid","19.131","deg","99038","µV","20.199","°C","1013.000","hPa","36.5","pmil","0","55.690","deg","20.000","°C","100.000","%a.s.","22.400","deg","20.000","°C","962.000","hPa","0.861","-0.02617","0.00035","0","0","13.56","Humid","35.35","0","78.50","295840.28","SABD0002000014","AAV2.0.0.13","3.0.1.1413","PSt7-10","180509-002","6/18/2019 6:15:17 AM","0000-00","0","no battery","V"
"07/13/2019","06:45:23","9","default","116269760","OXY_CH9","38.422","min","288.528","μmol/L","Humid","19.126","deg","99033","µV","20.205","°C","1013.000","hPa","36.5","pmil","0","55.690","deg","20.000","°C","100.000","%a.s.","22.400","deg","20.000","°C","962.000","hPa","0.861","-0.02617","0.00035","0","0","13.56","Humid","35.35","0","78.50","295835.44","SABD0002000014","AAV2.0.0.13","3.0.1.1413","PSt7-10","180509-002","6/18/2019 6:15:17 AM","0000-00","0","no battery","V"
"07/13/2019","06:45:24","9","default","116269760","OXY_CH9","38.439","min","288.605","μmol/L","Humid","19.125","deg","99018","µV","20.199","°C","1013.000","hPa","36.5","pmil","0","55.690","deg","20.000","°C","100.000","%a.s.","22.400","deg","20.000","°C","962.000","hPa","0.861","-0.02617","0.00035","0","0","13.56","Humid","35.35","0","78.50","295830.37","SABD0002000014","AAV2.0.0.13","3.0.1.1413","PSt7-10","180509-002","6/18/2019 6:15:17 AM","0000-00","0","no battery","V"
"07/13/2019","06:45:25","9","default","116269760","OXY_CH9","38.456","min","288.629","μmol/L","Humid","19.126","deg","99010","µV","20.193","°C","1013.000","hPa","36.5","pmil","0","55.690","deg","20.000","°C","100.000","%a.s.","22.400","deg","20.000","°C","962.000","hPa","0.861","-0.02617","0.00035","0","0","13.56","Humid","35.35","0","78.50","295828.29","SABD0002000014","AAV2.0.0.13","3.0.1.1413","PSt7-10","180509-002","6/18/2019 6:15:17 AM","0000-00","0","no battery","V"
"07/13/2019","06:45:26","9","default","116269760","OXY_CH9","38.472","min","288.525","μmol/L","Humid","19.128","deg","98999","µV","20.199","°C","1013.000","hPa","36.5","pmil","0","55.690","deg","20.000","°C","100.000","%a.s.","22.400","deg","20.000","°C","962.000","hPa","0.861","-0.02617","0.00035","0","0","13.56","Humid","35.35","0","78.50","295822.88","SABD0002000014","AAV2.0.0.13","3.0.1.1413","PSt7-10","180509-002","6/18/2019 6:15:17 AM","0000-00","0","no battery","V"
"07/13/2019","06:45:27","9","default","116269760","OXY_CH9","38.489","min","288.659","μmol/L","Humid","19.123","deg","99003","µV","20.199","°C","1013.000","hPa","36.5","pmil","0","55.690","deg","20.000","°C","100.000","%a.s.","22.400","deg","20.000","°C","962.000","hPa","0.861","-0.02617","0.00035","0","0","13.56","Humid","35.35","0","78.50","295826.49","SABD0002000014","AAV2.0.0.13","3.0.1.1413","PSt7-10","180509-002","6/18/2019 6:15:17 AM","0000-00","0","no battery","V"
"07/13/2019","06:45:28","9","default","116269760","OXY_CH9","38.505","min","288.635","μmol/L","Humid","19.122","deg","98992","µV","20.205","°C","1013.000","hPa","36.5","pmil","0","55.690","deg","20.000","°C","100.000","%a.s.","22.400","deg","20.000","°C","962.000","hPa","0.861","-0.02617","0.00035","0","0","13.56","Humid","35.35","0","78.50","295834.04","SABD0002000014","AAV2.0.0.13","3.0.1.1413","PSt7-10","180509-002","6/18/2019 6:15:17 AM","0000-00","0","no battery","V"
"07/13/2019","06:45:29","9","default","116269760","OXY_CH9","38.522","min","288.659","μmol/L","Humid","19.123","deg","98993","µV","20.199","°C","1013.000","hPa","36.5","pmil","0","55.690","deg","20.000","°C","100.000","%a.s.","22.400","deg","20.000","°C","962.000","hPa","0.861","-0.02617","0.00035","0","0","13.56","Humid","35.35","0","78.50","295846.45","SABD0002000014","AAV2.0.0.13","3.0.1.1413","PSt7-10","180509-002","6/18/2019 6:15:17 AM","0000-00","0","no battery","V"
"07/13/2019","06:45:30","9","default","116269760","OXY_CH9","38.539","min","288.716","μmol/L","Humid","19.119","deg","98979","µV","20.205","°C","1013.000","hPa","36.5","pmil","0","55.690","deg","20.000","°C","100.000","%a.s.","22.400","deg","20.000","°C","962.000","hPa","0.861","-0.02617","0.00035","0","0","13.56","Humid","35.35","0","78.50","295834.37","SABD0002000014","AAV2.0.0.13","3.0.1.1413","PSt7-10","180509-002","6/18/2019 6:15:17 AM","0000-00","0","no battery","V"
"07/13/2019","06:45:31","9","default","116269760","OXY_CH9","38.555","min","288.845","μmol/L","Humid","19.118","deg","98973","µV","20.193","°C","1013.000","hPa","36.5","pmil","0","55.690","deg","20.000","°C","100.000","%a.s.","22.400","deg","20.000","°C","962.000","hPa","0.861","-0.02617","0.00035","0","0","13.56","Humid","35.35","0","78.50","295841.19","SABD0002000014","AAV2.0.0.13","3.0.1.1413","PSt7-10","180509-002","6/18/2019 6:15:17 AM","0000-00","0","no battery","V"
"07/13/2019","06:45:32","9","default","116269760","OXY_CH9","38.572","min","288.821","μmol/L","Humid","19.117","deg","98971","µV","20.199","°C","1013.000","hPa","36.5","pmil","0","55.690","deg","20.000","°C","100.000","%a.s.","22.400","deg","20.000","°C","962.000","hPa","0.861","-0.02617","0.00035","0","0","13.56","Humid","35.35","0","78.50","295846.01","SABD0002000014","AAV2.0.0.13","3.0.1.1413","PSt7-10","180509-002","6/18/2019 6:15:17 AM","0000-00","0","no battery","V"
"07/13/2019","06:45:33","9","default","116269760","OXY_CH9","38.589","min","288.848","μmol/L","Humid","19.116","deg","98953","µV","20.199","°C","1013.000","hPa","36.5","pmil","0","55.690","deg","20.000","°C","100.000","%a.s.","22.400","deg","20.000","°C","962.000","hPa","0.861","-0.02617","0.00035","0","0","13.56","Humid","35.35","0","78.50","295830.55","SABD0002000014","AAV2.0.0.13","3.0.1.1413","PSt7-10","180509-002","6/18/2019 6:15:17 AM","0000-00","0","no battery","V"
"07/13/2019","06:45:34","9","default","116269760","OXY_CH9","38.606","min","288.872","μmol/L","Humid","19.117","deg","98947","µV","20.193","°C","1013.000","hPa","36.5","pmil","0","55.690","deg","20.000","°C","100.000","%a.s.","22.400","deg","20.000","°C","962.000","hPa","0.861","-0.02617","0.00035","0","0","13.56","Humid","35.35","0","78.50","295840.29","SABD0002000014","AAV2.0.0.13","3.0.1.1413","PSt7-10","180509-002","6/18/2019 6:15:17 AM","0000-00","0","no battery","V"
"07/13/2019","06:45:35","9","default","116269760","OXY_CH9","38.623","min","288.794","μmol/L","Humid","19.118","deg","98937","µV","20.199","°C","1013.000","hPa","36.5","pmil","0","55.690","deg","20.000","°C","100.000","%a.s.","22.400","deg","20.000","°C","962.000","hPa","0.861","-0.02617","0.00035","0","0","13.56","Humid","35.35","0","78.50","295836.99","SABD0002000014","AAV2.0.0.13","3.0.1.1413","PSt7-10","180509-002","6/18/2019 6:15:17 AM","0000-00","0","no battery","V"
"07/13/2019","06:45:36","9","default","116269760","OXY_CH9","38.639","min","289.007","μmol/L","Humid","19.112","deg","98920","µV","20.193","°C","1013.000","hPa","36.5","pmil","0","55.690","deg","20.000","°C","100.000","%a.s.","22.400","deg","20.000","°C","962.000","hPa","0.861","-0.02617","0.00035","0","0","13.56","Humid","35.35","0","78.50","295838.74","SABD0002000014","AAV2.0.0.13","3.0.1.1413","PSt7-10","180509-002","6/18/2019 6:15:17 AM","0000-00","0","no battery","V"
"07/13/2019","06:45:37","9","default","116269760","OXY_CH9","38.656","min","289.117","μmol/L","Humid","19.106","deg","98924","µV","20.199","°C","1013.000","hPa","36.5","pmil","0","55.690","deg","20.000","°C","100.000","%a.s.","22.400","deg","20.000","°C","962.000","hPa","0.861","-0.02617","0.00035","0","0","13.56","Humid","35.35","0","78.50","295837.19","SABD0002000014","AAV2.0.0.13","3.0.1.1413","PSt7-10","180509-002","6/18/2019 6:15:17 AM","0000-00","0","no battery","V"
"07/13/2019","06:45:38","9","default","116269760","OXY_CH9","38.672","min","289.039","μmol/L","Humid","19.107","deg","98905","µV","20.205","°C","1013.000","hPa","36.5","pmil","0","55.690","deg","20.000","°C","100.000","%a.s.","22.400","deg","20.000","°C","962.000","hPa","0.861","-0.02617","0.00035","0","0","13.56","Humid","35.35","0","78.50","295830.62","SABD0002000014","AAV2.0.0.13","3.0.1.1413","PSt7-10","180509-002","6/18/2019 6:15:17 AM","0000-00","0","no battery","V"
"07/13/2019","06:45:39","9","default","116269760","OXY_CH9","38.689","min","288.875","μmol/L","Humid","19.115","deg","98904","µV","20.199","°C","1013.000","hPa","36.5","pmil","0","55.690","deg","20.000","°C","100.000","%a.s.","22.400","deg","20.000","°C","962.000","hPa","0.861","-0.02617","0.00035","0","0","13.56","Humid","35.35","0","78.50","295835.25","SABD0002000014","AAV2.0.0.13","3.0.1.1413","PSt7-10","180509-002","6/18/2019 6:15:17 AM","0000-00","0","no battery","V"
"07/13/2019","06:45:40","9","default","116269760","OXY_CH9","38.706","min","289.063","μmol/L","Humid","19.108","deg","98899","µV","20.199","°C","1013.000","hPa","36.5","pmil","0","55.690","deg","20.000","°C","100.000","%a.s.","22.400","deg","20.000","°C","962.000","hPa","0.861","-0.02617","0.00035","0","0","13.56","Humid","35.35","0","78.50","295827.48","SABD0002000014","AAV2.0.0.13","3.0.1.1413","PSt7-10","180509-002","6/18/2019 6:15:17 AM","0000-00","0","no battery","V"
"07/13/2019","06:45:41","9","default","116269760","OXY_CH9","38.722","min","289.117","μmol/L","Humid","19.106","deg","98889","µV","20.199","°C","1013.000","hPa","36.5","pmil","0","55.690","deg","20.000","°C","100.000","%a.s.","22.400","deg","20.000","°C","962.000","hPa","0.861","-0.02617","0.00035","0","0","13.56","Humid","35.35","0","78.50","295827.18","SABD0002000014","AAV2.0.0.13","3.0.1.1413","PSt7-10","180509-002","6/18/2019 6:15:17 AM","0000-00","0","no battery","V"
"07/13/2019","06:45:42","9","default","116269760","OXY_CH9","38.739","min","289.144","μmol/L","Humid","19.105","deg","98871","µV","20.199","°C","1013.000","hPa","36.5","pmil","0","55.690","deg","20.000","°C","100.000","%a.s.","22.400","deg","20.000","°C","962.000","hPa","0.861","-0.02617","0.00035","0","0","13.56","Humid","35.35","0","78.50","295810.08","SABD0002000014","AAV2.0.0.13","3.0.1.1413","PSt7-10","180509-002","6/18/2019 6:15:17 AM","0000-00","0","no battery","V"
"07/13/2019","06:45:43","9","default","116269760","OXY_CH9","38.756","min","289.198","μmol/L","Humid","19.103","deg","98860","µV","20.199","°C","1013.000","hPa","36.5","pmil","0","55.690","deg","20.000","°C","100.000","%a.s.","22.400","deg","20.000","°C","962.000","hPa","0.861","-0.02617","0.00035","0","0","13.56","Humid","35.35","0","78.50","295838.24","SABD0002000014","AAV2.0.0.13","3.0.1.1413","PSt7-10","180509-002","6/18/2019 6:15:17 AM","0000-00","0","no battery","V"
"07/13/2019","06:45:44","9","default","116269760","OXY_CH9","38.772","min","289.225","μmol/L","Humid","19.102","deg","98855","µV","20.199","°C","1013.000","hPa","36.5","pmil","0","55.690","deg","20.000","°C","100.000","%a.s.","22.400","deg","20.000","°C","962.000","hPa","0.861","-0.02617","0.00035","0","0","13.56","Humid","35.35","0","78.50","295825.16","SABD0002000014","AAV2.0.0.13","3.0.1.1413","PSt7-10","180509-002","6/18/2019 6:15:17 AM","0000-00","0","no battery","V"
"07/13/2019","06:45:45","9","default","116269760","OXY_CH9","38.789","min","289.252","μmol/L","Humid","19.101","deg","98853","µV","20.199","°C","1013.000","hPa","36.5","pmil","0","55.690","deg","20.000","°C","100.000","%a.s.","22.400","deg","20.000","°C","962.000","hPa","0.861","-0.02617","0.00035","0","0","13.56","Humid","35.35","0","78.50","295827.39","SABD0002000014","AAV2.0.0.13","3.0.1.1413","PSt7-10","180509-002","6/18/2019 6:15:17 AM","0000-00","0","no battery","V"
"07/13/2019","06:45:46","9","default","116269760","OXY_CH9","38.806","min","289.360","μmol/L","Humid","19.097","deg","98845","µV","20.199","°C","1013.000","hPa","36.5","pmil","0","55.690","deg","20.000","°C","100.000","%a.s.","22.400","deg","20.000","°C","962.000","hPa","0.861","-0.02617","0.00035","0","0","13.56","Humid","35.35","0","78.50","295839.44","SABD0002000014","AAV2.0.0.13","3.0.1.1413","PSt7-10","180509-002","6/18/2019 6:15:17 AM","0000-00","0","no battery","V"
"07/13/2019","06:45:47","9","default","116269760","OXY_CH9","38.822","min","289.360","μmol/L","Humid","19.097","deg","98837","µV","20.199","°C","1013.000","hPa","36.5","pmil","0","55.690","deg","20.000","°C","100.000","%a.s.","22.400","deg","20.000","°C","962.000","hPa","0.861","-0.02617","0.00035","0","0","13.56","Humid","35.35","0","78.50","295832.30","SABD0002000014","AAV2.0.0.13","3.0.1.1413","PSt7-10","180509-002","6/18/2019 6:15:17 AM","0000-00","0","no battery","V"
"07/13/2019","06:45:48","9","default","116269760","OXY_CH9","38.839","min","289.493","μmol/L","Humid","19.094","deg","98823","µV","20.193","°C","1013.000","hPa","36.5","pmil","0","55.690","deg","20.000","°C","100.000","%a.s.","22.400","deg","20.000","°C","962.000","hPa","0.861","-0.02617","0.00035","0","0","13.56","Humid","35.35","0","78.50","295828.06","SABD0002000014","AAV2.0.0.13","3.0.1.1413","PSt7-10","180509-002","6/18/2019 6:15:17 AM","0000-00","0","no battery","V"
"07/13/2019","06:45:49","9","default","116269760","OXY_CH9","38.856","min","289.363","μmol/L","Humid","19.095","deg","98824","µV","20.205","°C","1013.000","hPa","36.5","pmil","0","55.690","deg","20.000","°C","100.000","%a.s.","22.400","deg","20.000","°C","962.000","hPa","0.861","-0.02617","0.00035","0","0","13.56","Humid","35.35","0","78.50","295824.37","SABD0002000014","AAV2.0.0.13","3.0.1.1413","PSt7-10","180509-002","6/18/2019 6:15:17 AM","0000-00","0","no battery","V"
"07/13/2019","06:45:50","9","default","116269760","OXY_CH9","38.872","min","289.363","μmol/L","Humid","19.095","deg","98813","µV","20.205","°C","1013.000","hPa","36.5","pmil","0","55.690","deg","20.000","°C","100.000","%a.s.","22.400","deg","20.000","°C","962.000","hPa","0.861","-0.02617","0.00035","0","0","13.56","Humid","35.35","0","78.50","295830.95","SABD0002000014","AAV2.0.0.13","3.0.1.1413","PSt7-10","180509-002","6/18/2019 6:15:17 AM","0000-00","0","no battery","V"
"07/13/2019","06:45:51","9","default","116269760","OXY_CH9","38.889","min","289.522","μmol/L","Humid","19.091","deg","98814","µV","20.199","°C","1013.000","hPa","36.5","pmil","0","55.690","deg","20.000","°C","100.000","%a.s.","22.400","deg","20.000","°C","962.000","hPa","0.861","-0.02617","0.00035","0","0","13.56","Humid","35.35","0","78.50","295840.60","SABD0002000014","AAV2.0.0.13","3.0.1.1413","PSt7-10","180509-002","6/18/2019 6:15:17 AM","0000-00","0","no battery","V"
"07/13/2019","06:45:52","9","default","116269760","OXY_CH9","38.906","min","289.658","μmol/L","Humid","19.086","deg","98795","µV","20.199","°C","1013.000","hPa","36.5","pmil","0","55.690","deg","20.000","°C","100.000","%a.s.","22.400","deg","20.000","°C","962.000","hPa","0.861","-0.02617","0.00035","0","0","13.56","Humid","35.35","0","78.50","295840.62","SABD0002000014","AAV2.0.0.13","3.0.1.1413","PSt7-10","180509-002","6/18/2019 6:15:17 AM","0000-00","0","no battery","V"
"07/13/2019","06:45:53","9","default","116269760","OXY_CH9","38.922","min","289.522","μmol/L","Humid","19.091","deg","98783","µV","20.199","°C","1013.000","hPa","36.5","pmil","0","55.690","deg","20.000","°C","100.000","%a.s.","22.400","deg","20.000","°C","962.000","hPa","0.861","-0.02617","0.00035","0","0","13.56","Humid","35.35","0","78.50","295837.62","SABD0002000014","AAV2.0.0.13","3.0.1.1413","PSt7-10","180509-002","6/18/2019 6:15:17 AM","0000-00","0","no battery","V"
"07/13/2019","06:45:54","9","default","116269760","OXY_CH9","38.939","min","289.552","μmol/L","Humid","19.088","deg","98782","µV","20.205","°C","1013.000","hPa","36.5","pmil","0","55.690","deg","20.000","°C","100.000","%a.s.","22.400","deg","20.000","°C","962.000","hPa","0.861","-0.02617","0.00035","0","0","13.56","Humid","35.35","0","78.50","295835.23","SABD0002000014","AAV2.0.0.13","3.0.1.1413","PSt7-10","180509-002","6/18/2019 6:15:17 AM","0000-00","0","no battery","V"
"07/13/2019","06:45:55","9","default","116269760","OXY_CH9","38.956","min","289.552","μmol/L","Humid","19.088","deg","98775","µV","20.205","°C","1013.000","hPa","36.5","pmil","0","55.690","deg","20.000","°C","100.000","%a.s.","22.400","deg","20.000","°C","962.000","hPa","0.861","-0.02617","0.00035","0","0","13.56","Humid","35.35","0","78.50","295838.54","SABD0002000014","AAV2.0.0.13","3.0.1.1413","PSt7-10","180509-002","6/18/2019 6:15:17 AM","0000-00","0","no battery","V"
"07/13/2019","06:45:56","9","default","116269760","OXY_CH9","38.973","min","289.688","μmol/L","Humid","19.083","deg","98769","µV","20.205","°C","1013.000","hPa","36.5","pmil","0","55.690","deg","20.000","°C","100.000","%a.s.","22.400","deg","20.000","°C","962.000","hPa","0.861","-0.02617","0.00035","0","0","13.56","Humid","35.35","0","78.50","295846.32","SABD0002000014","AAV2.0.0.13","3.0.1.1413","PSt7-10","180509-002","6/18/2019 6:15:17 AM","0000-00","0","no battery","V"
"07/13/2019","06:45:57","9","default","116269760","OXY_CH9","38.989","min","289.766","μmol/L","Humid","19.082","deg","98761","µV","20.199","°C","1013.000","hPa","36.5","pmil","0","55.690","deg","20.000","°C","100.000","%a.s.","22.400","deg","20.000","°C","962.000","hPa","0.861","-0.02617","0.00035","0","0","13.56","Humid","35.35","0","78.50","295840.01","SABD0002000014","AAV2.0.0.13","3.0.1.1413","PSt7-10","180509-002","6/18/2019 6:15:17 AM","0000-00","0","no battery","V"
"07/13/2019","06:45:58","9","default","116269760","OXY_CH9","39.006","min","289.820","μmol/L","Humid","19.080","deg","98754","µV","20.199","°C","1013.000","hPa","36.5","pmil","0","55.690","deg","20.000","°C","100.000","%a.s.","22.400","deg","20.000","°C","962.000","hPa","0.861","-0.02617","0.00035","0","0","13.56","Humid","35.35","0","78.50","295836.51","SABD0002000014","AAV2.0.0.13","3.0.1.1413","PSt7-10","180509-002","6/18/2019 6:15:17 AM","0000-00","0","no battery","V"
"07/13/2019","06:45:59","9","default","116269760","OXY_CH9","39.022","min","289.631","μmol/L","Humid","19.087","deg","98740","µV","20.199","°C","1013.000","hPa","36.5","pmil","0","55.690","deg","20.000","°C","100.000","%a.s.","22.400","deg","20.000","°C","962.000","hPa","0.861","-0.02617","0.00035","0","0","13.56","Humid","35.35","0","78.50","295829.53","SABD0002000014","AAV2.0.0.13","3.0.1.1413","PSt7-10","180509-002","6/18/2019 6:15:17 AM","0000-00","0","no battery","V"
"07/13/2019","06:46:00","9","default","116269760","OXY_CH9","39.039","min","289.871","μmol/L","Humid","19.080","deg","98729","µV","20.193","°C","1013.000","hPa","36.5","pmil","0","55.690","deg","20.000","°C","100.000","%a.s.","22.400","deg","20.000","°C","962.000","hPa","0.861","-0.02617","0.00035","0","0","13.56","Humid","35.35","0","78.50","295836.34","SABD0002000014","AAV2.0.0.13","3.0.1.1413","PSt7-10","180509-002","6/18/2019 6:15:17 AM","0000-00","0","no battery","V"
"07/13/2019","06:46:01","9","default","116269760","OXY_CH9","39.055","min","289.847","μmol/L","Humid","19.079","deg","98729","µV","20.199","°C","1013.000","hPa","36.5","pmil","0","55.690","deg","20.000","°C","100.000","%a.s.","22.400","deg","20.000","°C","962.000","hPa","0.861","-0.02617","0.00035","0","0","13.56","Humid","35.35","0","78.50","295835.24","SABD0002000014","AAV2.0.0.13","3.0.1.1413","PSt7-10","180509-002","6/18/2019 6:15:17 AM","0000-00","0","no battery","V"
"07/13/2019","06:46:02","9","default","116269760","OXY_CH9","39.072","min","289.904","μmol/L","Humid","19.075","deg","98721","µV","20.205","°C","1013.000","hPa","36.5","pmil","0","55.690","deg","20.000","°C","100.000","%a.s.","22.400","deg","20.000","°C","962.000","hPa","0.861","-0.02617","0.00035","0","0","13.56","Humid","35.35","0","78.50","295846.77","SABD0002000014","AAV2.0.0.13","3.0.1.1413","PSt7-10","180509-002","6/18/2019 6:15:17 AM","0000-00","0","no battery","V"
"07/13/2019","06:46:03","9","default","116269760","OXY_CH9","39.089","min","289.928","μmol/L","Humid","19.076","deg","98708","µV","20.199","°C","1013.000","hPa","36.5","pmil","0","55.690","deg","20.000","°C","100.000","%a.s.","22.400","deg","20.000","°C","962.000","hPa","0.861","-0.02617","0.00035","0","0","13.56","Humid","35.35","0","78.50","295831.38","SABD0002000014","AAV2.0.0.13","3.0.1.1413","PSt7-10","180509-002","6/18/2019 6:15:17 AM","0000-00","0","no battery","V"
"07/13/2019","06:46:04","9","default","116269760","OXY_CH9","39.106","min","289.904","μmol/L","Humid","19.075","deg","98698","µV","20.205","°C","1013.000","hPa","36.5","pmil","0","55.690","deg","20.000","°C","100.000","%a.s.","22.400","deg","20.000","°C","962.000","hPa","0.861","-0.02617","0.00035","0","0","13.56","Humid","35.35","0","78.50","295835.93","SABD0002000014","AAV2.0.0.13","3.0.1.1413","PSt7-10","180509-002","6/18/2019 6:15:17 AM","0000-00","0","no battery","V"
"07/13/2019","06:46:05","9","default","116269760","OXY_CH9","39.122","min","290.010","μmol/L","Humid","19.073","deg","98702","µV","20.199","°C","1013.000","hPa","36.5","pmil","0","55.690","deg","20.000","°C","100.000","%a.s.","22.400","deg","20.000","°C","962.000","hPa","0.861","-0.02617","0.00035","0","0","13.56","Humid","35.35","0","78.50","295823.87","SABD0002000014","AAV2.0.0.13","3.0.1.1413","PSt7-10","180509-002","6/18/2019 6:15:17 AM","0000-00","0","no battery","V"
"07/13/2019","06:46:06","9","default","116269760","OXY_CH9","39.139","min","289.931","μmol/L","Humid","19.074","deg","98693","µV","20.205","°C","1013.000","hPa","36.5","pmil","0","55.690","deg","20.000","°C","100.000","%a.s.","22.400","deg","20.000","°C","962.000","hPa","0.861","-0.02617","0.00035","0","0","13.56","Humid","35.35","0","78.50","295839.62","SABD0002000014","AAV2.0.0.13","3.0.1.1413","PSt7-10","180509-002","6/18/2019 6:15:17 AM","0000-00","0","no battery","V"
"07/13/2019","06:46:07","9","default","116269760","OXY_CH9","39.156","min","289.904","μmol/L","Humid","19.075","deg","98687","µV","20.205","°C","1013.000","hPa","36.5","pmil","0","55.690","deg","20.000","°C","100.000","%a.s.","22.400","deg","20.000","°C","962.000","hPa","0.861","-0.02617","0.00035","0","0","13.56","Humid","35.35","0","78.50","295836.90","SABD0002000014","AAV2.0.0.13","3.0.1.1413","PSt7-10","180509-002","6/18/2019 6:15:17 AM","0000-00","0","no battery","V"
"07/13/2019","06:46:08","9","default","116269760","OXY_CH9","39.172","min","290.091","μmol/L","Humid","19.070","deg","98678","µV","20.199","°C","1013.000","hPa","36.5","pmil","0","55.690","deg","20.000","°C","100.000","%a.s.","22.400","deg","20.000","°C","962.000","hPa","0.861","-0.02617","0.00035","0","0","13.56","Humid","35.35","0","78.50","295841.75","SABD0002000014","AAV2.0.0.13","3.0.1.1413","PSt7-10","180509-002","6/18/2019 6:15:17 AM","0000-00","0","no battery","V"
"07/13/2019","06:46:09","9","default","116269760","OXY_CH9","39.189","min","290.064","μmol/L","Humid","19.071","deg","98662","µV","20.199","°C","1013.000","hPa","36.5","pmil","0","55.690","deg","20.000","°C","100.000","%a.s.","22.400","deg","20.000","°C","962.000","hPa","0.861","-0.02617","0.00035","0","0","13.56","Humid","35.35","0","78.50","295839.08","SABD0002000014","AAV2.0.0.13","3.0.1.1413","PSt7-10","180509-002","6/18/2019 6:15:17 AM","0000-00","0","no battery","V"
"07/13/2019","06:46:10","9","default","116269760","OXY_CH9","39.206","min","290.172","μmol/L","Humid","19.067","deg","98660","µV","20.199","°C","1013.000","hPa","36.5","pmil","0","55.690","deg","20.000","°C","100.000","%a.s.","22.400","deg","20.000","°C","962.000","hPa","0.861","-0.02617","0.00035","0","0","13.56","Humid","35.35","0","78.50","295843.75","SABD0002000014","AAV2.0.0.13","3.0.1.1413","PSt7-10","180509-002","6/18/2019 6:15:17 AM","0000-00","0","no battery","V"
"07/13/2019","06:46:11","9","default","116269760","OXY_CH9","39.222","min","290.145","μmol/L","Humid","19.068","deg","98660","µV","20.199","°C","1013.000","hPa","36.5","pmil","0","55.690","deg","20.000","°C","100.000","%a.s.","22.400","deg","20.000","°C","962.000","hPa","0.861","-0.02617","0.00035","0","0","13.56","Humid","35.35","0","78.50","295853.02","SABD0002000014","AAV2.0.0.13","3.0.1.1413","PSt7-10","180509-002","6/18/2019 6:15:17 AM","0000-00","0","no battery","V"
"07/13/2019","06:46:12","9","default","116269760","OXY_CH9","39.239","min","290.145","μmol/L","Humid","19.068","deg","98647","µV","20.199","°C","1013.000","hPa","36.5","pmil","0","55.690","deg","20.000","°C","100.000","%a.s.","22.400","deg","20.000","°C","962.000","hPa","0.861","-0.02617","0.00035","0","0","13.56","Humid","35.35","0","78.50","295837.97","SABD0002000014","AAV2.0.0.13","3.0.1.1413","PSt7-10","180509-002","6/18/2019 6:15:17 AM","0000-00","0","no battery","V"
"07/13/2019","06:46:13","9","default","116269760","OXY_CH9","39.255","min","290.281","μmol/L","Humid","19.063","deg","98637","µV","20.199","°C","1013.000","hPa","36.5","pmil","0","55.690","deg","20.000","°C","100.000","%a.s.","22.400","deg","20.000","°C","962.000","hPa","0.861","-0.02617","0.00035","0","0","13.56","Humid","35.35","0","78.50","295836.40","SABD0002000014","AAV2.0.0.13","3.0.1.1413","PSt7-10","180509-002","6/18/2019 6:15:17 AM","0000-00","0","no battery","V"
"07/13/2019","06:46:14","9","default","116269760","OXY_CH9","39.272","min","290.172","μmol/L","Humid","19.067","deg","98626","µV","20.199","°C","1013.000","hPa","36.5","pmil","0","55.690","deg","20.000","°C","100.000","%a.s.","22.400","deg","20.000","°C","962.000","hPa","0.861","-0.02617","0.00035","0","0","13.56","Humid","35.35","0","78.50","295835.93","SABD0002000014","AAV2.0.0.13","3.0.1.1413","PSt7-10","180509-002","6/18/2019 6:15:17 AM","0000-00","0","no battery","V"
"07/13/2019","06:46:15","9","default","116269760","OXY_CH9","39.289","min","290.281","μmol/L","Humid","19.063","deg","98623","µV","20.199","°C","1013.000","hPa","36.5","pmil","0","55.690","deg","20.000","°C","100.000","%a.s.","22.400","deg","20.000","°C","962.000","hPa","0.861","-0.02617","0.00035","0","0","13.56","Humid","35.35","0","78.50","295833.78","SABD0002000014","AAV2.0.0.13","3.0.1.1413","PSt7-10","180509-002","6/18/2019 6:15:17 AM","0000-00","0","no battery","V"
"07/13/2019","06:46:16","9","default","116269760","OXY_CH9","39.306","min","290.386","μmol/L","Humid","19.061","deg","98614","µV","20.193","°C","1013.000","hPa","36.5","pmil","0","55.690","deg","20.000","°C","100.000","%a.s.","22.400","deg","20.000","°C","962.000","hPa","0.861","-0.02617","0.00035","0","0","13.56","Humid","35.35","0","78.50","295837.78","SABD0002000014","AAV2.0.0.13","3.0.1.1413","PSt7-10","180509-002","6/18/2019 6:15:17 AM","0000-00","0","no battery","V"
"07/13/2019","06:46:17","9","default","116269760","OXY_CH9","39.322","min","290.362","μmol/L","Humid","19.060","deg","98606","µV","20.199","°C","1013.000","hPa","36.5","pmil","0","55.690","deg","20.000","°C","100.000","%a.s.","22.400","deg","20.000","°C","962.000","hPa","0.861","-0.02617","0.00035","0","0","13.56","Humid","35.35","0","78.50","295827.30","SABD0002000014","AAV2.0.0.13","3.0.1.1413","PSt7-10","180509-002","6/18/2019 6:15:17 AM","0000-00","0","no battery","V"
"07/13/2019","06:46:18","9","default","116269760","OXY_CH9","39.339","min","290.335","μmol/L","Humid","19.061","deg","98595","µV","20.199","°C","1013.000","hPa","36.5","pmil","0","55.690","deg","20.000","°C","100.000","%a.s.","22.400","deg","20.000","°C","962.000","hPa","0.861","-0.02617","0.00035","0","0","13.56","Humid","35.35","0","78.50","295832.71","SABD0002000014","AAV2.0.0.13","3.0.1.1413","PSt7-10","180509-002","6/18/2019 6:15:17 AM","0000-00","0","no battery","V"
"07/13/2019","06:46:19","9","default","116269760","OXY_CH9","39.355","min","290.416","μmol/L","Humid","19.058","deg","98592","µV","20.199","°C","1013.000","hPa","36.5","pmil","0","55.690","deg","20.000","°C","100.000","%a.s.","22.400","deg","20.000","°C","962.000","hPa","0.861","-0.02617","0.00035","0","0","13.56","Humid","35.35","0","78.50","295841.01","SABD0002000014","AAV2.0.0.13","3.0.1.1413","PSt7-10","180509-002","6/18/2019 6:15:17 AM","0000-00","0","no battery","V"
"07/13/2019","06:46:20","9","default","116269760","OXY_CH9","39.372","min","290.446","μmol/L","Humid","19.055","deg","98577","µV","20.205","°C","1013.000","hPa","36.5","pmil","0","55.690","deg","20.000","°C","100.000","%a.s.","22.400","deg","20.000","°C","962.000","hPa","0.861","-0.02617","0.00035","0","0","13.56","Humid","35.35","0","78.50","295827.80","SABD0002000014","AAV2.0.0.13","3.0.1.1413","PSt7-10","180509-002","6/18/2019 6:15:17 AM","0000-00","0","no battery","V"
"07/13/2019","06:46:21","9","default","116269760","OXY_CH9","39.389","min","290.419","μmol/L","Humid","19.056","deg","98571","µV","20.205","°C","1013.000","hPa","36.5","pmil","0","55.690","deg","20.000","°C","100.000","%a.s.","22.400","deg","20.000","°C","962.000","hPa","0.861","-0.02617","0.00035","0","0","13.56","Humid","35.35","0","78.50","295819.87","SABD0002000014","AAV2.0.0.13","3.0.1.1413","PSt7-10","180509-002","6/18/2019 6:15:17 AM","0000-00","0","no battery","V"
"07/13/2019","06:46:22","9","default","116269760","OXY_CH9","39.405","min","290.631","μmol/L","Humid","19.052","deg","98557","µV","20.193","°C","1013.000","hPa","36.5","pmil","0","55.690","deg","20.000","°C","100.000","%a.s.","22.400","deg","20.000","°C","962.000","hPa","0.861","-0.02617","0.00035","0","0","13.56","Humid","35.35","0","78.50","295812.53","SABD0002000014","AAV2.0.0.13","3.0.1.1413","PSt7-10","180509-002","6/18/2019 6:15:17 AM","0000-00","0","no battery","V"
"07/13/2019","06:46:23","9","default","116269760","OXY_CH9","39.422","min","290.525","μmol/L","Humid","19.054","deg","98561","µV","20.199","°C","1013.000","hPa","36.5","pmil","0","55.690","deg","20.000","°C","100.000","%a.s.","22.400","deg","20.000","°C","962.000","hPa","0.861","-0.02617","0.00035","0","0","13.56","Humid","35.35","0","78.50","295834.76","SABD0002000014","AAV2.0.0.13","3.0.1.1413","PSt7-10","180509-002","6/18/2019 6:15:17 AM","0000-00","0","no battery","V"
"07/13/2019","06:46:24","9","default","116269760","OXY_CH9","39.439","min","290.525","μmol/L","Humid","19.054","deg","98546","µV","20.199","°C","1013.000","hPa","36.5","pmil","0","55.690","deg","20.000","°C","100.000","%a.s.","22.400","deg","20.000","°C","962.000","hPa","0.861","-0.02617","0.00035","0","0","13.56","Humid","35.35","0","78.50","295823.08","SABD0002000014","AAV2.0.0.13","3.0.1.1413","PSt7-10","180509-002","6/18/2019 6:15:17 AM","0000-00","0","no battery","V"
"07/13/2019","06:46:25","9","default","116269760","OXY_CH9","39.455","min","290.821","μmol/L","Humid","19.045","deg","98542","µV","20.193","°C","1013.000","hPa","36.5","pmil","0","55.690","deg","20.000","°C","100.000","%a.s.","22.400","deg","20.000","°C","962.000","hPa","0.861","-0.02617","0.00035","0","0","13.56","Humid","35.35","0","78.50","295816.56","SABD0002000014","AAV2.0.0.13","3.0.1.1413","PSt7-10","180509-002","6/18/2019 6:15:17 AM","0000-00","0","no battery","V"
"07/13/2019","06:46:26","9","default","116269760","OXY_CH9","39.472","min","290.664","μmol/L","Humid","19.047","deg","98532","µV","20.205","°C","1013.000","hPa","36.5","pmil","0","55.690","deg","20.000","°C","100.000","%a.s.","22.400","deg","20.000","°C","962.000","hPa","0.861","-0.02617","0.00035","0","0","13.56","Humid","35.35","0","78.50","295846.22","SABD0002000014","AAV2.0.0.13","3.0.1.1413","PSt7-10","180509-002","6/18/2019 6:15:17 AM","0000-00","0","no battery","V"
"07/13/2019","06:46:27","9","default","116269760","OXY_CH9","39.489","min","290.827","μmol/L","Humid","19.041","deg","98524","µV","20.205","°C","1013.000","hPa","36.5","pmil","0","55.690","deg","20.000","°C","100.000","%a.s.","22.400","deg","20.000","°C","962.000","hPa","0.861","-0.02617","0.00035","0","0","13.56","Humid","35.35","0","78.50","295831.71","SABD0002000014","AAV2.0.0.13","3.0.1.1413","PSt7-10","180509-002","6/18/2019 6:15:17 AM","0000-00","0","no battery","V"
"07/13/2019","06:46:28","9","default","116269760","OXY_CH9","39.505","min","290.957","μmol/L","Humid","19.040","deg","98505","µV","20.193","°C","1013.000","hPa","36.5","pmil","0","55.690","deg","20.000","°C","100.000","%a.s.","22.400","deg","20.000","°C","962.000","hPa","0.861","-0.02617","0.00035","0","0","13.56","Humid","35.35","0","78.50","295832.77","SABD0002000014","AAV2.0.0.13","3.0.1.1413","PSt7-10","180509-002","6/18/2019 6:15:17 AM","0000-00","0","no battery","V"
"07/13/2019","06:46:29","9","default","116269760","OXY_CH9","39.523","min","290.797","μmol/L","Humid","19.044","deg","98498","µV","20.199","°C","1013.000","hPa","36.5","pmil","0","55.690","deg","20.000","°C","100.000","%a.s.","22.400","deg","20.000","°C","962.000","hPa","0.861","-0.02617","0.00035","0","0","13.56","Humid","35.35","0","78.50","295827.14","SABD0002000014","AAV2.0.0.13","3.0.1.1413","PSt7-10","180509-002","6/18/2019 6:15:17 AM","0000-00","0","no battery","V"
"07/13/2019","06:46:30","9","default","116269760","OXY_CH9","39.539","min","290.827","μmol/L","Humid","19.041","deg","98493","µV","20.205","°C","1013.000","hPa","36.5","pmil","0","55.690","deg","20.000","°C","100.000","%a.s.","22.400","deg","20.000","°C","962.000","hPa","0.861","-0.02617","0.00035","0","0","13.56","Humid","35.35","0","78.50","295834.47","SABD0002000014","AAV2.0.0.13","3.0.1.1413","PSt7-10","180509-002","6/18/2019 6:15:17 AM","0000-00","0","no battery","V"
"07/13/2019","06:46:31","9","default","116269760","OXY_CH9","39.555","min","290.851","μmol/L","Humid","19.042","deg","98493","µV","20.199","°C","1013.000","hPa","36.5","pmil","0","55.690","deg","20.000","°C","100.000","%a.s.","22.400","deg","20.000","°C","962.000","hPa","0.861","-0.02617","0.00035","0","0","13.56","Humid","35.35","0","78.50","295839.40","SABD0002000014","AAV2.0.0.13","3.0.1.1413","PSt7-10","180509-002","6/18/2019 6:15:17 AM","0000-00","0","no battery","V"
"07/13/2019","06:46:32","9","default","116269760","OXY_CH9","39.572","min","290.851","μmol/L","Humid","19.042","deg","98473","µV","20.199","°C","1013.000","hPa","36.5","pmil","0","55.690","deg","20.000","°C","100.000","%a.s.","22.400","deg","20.000","°C","962.000","hPa","0.861","-0.02617","0.00035","0","0","13.56","Humid","35.35","0","78.50","295824.10","SABD0002000014","AAV2.0.0.13","3.0.1.1413","PSt7-10","180509-002","6/18/2019 6:15:17 AM","0000-00","0","no battery","V"
"07/13/2019","06:46:33","9","default","116269760","OXY_CH9","39.589","min","290.960","μmol/L","Humid","19.038","deg","98466","µV","20.199","°C","1013.000","hPa","36.5","pmil","0","55.690","deg","20.000","°C","100.000","%a.s.","22.400","deg","20.000","°C","962.000","hPa","0.861","-0.02617","0.00035","0","0","13.56","Humid","35.35","0","78.50","295828.60","SABD0002000014","AAV2.0.0.13","3.0.1.1413","PSt7-10","180509-002","6/18/2019 6:15:17 AM","0000-00","0","no battery","V"
"07/13/2019","06:46:34","9","default","116269760","OXY_CH9","39.605","min","291.014","μmol/L","Humid","19.036","deg","98459","µV","20.199","°C","1013.000","hPa","36.5","pmil","0","55.690","deg","20.000","°C","100.000","%a.s.","22.400","deg","20.000","°C","962.000","hPa","0.861","-0.02617","0.00035","0","0","13.56","Humid","35.35","0","78.50","295836.07","SABD0002000014","AAV2.0.0.13","3.0.1.1413","PSt7-10","180509-002","6/18/2019 6:15:17 AM","0000-00","0","no battery","V"
"07/13/2019","06:46:35","9","default","116269760","OXY_CH9","39.622","min","291.017","μmol/L","Humid","19.034","deg","98452","µV","20.205","°C","1013.000","hPa","36.5","pmil","0","55.690","deg","20.000","°C","100.000","%a.s.","22.400","deg","20.000","°C","962.000","hPa","0.861","-0.02617","0.00035","0","0","13.56","Humid","35.35","0","78.50","295833.88","SABD0002000014","AAV2.0.0.13","3.0.1.1413","PSt7-10","180509-002","6/18/2019 6:15:17 AM","0000-00","0","no battery","V"
"07/13/2019","06:46:36","9","default","116269760","OXY_CH9","39.639","min","290.960","μmol/L","Humid","19.038","deg","98452","µV","20.199","°C","1013.000","hPa","36.5","pmil","0","55.690","deg","20.000","°C","100.000","%a.s.","22.400","deg","20.000","°C","962.000","hPa","0.861","-0.02617","0.00035","0","0","13.56","Humid","35.35","0","78.50","295824.12","SABD0002000014","AAV2.0.0.13","3.0.1.1413","PSt7-10","180509-002","6/18/2019 6:15:17 AM","0000-00","0","no battery","V"
"07/13/2019","06:46:37","9","default","116269760","OXY_CH9","39.655","min","291.044","μmol/L","Humid","19.033","deg","98440","µV","20.205","°C","1013.000","hPa","36.5","pmil","0","55.690","deg","20.000","°C","100.000","%a.s.","22.400","deg","20.000","°C","962.000","hPa","0.861","-0.02617","0.00035","0","0","13.56","Humid","35.35","0","78.50","295819.56","SABD0002000014","AAV2.0.0.13","3.0.1.1413","PSt7-10","180509-002","6/18/2019 6:15:17 AM","0000-00","0","no battery","V"
"07/13/2019","06:46:38","9","default","116269760","OXY_CH9","39.672","min","291.205","μmol/L","Humid","19.029","deg","98437","µV","20.199","°C","1013.000","hPa","36.5","pmil","0","55.690","deg","20.000","°C","100.000","%a.s.","22.400","deg","20.000","°C","962.000","hPa","0.861","-0.02617","0.00035","0","0","13.56","Humid","35.35","0","78.50","295837.26","SABD0002000014","AAV2.0.0.13","3.0.1.1413","PSt7-10","180509-002","6/18/2019 6:15:17 AM","0000-00","0","no battery","V"
"07/13/2019","06:46:39","9","default","116269760","OXY_CH9","39.689","min","291.178","μmol/L","Humid","19.030","deg","98426","µV","20.199","°C","1013.000","hPa","36.5","pmil","0","55.690","deg","20.000","°C","100.000","%a.s.","22.400","deg","20.000","°C","962.000","hPa","0.861","-0.02617","0.00035","0","0","13.56","Humid","35.35","0","78.50","295829.42","SABD0002000014","AAV2.0.0.13","3.0.1.1413","PSt7-10","180509-002","6/18/2019 6:15:17 AM","0000-00","0","no battery","V"
"07/13/2019","06:46:40","9","default","116269760","OXY_CH9","39.705","min","291.153","μmol/L","Humid","19.029","deg","98417","µV","20.205","°C","1013.000","hPa","36.5","pmil","0","55.690","deg","20.000","°C","100.000","%a.s.","22.400","deg","20.000","°C","962.000","hPa","0.861","-0.02617","0.00035","0","0","13.56","Humid","35.35","0","78.50","295819.66","SABD0002000014","AAV2.0.0.13","3.0.1.1413","PSt7-10","180509-002","6/18/2019 6:15:17 AM","0000-00","0","no battery","V"
"07/13/2019","06:46:41","9","default","116269760","OXY_CH9","39.722","min","291.181","μmol/L","Humid","19.028","deg","98415","µV","20.205","°C","1013.000","hPa","36.5","pmil","0","55.690","deg","20.000","°C","100.000","%a.s.","22.400","deg","20.000","°C","962.000","hPa","0.861","-0.02617","0.00035","0","0","13.56","Humid","35.35","0","78.50","295830.67","SABD0002000014","AAV2.0.0.13","3.0.1.1413","PSt7-10","180509-002","6/18/2019 6:15:17 AM","0000-00","0","no battery","V"
"07/13/2019","06:46:42","9","default","116269760","OXY_CH9","39.739","min","291.259","μmol/L","Humid","19.027","deg","98407","µV","20.199","°C","1013.000","hPa","36.5","pmil","0","55.690","deg","20.000","°C","100.000","%a.s.","22.400","deg","20.000","°C","962.000","hPa","0.861","-0.02617","0.00035","0","0","13.56","Humid","35.35","0","78.50","295836.44","SABD0002000014","AAV2.0.0.13","3.0.1.1413","PSt7-10","180509-002","6/18/2019 6:15:17 AM","0000-00","0","no battery","V"
"07/13/2019","06:46:43","9","default","116269760","OXY_CH9","39.756","min","291.126","μmol/L","Humid","19.030","deg","98400","µV","20.205","°C","1013.000","hPa","36.5","pmil","0","55.690","deg","20.000","°C","100.000","%a.s.","22.400","deg","20.000","°C","962.000","hPa","0.861","-0.02617","0.00035","0","0","13.56","Humid","35.35","0","78.50","295829.42","SABD0002000014","AAV2.0.0.13","3.0.1.1413","PSt7-10","180509-002","6/18/2019 6:15:17 AM","0000-00","0","no battery","V"
"07/13/2019","06:46:44","9","default","116269760","OXY_CH9","39.773","min","291.396","μmol/L","Humid","19.022","deg","98380","µV","20.199","°C","1013.000","hPa","36.5","pmil","0","55.690","deg","20.000","°C","100.000","%a.s.","22.400","deg","20.000","°C","962.000","hPa","0.861","-0.02617","0.00035","0","0","13.56","Humid","35.35","0","78.50","295822.35","SABD0002000014","AAV2.0.0.13","3.0.1.1413","PSt7-10","180509-002","6/18/2019 6:15:17 AM","0000-00","0","no battery","V"
"07/13/2019","06:46:45","9","default","116269760","OXY_CH9","39.789","min","291.371","μmol/L","Humid","19.021","deg","98379","µV","20.205","°C","1013.000","hPa","36.5","pmil","0","55.690","deg","20.000","°C","100.000","%a.s.","22.400","deg","20.000","°C","962.000","hPa","0.861","-0.02617","0.00035","0","0","13.56","Humid","35.35","0","78.50","295825.64","SABD0002000014","AAV2.0.0.13","3.0.1.1413","PSt7-10","180509-002","6/18/2019 6:15:17 AM","0000-00","0","no battery","V"
"07/13/2019","06:46:46","9","default","116269760","OXY_CH9","39.806","min","291.265","μmol/L","Humid","19.023","deg","98372","µV","20.211","°C","1013.000","hPa","36.5","pmil","0","55.690","deg","20.000","°C","100.000","%a.s.","22.400","deg","20.000","°C","962.000","hPa","0.861","-0.02617","0.00035","0","0","13.56","Humid","35.35","0","78.50","295826.73","SABD0002000014","AAV2.0.0.13","3.0.1.1413","PSt7-10","180509-002","6/18/2019 6:15:17 AM","0000-00","0","no battery","V"
"07/13/2019","06:46:47","9","default","116269760","OXY_CH9","39.823","min","291.211","μmol/L","Humid","19.025","deg","98367","µV","20.211","°C","1013.000","hPa","36.5","pmil","0","55.690","deg","20.000","°C","100.000","%a.s.","22.400","deg","20.000","°C","962.000","hPa","0.861","-0.02617","0.00035","0","0","13.56","Humid","35.35","0","78.50","295848.51","SABD0002000014","AAV2.0.0.13","3.0.1.1413","PSt7-10","180509-002","6/18/2019 6:15:17 AM","0000-00","0","no battery","V"
"07/13/2019","06:46:48","9","default","116269760","OXY_CH9","39.839","min","291.450","μmol/L","Humid","19.020","deg","98354","µV","20.199","°C","1013.000","hPa","36.5","pmil","0","55.690","deg","20.000","°C","100.000","%a.s.","22.400","deg","20.000","°C","962.000","hPa","0.861","-0.02617","0.00035","0","0","13.56","Humid","35.35","0","78.50","295826.01","SABD0002000014","AAV2.0.0.13","3.0.1.1413","PSt7-10","180509-002","6/18/2019 6:15:17 AM","0000-00","0","no battery","V"
"07/13/2019","06:46:49","9","default","116269760","OXY_CH9","39.856","min","291.559","μmol/L","Humid","19.016","deg","98345","µV","20.199","°C","1013.000","hPa","36.5","pmil","0","55.690","deg","20.000","°C","100.000","%a.s.","22.400","deg","20.000","°C","962.000","hPa","0.861","-0.02617","0.00035","0","0","13.56","Humid","35.35","0","78.50","295832.19","SABD0002000014","AAV2.0.0.13","3.0.1.1413","PSt7-10","180509-002","6/18/2019 6:15:17 AM","0000-00","0","no battery","V"
"07/13/2019","06:46:50","9","default","116269760","OXY_CH9","39.872","min","291.480","μmol/L","Humid","19.017","deg","98333","µV","20.205","°C","1013.000","hPa","36.5","pmil","0","55.690","deg","20.000","°C","100.000","%a.s.","22.400","deg","20.000","°C","962.000","hPa","0.861","-0.02617","0.00035","0","0","13.56","Humid","35.35","0","78.50","295825.62","SABD0002000014","AAV2.0.0.13","3.0.1.1413","PSt7-10","180509-002","6/18/2019 6:15:17 AM","0000-00","0","no battery","V"
"07/13/2019","06:46:51","9","default","116269760","OXY_CH9","39.889","min","291.532","μmol/L","Humid","19.017","deg","98332","µV","20.199","°C","1013.000","hPa","36.5","pmil","0","55.690","deg","20.000","°C","100.000","%a.s.","22.400","deg","20.000","°C","962.000","hPa","0.861","-0.02617","0.00035","0","0","13.56","Humid","35.35","0","78.50","295840.56","SABD0002000014","AAV2.0.0.13","3.0.1.1413","PSt7-10","180509-002","6/18/2019 6:15:17 AM","0000-00","0","no battery","V"
"07/13/2019","06:46:52","9","default","116269760","OXY_CH9","39.906","min","291.535","μmol/L","Humid","19.015","deg","98322","µV","20.205","°C","1013.000","hPa","36.5","pmil","0","55.690","deg","20.000","°C","100.000","%a.s.","22.400","deg","20.000","°C","962.000","hPa","0.861","-0.02617","0.00035","0","0","13.56","Humid","35.35","0","78.50","295838.70","SABD0002000014","AAV2.0.0.13","3.0.1.1413","PSt7-10","180509-002","6/18/2019 6:15:17 AM","0000-00","0","no battery","V"
"07/13/2019","06:46:53","9","default","116269760","OXY_CH9","39.922","min","291.641","μmol/L","Humid","19.013","deg","98304","µV","20.199","°C","1013.000","hPa","36.5","pmil","0","55.690","deg","20.000","°C","100.000","%a.s.","22.400","deg","20.000","°C","962.000","hPa","0.861","-0.02617","0.00035","0","0","13.56","Humid","35.35","0","78.50","295837.37","SABD0002000014","AAV2.0.0.13","3.0.1.1413","PSt7-10","180509-002","6/18/2019 6:15:17 AM","0000-00","0","no battery","V"
"07/13/2019","06:46:54","9","default","116269760","OXY_CH9","39.939","min","291.668","μmol/L","Humid","19.012","deg","98292","µV","20.199","°C","1013.000","hPa","36.5","pmil","0","55.690","deg","20.000","°C","100.000","%a.s.","22.400","deg","20.000","°C","962.000","hPa","0.861","-0.02617","0.00035","0","0","13.56","Humid","35.35","0","78.50","295827.93","SABD0002000014","AAV2.0.0.13","3.0.1.1413","PSt7-10","180509-002","6/18/2019 6:15:17 AM","0000-00","0","no battery","V"
"07/13/2019","06:46:55","9","default","116269760","OXY_CH9","39.955","min","291.805","μmol/L","Humid","19.007","deg","98283","µV","20.199","°C","1013.000","hPa","36.5","pmil","0","55.690","deg","20.000","°C","100.000","%a.s.","22.400","deg","20.000","°C","962.000","hPa","0.861","-0.02617","0.00035","0","0","13.56","Humid","35.35","0","78.50","295832.18","SABD0002000014","AAV2.0.0.13","3.0.1.1413","PSt7-10","180509-002","6/18/2019 6:15:17 AM","0000-00","0","no battery","V"
"07/13/2019","06:46:56","9","default","116269760","OXY_CH9","39.972","min","291.753","μmol/L","Humid","19.007","deg","98279","µV","20.205","°C","1013.000","hPa","36.5","pmil","0","55.690","deg","20.000","°C","100.000","%a.s.","22.400","deg","20.000","°C","962.000","hPa","0.861","-0.02617","0.00035","0","0","13.56","Humid","35.35","0","78.50","295838.56","SABD0002000014","AAV2.0.0.13","3.0.1.1413","PSt7-10","180509-002","6/18/2019 6:15:17 AM","0000-00","0","no battery","V"
"07/13/2019","06:46:57","9","default","116269760","OXY_CH9","39.989","min","291.729","μmol/L","Humid","19.006","deg","98267","µV","20.211","°C","1013.000","hPa","36.5","pmil","0","55.690","deg","20.000","°C","100.000","%a.s.","22.400","deg","20.000","°C","962.000","hPa","0.861","-0.02617","0.00035","0","0","13.56","Humid","35.35","0","78.50","295823.42","SABD0002000014","AAV2.0.0.13","3.0.1.1413","PSt7-10","180509-002","6/18/2019 6:15:17 AM","0000-00","0","no battery","V"
"07/13/2019","06:46:58","9","default","116269760","OXY_CH9","40.005","min","291.945","μmol/L","Humid","19.000","deg","98260","µV","20.205","°C","1013.000","hPa","36.5","pmil","0","55.690","deg","20.000","°C","100.000","%a.s.","22.400","deg","20.000","°C","962.000","hPa","0.861","-0.02617","0.00035","0","0","13.56","Humid","35.35","0","78.50","295840.53","SABD0002000014","AAV2.0.0.13","3.0.1.1413","PSt7-10","180509-002","6/18/2019 6:15:17 AM","0000-00","0","no battery","V"
"07/13/2019","06:46:59","9","default","116269760","OXY_CH9","40.022","min","291.838","μmol/L","Humid","19.002","deg","98252","µV","20.211","°C","1013.000","hPa","36.5","pmil","0","55.690","deg","20.000","°C","100.000","%a.s.","22.400","deg","20.000","°C","962.000","hPa","0.861","-0.02617","0.00035","0","0","13.56","Humid","35.35","0","78.50","295833.23","SABD0002000014","AAV2.0.0.13","3.0.1.1413","PSt7-10","180509-002","6/18/2019 6:15:17 AM","0000-00","0","no battery","V"
"07/13/2019","06:47:00","9","default","116269760","OXY_CH9","40.039","min","291.917","μmol/L","Humid","19.001","deg","98243","µV","20.205","°C","1013.000","hPa","36.5","pmil","0","55.690","deg","20.000","°C","100.000","%a.s.","22.400","deg","20.000","°C","962.000","hPa","0.861","-0.02617","0.00035","0","0","13.56","Humid","35.35","0","78.50","295832.15","SABD0002000014","AAV2.0.0.13","3.0.1.1413","PSt7-10","180509-002","6/18/2019 6:15:17 AM","0000-00","0","no battery","V"
"07/13/2019","06:47:01","9","default","116269760","OXY_CH9","40.055","min","291.999","μmol/L","Humid","18.998","deg","98237","µV","20.205","°C","1013.000","hPa","36.5","pmil","0","55.690","deg","20.000","°C","100.000","%a.s.","22.400","deg","20.000","°C","962.000","hPa","0.861","-0.02617","0.00035","0","0","13.56","Humid","35.35","0","78.50","295849.28","SABD0002000014","AAV2.0.0.13","3.0.1.1413","PSt7-10","180509-002","6/18/2019 6:15:17 AM","0000-00","0","no battery","V"
"07/13/2019","06:47:02","9","default","116269760","OXY_CH9","40.072","min","292.027","μmol/L","Humid","18.997","deg","98239","µV","20.205","°C","1013.000","hPa","36.5","pmil","0","55.690","deg","20.000","°C","100.000","%a.s.","22.400","deg","20.000","°C","962.000","hPa","0.861","-0.02617","0.00035","0","0","13.56","Humid","35.35","0","78.50","295843.43","SABD0002000014","AAV2.0.0.13","3.0.1.1413","PSt7-10","180509-002","6/18/2019 6:15:17 AM","0000-00","0","no battery","V"
"07/13/2019","06:47:03","9","default","116269760","OXY_CH9","40.089","min","291.945","μmol/L","Humid","19.000","deg","98232","µV","20.205","°C","1013.000","hPa","36.5","pmil","0","55.690","deg","20.000","°C","100.000","%a.s.","22.400","deg","20.000","°C","962.000","hPa","0.861","-0.02617","0.00035","0","0","13.56","Humid","35.35","0","78.50","295849.34","SABD0002000014","AAV2.0.0.13","3.0.1.1413","PSt7-10","180509-002","6/18/2019 6:15:17 AM","0000-00","0","no battery","V"
"07/13/2019","06:47:04","9","default","116269760","OXY_CH9","40.105","min","292.109","μmol/L","Humid","18.994","deg","98215","µV","20.205","°C","1013.000","hPa","36.5","pmil","0","55.690","deg","20.000","°C","100.000","%a.s.","22.400","deg","20.000","°C","962.000","hPa","0.861","-0.02617","0.00035","0","0","13.56","Humid","35.35","0","78.50","295834.60","SABD0002000014","AAV2.0.0.13","3.0.1.1413","PSt7-10","180509-002","6/18/2019 6:15:17 AM","0000-00","0","no battery","V"
"07/13/2019","06:47:05","9","default","116269760","OXY_CH9","40.122","min","292.084","μmol/L","Humid","18.993","deg","98205","µV","20.211","°C","1013.000","hPa","36.5","pmil","0","55.690","deg","20.000","°C","100.000","%a.s.","22.400","deg","20.000","°C","962.000","hPa","0.861","-0.02617","0.00035","0","0","13.56","Humid","35.35","0","78.50","295845.07","SABD0002000014","AAV2.0.0.13","3.0.1.1413","PSt7-10","180509-002","6/18/2019 6:15:17 AM","0000-00","0","no battery","V"
"07/13/2019","06:47:06","9","default","116269760","OXY_CH9","40.139","min","292.027","μmol/L","Humid","18.997","deg","98194","µV","20.205","°C","1013.000","hPa","36.5","pmil","0","55.690","deg","20.000","°C","100.000","%a.s.","22.400","deg","20.000","°C","962.000","hPa","0.861","-0.02617","0.00035","0","0","13.56","Humid","35.35","0","78.50","295837.75","SABD0002000014","AAV2.0.0.13","3.0.1.1413","PSt7-10","180509-002","6/18/2019 6:15:17 AM","0000-00","0","no battery","V"
"07/13/2019","06:47:07","9","default","116269760","OXY_CH9","40.156","min","292.033","μmol/L","Humid","18.993","deg","98189","µV","20.217","°C","1013.000","hPa","36.5","pmil","0","55.690","deg","20.000","°C","100.000","%a.s.","22.400","deg","20.000","°C","962.000","hPa","0.861","-0.02617","0.00035","0","0","13.56","Humid","35.35","0","78.50","295845.95","SABD0002000014","AAV2.0.0.13","3.0.1.1413","PSt7-10","180509-002","6/18/2019 6:15:17 AM","0000-00","0","no battery","V"
"07/13/2019","06:47:08","9","default","116269760","OXY_CH9","40.172","min","292.163","μmol/L","Humid","18.992","deg","98180","µV","20.205","°C","1013.000","hPa","36.5","pmil","0","55.690","deg","20.000","°C","100.000","%a.s.","22.400","deg","20.000","°C","962.000","hPa","0.861","-0.02617","0.00035","0","0","13.56","Humid","35.35","0","78.50","295826.29","SABD0002000014","AAV2.0.0.13","3.0.1.1413","PSt7-10","180509-002","6/18/2019 6:15:17 AM","0000-00","0","no battery","V"
"07/13/2019","06:47:09","9","default","116269760","OXY_CH9","40.189","min","292.218","μmol/L","Humid","18.990","deg","98164","µV","20.205","°C","1013.000","hPa","36.5","pmil","0","55.690","deg","20.000","°C","100.000","%a.s.","22.400","deg","20.000","°C","962.000","hPa","0.861","-0.02617","0.00035","0","0","13.56","Humid","35.35","0","78.50","295841.08","SABD0002000014","AAV2.0.0.13","3.0.1.1413","PSt7-10","180509-002","6/18/2019 6:15:17 AM","0000-00","0","no battery","V"
"07/13/2019","06:47:10","9","default","116269760","OXY_CH9","40.205","min","292.194","μmol/L","Humid","18.989","deg","98161","µV","20.211","°C","1013.000","hPa","36.5","pmil","0","55.690","deg","20.000","°C","100.000","%a.s.","22.400","deg","20.000","°C","962.000","hPa","0.861","-0.02617","0.00035","0","0","13.56","Humid","35.35","0","78.50","295831.15","SABD0002000014","AAV2.0.0.13","3.0.1.1413","PSt7-10","180509-002","6/18/2019 6:15:17 AM","0000-00","0","no battery","V"
"07/13/2019","06:47:11","9","default","116269760","OXY_CH9","40.222","min","292.407","μmol/L","Humid","18.985","deg","98148","µV","20.199","°C","1013.000","hPa","36.5","pmil","0","55.690","deg","20.000","°C","100.000","%a.s.","22.400","deg","20.000","°C","962.000","hPa","0.861","-0.02617","0.00035","0","0","13.56","Humid","35.35","0","78.50","295830.24","SABD0002000014","AAV2.0.0.13","3.0.1.1413","PSt7-10","180509-002","6/18/2019 6:15:17 AM","0000-00","0","no battery","V"
"07/13/2019","06:47:12","9","default","116269760","OXY_CH9","40.239","min","292.355","μmol/L","Humid","18.985","deg","98149","µV","20.205","°C","1013.000","hPa","36.5","pmil","0","55.690","deg","20.000","°C","100.000","%a.s.","22.400","deg","20.000","°C","962.000","hPa","0.861","-0.02617","0.00035","0","0","13.56","Humid","35.35","0","78.50","295837.18","SABD0002000014","AAV2.0.0.13","3.0.1.1413","PSt7-10","180509-002","6/18/2019 6:15:17 AM","0000-00","0","no battery","V"
"07/13/2019","06:47:13","9","default","116269760","OXY_CH9","40.256","min","292.544","μmol/L","Humid","18.980","deg","98142","µV","20.199","°C","1013.000","hPa","36.5","pmil","0","55.690","deg","20.000","°C","100.000","%a.s.","22.400","deg","20.000","°C","962.000","hPa","0.861","-0.02617","0.00035","0","0","13.56","Humid","35.35","0","78.50","295830.82","SABD0002000014","AAV2.0.0.13","3.0.1.1413","PSt7-10","180509-002","6/18/2019 6:15:17 AM","0000-00","0","no battery","V"
"07/13/2019","06:47:14","9","default","116269760","OXY_CH9","40.273","min","292.516","μmol/L","Humid","18.981","deg","98133","µV","20.199","°C","1013.000","hPa","36.5","pmil","0","55.690","deg","20.000","°C","100.000","%a.s.","22.400","deg","20.000","°C","962.000","hPa","0.861","-0.02617","0.00035","0","0","13.56","Humid","35.35","0","78.50","295840.63","SABD0002000014","AAV2.0.0.13","3.0.1.1413","PSt7-10","180509-002","6/18/2019 6:15:17 AM","0000-00","0","no battery","V"
"07/13/2019","06:47:15","9","default","116269760","OXY_CH9","40.289","min","292.516","μmol/L","Humid","18.981","deg","98128","µV","20.199","°C","1013.000","hPa","36.5","pmil","0","55.690","deg","20.000","°C","100.000","%a.s.","22.400","deg","20.000","°C","962.000","hPa","0.861","-0.02617","0.00035","0","0","13.56","Humid","35.35","0","78.50","295832.59","SABD0002000014","AAV2.0.0.13","3.0.1.1413","PSt7-10","180509-002","6/18/2019 6:15:17 AM","0000-00","0","no battery","V"
"07/13/2019","06:47:16","9","default","116269760","OXY_CH9","40.306","min","292.547","μmol/L","Humid","18.978","deg","98125","µV","20.205","°C","1013.000","hPa","36.5","pmil","0","55.690","deg","20.000","°C","100.000","%a.s.","22.400","deg","20.000","°C","962.000","hPa","0.861","-0.02617","0.00035","0","0","13.56","Humid","35.35","0","78.50","295837.01","SABD0002000014","AAV2.0.0.13","3.0.1.1413","PSt7-10","180509-002","6/18/2019 6:15:17 AM","0000-00","0","no battery","V"
"07/13/2019","06:47:17","9","default","116269760","OXY_CH9","40.323","min","292.547","μmol/L","Humid","18.978","deg","98108","µV","20.205","°C","1013.000","hPa","36.5","pmil","0","55.690","deg","20.000","°C","100.000","%a.s.","22.400","deg","20.000","°C","962.000","hPa","0.861","-0.02617","0.00035","0","0","13.56","Humid","35.35","0","78.50","295847.49","SABD0002000014","AAV2.0.0.13","3.0.1.1413","PSt7-10","180509-002","6/18/2019 6:15:17 AM","0000-00","0","no battery","V"
"07/13/2019","06:47:18","9","default","116269760","OXY_CH9","40.339","min","292.681","μmol/L","Humid","18.975","deg","98099","µV","20.199","°C","1013.000","hPa","36.5","pmil","0","55.690","deg","20.000","°C","100.000","%a.s.","22.400","deg","20.000","°C","962.000","hPa","0.861","-0.02617","0.00035","0","0","13.56","Humid","35.35","0","78.50","295834.11","SABD0002000014","AAV2.0.0.13","3.0.1.1413","PSt7-10","180509-002","6/18/2019 6:15:17 AM","0000-00","0","no battery","V"
"07/13/2019","06:47:19","9","default","116269760","OXY_CH9","40.356","min","292.598","μmol/L","Humid","18.978","deg","98090","µV","20.199","°C","1013.000","hPa","36.5","pmil","0","55.690","deg","20.000","°C","100.000","%a.s.","22.400","deg","20.000","°C","962.000","hPa","0.861","-0.02617","0.00035","0","0","13.56","Humid","35.35","0","78.50","295837.91","SABD0002000014","AAV2.0.0.13","3.0.1.1413","PSt7-10","180509-002","6/18/2019 6:15:17 AM","0000-00","0","no battery","V"
"07/13/2019","06:47:20","9","default","116269760","OXY_CH9","40.372","min","292.656","μmol/L","Humid","18.974","deg","98079","µV","20.205","°C","1013.000","hPa","36.5","pmil","0","55.690","deg","20.000","°C","100.000","%a.s.","22.400","deg","20.000","°C","962.000","hPa","0.861","-0.02617","0.00035","0","0","13.56","Humid","35.35","0","78.50","295820.23","SABD0002000014","AAV2.0.0.13","3.0.1.1413","PSt7-10","180509-002","6/18/2019 6:15:17 AM","0000-00","0","no battery","V"
"07/13/2019","06:47:21","9","default","116269760","OXY_CH9","40.389","min","292.763","μmol/L","Humid","18.972","deg","98079","µV","20.199","°C","1013.000","hPa","36.5","pmil","0","55.690","deg","20.000","°C","100.000","%a.s.","22.400","deg","20.000","°C","962.000","hPa","0.861","-0.02617","0.00035","0","0","13.56","Humid","35.35","0","78.50","295838.51","SABD0002000014","AAV2.0.0.13","3.0.1.1413","PSt7-10","180509-002","6/18/2019 6:15:17 AM","0000-00","0","no battery","V"
"07/13/2019","06:47:22","9","default","116269760","OXY_CH9","40.406","min","292.794","μmol/L","Humid","18.969","deg","98068","µV","20.205","°C","1013.000","hPa","36.5","pmil","0","55.690","deg","20.000","°C","100.000","%a.s.","22.400","deg","20.000","°C","962.000","hPa","0.861","-0.02617","0.00035","0","0","13.56","Humid","35.35","0","78.50","295849.14","SABD0002000014","AAV2.0.0.13","3.0.1.1413","PSt7-10","180509-002","6/18/2019 6:15:17 AM","0000-00","0","no battery","V"
"07/13/2019","06:47:23","9","default","116269760","OXY_CH9","40.422","min","292.821","μmol/L","Humid","18.968","deg","98056","µV","20.205","°C","1013.000","hPa","36.5","pmil","0","55.690","deg","20.000","°C","100.000","%a.s.","22.400","deg","20.000","°C","962.000","hPa","0.861","-0.02617","0.00035","0","0","13.56","Humid","35.35","0","78.50","295840.41","SABD0002000014","AAV2.0.0.13","3.0.1.1413","PSt7-10","180509-002","6/18/2019 6:15:17 AM","0000-00","0","no battery","V"
"07/13/2019","06:47:24","9","default","116269760","OXY_CH9","40.439","min","292.848","μmol/L","Humid","18.967","deg","98045","µV","20.205","°C","1013.000","hPa","36.5","pmil","0","55.690","deg","20.000","°C","100.000","%a.s.","22.400","deg","20.000","°C","962.000","hPa","0.861","-0.02617","0.00035","0","0","13.56","Humid","35.35","0","78.50","295834.17","SABD0002000014","AAV2.0.0.13","3.0.1.1413","PSt7-10","180509-002","6/18/2019 6:15:17 AM","0000-00","0","no battery","V"
"07/13/2019","06:47:25","9","default","116269760","OXY_CH9","40.455","min","292.848","μmol/L","Humid","18.967","deg","98038","µV","20.205","°C","1013.000","hPa","36.5","pmil","0","55.690","deg","20.000","°C","100.000","%a.s.","22.400","deg","20.000","°C","962.000","hPa","0.861","-0.02617","0.00035","0","0","13.56","Humid","35.35","0","78.50","295835.20","SABD0002000014","AAV2.0.0.13","3.0.1.1413","PSt7-10","180509-002","6/18/2019 6:15:17 AM","0000-00","0","no battery","V"
"07/13/2019","06:47:26","9","default","116269760","OXY_CH9","40.472","min","292.824","μmol/L","Humid","18.966","deg","98029","µV","20.211","°C","1013.000","hPa","36.5","pmil","0","55.690","deg","20.000","°C","100.000","%a.s.","22.400","deg","20.000","°C","962.000","hPa","0.861","-0.02617","0.00035","0","0","13.56","Humid","35.35","0","78.50","295843.30","SABD0002000014","AAV2.0.0.13","3.0.1.1413","PSt7-10","180509-002","6/18/2019 6:15:17 AM","0000-00","0","no battery","V"
"07/13/2019","06:47:27","9","default","116269760","OXY_CH9","40.489","min","292.928","μmol/L","Humid","18.966","deg","98014","µV","20.199","°C","1013.000","hPa","36.5","pmil","0","55.690","deg","20.000","°C","100.000","%a.s.","22.400","deg","20.000","°C","962.000","hPa","0.861","-0.02617","0.00035","0","0","13.56","Humid","35.35","0","78.50","295822.42","SABD0002000014","AAV2.0.0.13","3.0.1.1413","PSt7-10","180509-002","6/18/2019 6:15:17 AM","0000-00","0","no battery","V"
"07/13/2019","06:47:28","9","default","116269760","OXY_CH9","40.506","min","292.903","μmol/L","Humid","18.965","deg","98016","µV","20.205","°C","1013.000","hPa","36.5","pmil","0","55.690","deg","20.000","°C","100.000","%a.s.","22.400","deg","20.000","°C","962.000","hPa","0.861","-0.02617","0.00035","0","0","13.56","Humid","35.35","0","78.50","295831.74","SABD0002000014","AAV2.0.0.13","3.0.1.1413","PSt7-10","180509-002","6/18/2019 6:15:17 AM","0000-00","0","no battery","V"
"07/13/2019","06:47:29","9","default","116269760","OXY_CH9","40.522","min","293.065","μmol/L","Humid","18.961","deg","98012","µV","20.199","°C","1013.000","hPa","36.5","pmil","0","55.690","deg","20.000","°C","100.000","%a.s.","22.400","deg","20.000","°C","962.000","hPa","0.861","-0.02617","0.00035","0","0","13.56","Humid","35.35","0","78.50","295833.92","SABD0002000014","AAV2.0.0.13","3.0.1.1413","PSt7-10","180509-002","6/18/2019 6:15:17 AM","0000-00","0","no battery","V"
"07/13/2019","06:47:30","9","default","116269760","OXY_CH9","40.539","min","293.120","μmol/L","Humid","18.959","deg","98004","µV","20.199","°C","1013.000","hPa","36.5","pmil","0","55.690","deg","20.000","°C","100.000","%a.s.","22.400","deg","20.000","°C","962.000","hPa","0.861","-0.02617","0.00035","0","0","13.56","Humid","35.35","0","78.50","295828.58","SABD0002000014","AAV2.0.0.13","3.0.1.1413","PSt7-10","180509-002","6/18/2019 6:15:17 AM","0000-00","0","no battery","V"
"07/13/2019","06:47:31","9","default","116269760","OXY_CH9","40.556","min","293.147","μmol/L","Humid","18.958","deg","97990","µV","20.199","°C","1013.000","hPa","36.5","pmil","0","55.690","deg","20.000","°C","100.000","%a.s.","22.400","deg","20.000","°C","962.000","hPa","0.861","-0.02617","0.00035","0","0","13.56","Humid","35.35","0","78.50","295831.30","SABD0002000014","AAV2.0.0.13","3.0.1.1413","PSt7-10","180509-002","6/18/2019 6:15:17 AM","0000-00","0","no battery","V"
"07/13/2019","06:47:32","9","default","116269760","OXY_CH9","40.572","min","293.068","μmol/L","Humid","18.959","deg","97987","µV","20.205","°C","1013.000","hPa","36.5","pmil","0","55.690","deg","20.000","°C","100.000","%a.s.","22.400","deg","20.000","°C","962.000","hPa","0.861","-0.02617","0.00035","0","0","13.56","Humid","35.35","0","78.50","295829.86","SABD0002000014","AAV2.0.0.13","3.0.1.1413","PSt7-10","180509-002","6/18/2019 6:15:17 AM","0000-00","0","no battery","V"
"07/13/2019","06:47:33","9","default","116269760","OXY_CH9","40.589","min","293.257","μmol/L","Humid","18.954","deg","97983","µV","20.199","°C","1013.000","hPa","36.5","pmil","0","55.690","deg","20.000","°C","100.000","%a.s.","22.400","deg","20.000","°C","962.000","hPa","0.861","-0.02617","0.00035","0","0","13.56","Humid","35.35","0","78.50","295818.30","SABD0002000014","AAV2.0.0.13","3.0.1.1413","PSt7-10","180509-002","6/18/2019 6:15:17 AM","0000-00","0","no battery","V"
"07/13/2019","06:47:34","9","default","116269760","OXY_CH9","40.606","min","293.206","μmol/L","Humid","18.954","deg","97970","µV","20.205","°C","1013.000","hPa","36.5","pmil","0","55.690","deg","20.000","°C","100.000","%a.s.","22.400","deg","20.000","°C","962.000","hPa","0.861","-0.02617","0.00035","0","0","13.56","Humid","35.35","0","78.50","295827.04","SABD0002000014","AAV2.0.0.13","3.0.1.1413","PSt7-10","180509-002","6/18/2019 6:15:17 AM","0000-00","0","no battery","V"
"07/13/2019","06:47:35","9","default","116269760","OXY_CH9","40.622","min","293.257","μmol/L","Humid","18.954","deg","97955","µV","20.199","°C","1013.000","hPa","36.5","pmil","0","55.690","deg","20.000","°C","100.000","%a.s.","22.400","deg","20.000","°C","962.000","hPa","0.861","-0.02617","0.00035","0","0","13.56","Humid","35.35","0","78.50","295822.47","SABD0002000014","AAV2.0.0.13","3.0.1.1413","PSt7-10","180509-002","6/18/2019 6:15:17 AM","0000-00","0","no battery","V"
"07/13/2019","06:47:36","9","default","116269760","OXY_CH9","40.639","min","293.206","μmol/L","Humid","18.954","deg","97952","µV","20.205","°C","1013.000","hPa","36.5","pmil","0","55.690","deg","20.000","°C","100.000","%a.s.","22.400","deg","20.000","°C","962.000","hPa","0.861","-0.02617","0.00035","0","0","13.56","Humid","35.35","0","78.50","295839.15","SABD0002000014","AAV2.0.0.13","3.0.1.1413","PSt7-10","180509-002","6/18/2019 6:15:17 AM","0000-00","0","no battery","V"
"07/13/2019","06:47:37","9","default","116269760","OXY_CH9","40.655","min","293.236","μmol/L","Humid","18.951","deg","97943","µV","20.211","°C","1013.000","hPa","36.5","pmil","0","55.690","deg","20.000","°C","100.000","%a.s.","22.400","deg","20.000","°C","962.000","hPa","0.861","-0.02617","0.00035","0","0","13.56","Humid","35.35","0","78.50","295824.56","SABD0002000014","AAV2.0.0.13","3.0.1.1413","PSt7-10","180509-002","6/18/2019 6:15:17 AM","0000-00","0","no battery","V"
"07/13/2019","06:47:38","9","default","116269760","OXY_CH9","40.672","min","293.267","μmol/L","Humid","18.948","deg","97938","µV","20.217","°C","1013.000","hPa","36.5","pmil","0","55.690","deg","20.000","°C","100.000","%a.s.","22.400","deg","20.000","°C","962.000","hPa","0.861","-0.02617","0.00035","0","0","13.56","Humid","35.35","0","78.50","295832.03","SABD0002000014","AAV2.0.0.13","3.0.1.1413","PSt7-10","180509-002","6/18/2019 6:15:17 AM","0000-00","0","no battery","V"
"07/13/2019","06:47:39","9","default","116269760","OXY_CH9","40.689","min","293.291","μmol/L","Humid","18.949","deg","97927","µV","20.211","°C","1013.000","hPa","36.5","pmil","0","55.690","deg","20.000","°C","100.000","%a.s.","22.400","deg","20.000","°C","962.000","hPa","0.861","-0.02617","0.00035","0","0","13.56","Humid","35.35","0","78.50","295835.27","SABD0002000014","AAV2.0.0.13","3.0.1.1413","PSt7-10","180509-002","6/18/2019 6:15:17 AM","0000-00","0","no battery","V"
"07/13/2019","06:47:40","9","default","116269760","OXY_CH9","40.705","min","293.450","μmol/L","Humid","18.947","deg","97920","µV","20.199","°C","1013.000","hPa","36.5","pmil","0","55.690","deg","20.000","°C","100.000","%a.s.","22.400","deg","20.000","°C","962.000","hPa","0.861","-0.02617","0.00035","0","0","13.56","Humid","35.35","0","78.50","295819.26","SABD0002000014","AAV2.0.0.13","3.0.1.1413","PSt7-10","180509-002","6/18/2019 6:15:17 AM","0000-00","0","no battery","V"
"07/13/2019","06:47:41","9","default","116269760","OXY_CH9","40.723","min","293.426","μmol/L","Humid","18.946","deg","97914","µV","20.205","°C","1013.000","hPa","36.5","pmil","0","55.690","deg","20.000","°C","100.000","%a.s.","22.400","deg","20.000","°C","962.000","hPa","0.861","-0.02617","0.00035","0","0","13.56","Humid","35.35","0","78.50","295821.86","SABD0002000014","AAV2.0.0.13","3.0.1.1413","PSt7-10","180509-002","6/18/2019 6:15:17 AM","0000-00","0","no battery","V"
"07/13/2019","06:47:42","9","default","116269760","OXY_CH9","40.739","min","293.453","μmol/L","Humid","18.945","deg","97895","µV","20.205","°C","1013.000","hPa","36.5","pmil","0","55.690","deg","20.000","°C","100.000","%a.s.","22.400","deg","20.000","°C","962.000","hPa","0.861","-0.02617","0.00035","0","0","13.56","Humid","35.35","0","78.50","295825.09","SABD0002000014","AAV2.0.0.13","3.0.1.1413","PSt7-10","180509-002","6/18/2019 6:15:17 AM","0000-00","0","no battery","V"
"07/13/2019","06:47:43","9","default","116269760","OXY_CH9","40.756","min","293.508","μmol/L","Humid","18.943","deg","97884","µV","20.205","°C","1013.000","hPa","36.5","pmil","0","55.690","deg","20.000","°C","100.000","%a.s.","22.400","deg","20.000","°C","962.000","hPa","0.861","-0.02617","0.00035","0","0","13.56","Humid","35.35","0","78.50","295824.59","SABD0002000014","AAV2.0.0.13","3.0.1.1413","PSt7-10","180509-002","6/18/2019 6:15:17 AM","0000-00","0","no battery","V"
"07/13/2019","06:47:44","9","default","116269760","OXY_CH9","40.772","min","293.591","μmol/L","Humid","18.940","deg","97879","µV","20.205","°C","1013.000","hPa","36.5","pmil","0","55.690","deg","20.000","°C","100.000","%a.s.","22.400","deg","20.000","°C","962.000","hPa","0.861","-0.02617","0.00035","0","0","13.56","Humid","35.35","0","78.50","295834.83","SABD0002000014","AAV2.0.0.13","3.0.1.1413","PSt7-10","180509-002","6/18/2019 6:15:17 AM","0000-00","0","no battery","V"
"07/13/2019","06:47:45","9","default","116269760","OXY_CH9","40.789","min","293.591","μmol/L","Humid","18.940","deg","97879","µV","20.205","°C","1013.000","hPa","36.5","pmil","0","55.690","deg","20.000","°C","100.000","%a.s.","22.400","deg","20.000","°C","962.000","hPa","0.861","-0.02617","0.00035","0","0","13.56","Humid","35.35","0","78.50","295832.02","SABD0002000014","AAV2.0.0.13","3.0.1.1413","PSt7-10","180509-002","6/18/2019 6:15:17 AM","0000-00","0","no battery","V"
"07/13/2019","06:47:46","9","default","116269760","OXY_CH9","40.805","min","293.643","μmol/L","Humid","18.940","deg","97863","µV","20.199","°C","1013.000","hPa","36.5","pmil","0","55.690","deg","20.000","°C","100.000","%a.s.","22.400","deg","20.000","°C","962.000","hPa","0.861","-0.02617","0.00035","0","0","13.56","Humid","35.35","0","78.50","295826.72","SABD0002000014","AAV2.0.0.13","3.0.1.1413","PSt7-10","180509-002","6/18/2019 6:15:17 AM","0000-00","0","no battery","V"
"07/13/2019","06:47:47","9","default","116269760","OXY_CH9","40.822","min","293.756","μmol/L","Humid","18.934","deg","97857","µV","20.205","°C","1013.000","hPa","36.5","pmil","0","55.690","deg","20.000","°C","100.000","%a.s.","22.400","deg","20.000","°C","962.000","hPa","0.861","-0.02617","0.00035","0","0","13.56","Humid","35.35","0","78.50","295816.25","SABD0002000014","AAV2.0.0.13","3.0.1.1413","PSt7-10","180509-002","6/18/2019 6:15:17 AM","0000-00","0","no battery","V"
"07/13/2019","06:47:48","9","default","116269760","OXY_CH9","40.839","min","293.625","μmol/L","Humid","18.935","deg","97846","µV","20.217","°C","1013.000","hPa","36.5","pmil","0","55.690","deg","20.000","°C","100.000","%a.s.","22.400","deg","20.000","°C","962.000","hPa","0.861","-0.02617","0.00035","0","0","13.56","Humid","35.35","0","78.50","295827.48","SABD0002000014","AAV2.0.0.13","3.0.1.1413","PSt7-10","180509-002","6/18/2019 6:15:17 AM","0000-00","0","no battery","V"
"07/13/2019","06:47:49","9","default","116269760","OXY_CH9","40.856","min","293.701","μmol/L","Humid","18.936","deg","97841","µV","20.205","°C","1013.000","hPa","36.5","pmil","0","55.690","deg","20.000","°C","100.000","%a.s.","22.400","deg","20.000","°C","962.000","hPa","0.861","-0.02617","0.00035","0","0","13.56","Humid","35.35","0","78.50","295817.80","SABD0002000014","AAV2.0.0.13","3.0.1.1413","PSt7-10","180509-002","6/18/2019 6:15:17 AM","0000-00","0","no battery","V"
"07/13/2019","06:47:50","9","default","116269760","OXY_CH9","40.872","min","293.704","μmol/L","Humid","18.934","deg","97825","µV","20.211","°C","1013.000","hPa","36.5","pmil","0","55.690","deg","20.000","°C","100.000","%a.s.","22.400","deg","20.000","°C","962.000","hPa","0.861","-0.02617","0.00035","0","0","13.56","Humid","35.35","0","78.50","295819.29","SABD0002000014","AAV2.0.0.13","3.0.1.1413","PSt7-10","180509-002","6/18/2019 6:15:17 AM","0000-00","0","no battery","V"
"07/13/2019","06:47:51","9","default","116269760","OXY_CH9","40.889","min","293.863","μmol/L","Humid","18.932","deg","97821","µV","20.199","°C","1013.000","hPa","36.5","pmil","0","55.690","deg","20.000","°C","100.000","%a.s.","22.400","deg","20.000","°C","962.000","hPa","0.861","-0.02617","0.00035","0","0","13.56","Humid","35.35","0","78.50","295830.97","SABD0002000014","AAV2.0.0.13","3.0.1.1413","PSt7-10","180509-002","6/18/2019 6:15:17 AM","0000-00","0","no battery","V"
"07/13/2019","06:47:52","9","default","116269760","OXY_CH9","40.905","min","293.946","μmol/L","Humid","18.929","deg","97810","µV","20.199","°C","1013.000","hPa","36.5","pmil","0","55.690","deg","20.000","°C","100.000","%a.s.","22.400","deg","20.000","°C","962.000","hPa","0.861","-0.02617","0.00035","0","0","13.56","Humid","35.35","0","78.50","295818.08","SABD0002000014","AAV2.0.0.13","3.0.1.1413","PSt7-10","180509-002","6/18/2019 6:15:17 AM","0000-00","0","no battery","V"
"07/13/2019","06:47:53","9","default","116269760","OXY_CH9","40.922","min","293.863","μmol/L","Humid","18.932","deg","97808","µV","20.199","°C","1013.000","hPa","36.5","pmil","0","55.690","deg","20.000","°C","100.000","%a.s.","22.400","deg","20.000","°C","962.000","hPa","0.861","-0.02617","0.00035","0","0","13.56","Humid","35.35","0","78.50","295826.55","SABD0002000014","AAV2.0.0.13","3.0.1.1413","PSt7-10","180509-002","6/18/2019 6:15:17 AM","0000-00","0","no battery","V"
"07/13/2019","06:47:54","9","default","116269760","OXY_CH9","40.939","min","293.918","μmol/L","Humid","18.930","deg","97794","µV","20.199","°C","1013.000","hPa","36.5","pmil","0","55.690","deg","20.000","°C","100.000","%a.s.","22.400","deg","20.000","°C","962.000","hPa","0.861","-0.02617","0.00035","0","0","13.56","Humid","35.35","0","78.50","295828.69","SABD0002000014","AAV2.0.0.13","3.0.1.1413","PSt7-10","180509-002","6/18/2019 6:15:17 AM","0000-00","0","no battery","V"
"07/13/2019","06:47:55","9","default","116269760","OXY_CH9","40.956","min","293.977","μmol/L","Humid","18.926","deg","97793","µV","20.205","°C","1013.000","hPa","36.5","pmil","0","55.690","deg","20.000","°C","100.000","%a.s.","22.400","deg","20.000","°C","962.000","hPa","0.861","-0.02617","0.00035","0","0","13.56","Humid","35.35","0","78.50","295826.77","SABD0002000014","AAV2.0.0.13","3.0.1.1413","PSt7-10","180509-002","6/18/2019 6:15:17 AM","0000-00","0","no battery","V"
"07/13/2019","06:47:56","9","default","116269760","OXY_CH9","40.972","min","293.977","μmol/L","Humid","18.926","deg","97788","µV","20.205","°C","1013.000","hPa","36.5","pmil","0","55.690","deg","20.000","°C","100.000","%a.s.","22.400","deg","20.000","°C","962.000","hPa","0.861","-0.02617","0.00035","0","0","13.56","Humid","35.35","0","78.50","295844.65","SABD0002000014","AAV2.0.0.13","3.0.1.1413","PSt7-10","180509-002","6/18/2019 6:15:17 AM","0000-00","0","no battery","V"
"07/13/2019","06:47:57","9","default","116269760","OXY_CH9","40.989","min","294.004","μmol/L","Humid","18.925","deg","97781","µV","20.205","°C","1013.000","hPa","36.5","pmil","0","55.690","deg","20.000","°C","100.000","%a.s.","22.400","deg","20.000","°C","962.000","hPa","0.861","-0.02617","0.00035","0","0","13.56","Humid","35.35","0","78.50","295815.42","SABD0002000014","AAV2.0.0.13","3.0.1.1413","PSt7-10","180509-002","6/18/2019 6:15:17 AM","0000-00","0","no battery","V"
"07/13/2019","06:47:58","9","default","116269760","OXY_CH9","41.006","min","294.032","μmol/L","Humid","18.924","deg","97771","µV","20.205","°C","1013.000","hPa","36.5","pmil","0","55.690","deg","20.000","°C","100.000","%a.s.","22.400","deg","20.000","°C","962.000","hPa","0.861","-0.02617","0.00035","0","0","13.56","Humid","35.35","0","78.50","295841.66","SABD0002000014","AAV2.0.0.13","3.0.1.1413","PSt7-10","180509-002","6/18/2019 6:15:17 AM","0000-00","0","no battery","V"
"07/13/2019","06:47:59","9","default","116269760","OXY_CH9","41.022","min","293.977","μmol/L","Humid","18.926","deg","97763","µV","20.205","°C","1013.000","hPa","36.5","pmil","0","55.690","deg","20.000","°C","100.000","%a.s.","22.400","deg","20.000","°C","962.000","hPa","0.861","-0.02617","0.00035","0","0","13.56","Humid","35.35","0","78.50","295827.22","SABD0002000014","AAV2.0.0.13","3.0.1.1413","PSt7-10","180509-002","6/18/2019 6:15:17 AM","0000-00","0","no battery","V"
"07/13/2019","06:48:00","9","default","116269760","OXY_CH9","41.039","min","293.980","μmol/L","Humid","18.924","deg","97766","µV","20.211","°C","1013.000","hPa","36.5","pmil","0","55.690","deg","20.000","°C","100.000","%a.s.","22.400","deg","20.000","°C","962.000","hPa","0.861","-0.02617","0.00035","0","0","13.56","Humid","35.35","0","78.50","295827.40","SABD0002000014","AAV2.0.0.13","3.0.1.1413","PSt7-10","180509-002","6/18/2019 6:15:17 AM","0000-00","0","no battery","V"
"07/13/2019","06:48:01","9","default","116269760","OXY_CH9","41.056","min","294.115","μmol/L","Humid","18.921","deg","97746","µV","20.205","°C","1013.000","hPa","36.5","pmil","0","55.690","deg","20.000","°C","100.000","%a.s.","22.400","deg","20.000","°C","962.000","hPa","0.861","-0.02617","0.00035","0","0","13.56","Humid","35.35","0","78.50","295825.90","SABD0002000014","AAV2.0.0.13","3.0.1.1413","PSt7-10","180509-002","6/18/2019 6:15:17 AM","0000-00","0","no battery","V"
"07/13/2019","06:48:02","9","default","116269760","OXY_CH9","41.072","min","294.249","μmol/L","Humid","18.918","deg","97737","µV","20.199","°C","1013.000","hPa","36.5","pmil","0","55.690","deg","20.000","°C","100.000","%a.s.","22.400","deg","20.000","°C","962.000","hPa","0.861","-0.02617","0.00035","0","0","13.56","Humid","35.35","0","78.50","295825.92","SABD0002000014","AAV2.0.0.13","3.0.1.1413","PSt7-10","180509-002","6/18/2019 6:15:17 AM","0000-00","0","no battery","V"
"07/13/2019","06:48:03","9","default","116269760","OXY_CH9","41.089","min","294.253","μmol/L","Humid","18.916","deg","97731","µV","20.205","°C","1013.000","hPa","36.5","pmil","0","55.690","deg","20.000","°C","100.000","%a.s.","22.400","deg","20.000","°C","962.000","hPa","0.861","-0.02617","0.00035","0","0","13.56","Humid","35.35","0","78.50","295831.57","SABD0002000014","AAV2.0.0.13","3.0.1.1413","PSt7-10","180509-002","6/18/2019 6:15:17 AM","0000-00","0","no battery","V"
"07/13/2019","06:48:04","9","default","116269760","OXY_CH9","41.106","min","294.311","μmol/L","Humid","18.912","deg","97727","µV","20.211","°C","1013.000","hPa","36.5","pmil","0","55.690","deg","20.000","°C","100.000","%a.s.","22.400","deg","20.000","°C","962.000","hPa","0.861","-0.02617","0.00035","0","0","13.56","Humid","35.35","0","78.50","295835.43","SABD0002000014","AAV2.0.0.13","3.0.1.1413","PSt7-10","180509-002","6/18/2019 6:15:17 AM","0000-00","0","no battery","V"
"07/13/2019","06:48:05","9","default","116269760","OXY_CH9","41.122","min","294.336","μmol/L","Humid","18.913","deg","97712","µV","20.205","°C","1013.000","hPa","36.5","pmil","0","55.690","deg","20.000","°C","100.000","%a.s.","22.400","deg","20.000","°C","962.000","hPa","0.861","-0.02617","0.00035","0","0","13.56","Humid","35.35","0","78.50","295832.48","SABD0002000014","AAV2.0.0.13","3.0.1.1413","PSt7-10","180509-002","6/18/2019 6:15:17 AM","0000-00","0","no battery","V"
"07/13/2019","06:48:06","9","default","116269760","OXY_CH9","41.139","min","294.311","μmol/L","Humid","18.912","deg","97697","µV","20.211","°C","1013.000","hPa","36.5","pmil","0","55.690","deg","20.000","°C","100.000","%a.s.","22.400","deg","20.000","°C","962.000","hPa","0.861","-0.02617","0.00035","0","0","13.56","Humid","35.35","0","78.50","295815.93","SABD0002000014","AAV2.0.0.13","3.0.1.1413","PSt7-10","180509-002","6/18/2019 6:15:17 AM","0000-00","0","no battery","V"
"07/13/2019","06:48:07","9","default","116269760","OXY_CH9","41.156","min","294.363","μmol/L","Humid","18.912","deg","97703","µV","20.205","°C","1013.000","hPa","36.5","pmil","0","55.690","deg","20.000","°C","100.000","%a.s.","22.400","deg","20.000","°C","962.000","hPa","0.861","-0.02617","0.00035","0","0","13.56","Humid","35.35","0","78.50","295835.43","SABD0002000014","AAV2.0.0.13","3.0.1.1413","PSt7-10","180509-002","6/18/2019 6:15:17 AM","0000-00","0","no battery","V"
"07/13/2019","06:48:08","9","default","116269760","OXY_CH9","41.172","min","294.394","μmol/L","Humid","18.909","deg","97684","µV","20.211","°C","1013.000","hPa","36.5","pmil","0","55.690","deg","20.000","°C","100.000","%a.s.","22.400","deg","20.000","°C","962.000","hPa","0.861","-0.02617","0.00035","0","0","13.56","Humid","35.35","0","78.50","295834.33","SABD0002000014","AAV2.0.0.13","3.0.1.1413","PSt7-10","180509-002","6/18/2019 6:15:17 AM","0000-00","0","no battery","V"
"07/13/2019","06:48:09","9","default","116269760","OXY_CH9","41.189","min","294.449","μmol/L","Humid","18.907","deg","97692","µV","20.211","°C","1013.000","hPa","36.5","pmil","0","55.690","deg","20.000","°C","100.000","%a.s.","22.400","deg","20.000","°C","962.000","hPa","0.861","-0.02617","0.00035","0","0","13.56","Humid","35.35","0","78.50","295825.71","SABD0002000014","AAV2.0.0.13","3.0.1.1413","PSt7-10","180509-002","6/18/2019 6:15:17 AM","0000-00","0","no battery","V"
"07/13/2019","06:48:10","9","default","116269760","OXY_CH9","41.206","min","294.391","μmol/L","Humid","18.911","deg","97671","µV","20.205","°C","1013.000","hPa","36.5","pmil","0","55.690","deg","20.000","°C","100.000","%a.s.","22.400","deg","20.000","°C","962.000","hPa","0.861","-0.02617","0.00035","0","0","13.56","Humid","35.35","0","78.50","295821.24","SABD0002000014","AAV2.0.0.13","3.0.1.1413","PSt7-10","180509-002","6/18/2019 6:15:17 AM","0000-00","0","no battery","V"
"07/13/2019","06:48:11","9","default","116269760","OXY_CH9","41.222","min","294.370","μmol/L","Humid","18.908","deg","97667","µV","20.217","°C","1013.000","hPa","36.5","pmil","0","55.690","deg","20.000","°C","100.000","%a.s.","22.400","deg","20.000","°C","962.000","hPa","0.861","-0.02617","0.00035","0","0","13.56","Humid","35.35","0","78.50","295827.94","SABD0002000014","AAV2.0.0.13","3.0.1.1413","PSt7-10","180509-002","6/18/2019 6:15:17 AM","0000-00","0","no battery","V"
"07/13/2019","06:48:12","9","default","116269760","OXY_CH9","41.239","min","294.422","μmol/L","Humid","18.908","deg","97665","µV","20.211","°C","1013.000","hPa","36.5","pmil","0","55.690","deg","20.000","°C","100.000","%a.s.","22.400","deg","20.000","°C","962.000","hPa","0.861","-0.02617","0.00035","0","0","13.56","Humid","35.35","0","78.50","295826.42","SABD0002000014","AAV2.0.0.13","3.0.1.1413","PSt7-10","180509-002","6/18/2019 6:15:17 AM","0000-00","0","no battery","V"
"07/13/2019","06:48:13","9","default","116269760","OXY_CH9","41.256","min","294.612","μmol/L","Humid","18.903","deg","97648","µV","20.205","°C","1013.000","hPa","36.5","pmil","0","55.690","deg","20.000","°C","100.000","%a.s.","22.400","deg","20.000","°C","962.000","hPa","0.861","-0.02617","0.00035","0","0","13.56","Humid","35.35","0","78.50","295829.25","SABD0002000014","AAV2.0.0.13","3.0.1.1413","PSt7-10","180509-002","6/18/2019 6:15:17 AM","0000-00","0","no battery","V"
"07/13/2019","06:48:14","9","default","116269760","OXY_CH9","41.273","min","294.529","μmol/L","Humid","18.906","deg","97645","µV","20.205","°C","1013.000","hPa","36.5","pmil","0","55.690","deg","20.000","°C","100.000","%a.s.","22.400","deg","20.000","°C","962.000","hPa","0.861","-0.02617","0.00035","0","0","13.56","Humid","35.35","0","78.50","295837.55","SABD0002000014","AAV2.0.0.13","3.0.1.1413","PSt7-10","180509-002","6/18/2019 6:15:17 AM","0000-00","0","no battery","V"
"07/13/2019","06:48:15","9","default","116269760","OXY_CH9","41.289","min","294.695","μmol/L","Humid","18.900","deg","97635","µV","20.205","°C","1013.000","hPa","36.5","pmil","0","55.690","deg","20.000","°C","100.000","%a.s.","22.400","deg","20.000","°C","962.000","hPa","0.861","-0.02617","0.00035","0","0","13.56","Humid","35.35","0","78.50","295831.36","SABD0002000014","AAV2.0.0.13","3.0.1.1413","PSt7-10","180509-002","6/18/2019 6:15:17 AM","0000-00","0","no battery","V"
"07/13/2019","06:48:16","9","default","116269760","OXY_CH9","41.306","min","294.615","μmol/L","Humid","18.901","deg","97628","µV","20.211","°C","1013.000","hPa","36.5","pmil","0","55.690","deg","20.000","°C","100.000","%a.s.","22.400","deg","20.000","°C","962.000","hPa","0.861","-0.02617","0.00035","0","0","13.56","Humid","35.35","0","78.50","295826.94","SABD0002000014","AAV2.0.0.13","3.0.1.1413","PSt7-10","180509-002","6/18/2019 6:15:17 AM","0000-00","0","no battery","V"
"07/13/2019","06:48:17","9","default","116269760","OXY_CH9","41.323","min","294.809","μmol/L","Humid","18.894","deg","97625","µV","20.211","°C","1013.000","hPa","36.5","pmil","0","55.690","deg","20.000","°C","100.000","%a.s.","22.400","deg","20.000","°C","962.000","hPa","0.861","-0.02617","0.00035","0","0","13.56","Humid","35.35","0","78.50","295842.52","SABD0002000014","AAV2.0.0.13","3.0.1.1413","PSt7-10","180509-002","6/18/2019 6:15:17 AM","0000-00","0","no battery","V"
"07/13/2019","06:48:18","9","default","116269760","OXY_CH9","41.339","min","294.615","μmol/L","Humid","18.901","deg","97613","µV","20.211","°C","1013.000","hPa","36.5","pmil","0","55.690","deg","20.000","°C","100.000","%a.s.","22.400","deg","20.000","°C","962.000","hPa","0.861","-0.02617","0.00035","0","0","13.56","Humid","35.35","0","78.50","295830.85","SABD0002000014","AAV2.0.0.13","3.0.1.1413","PSt7-10","180509-002","6/18/2019 6:15:17 AM","0000-00","0","no battery","V"
"07/13/2019","06:48:19","9","default","116269760","OXY_CH9","41.356","min","294.726","μmol/L","Humid","18.897","deg","97606","µV","20.211","°C","1013.000","hPa","36.5","pmil","0","55.690","deg","20.000","°C","100.000","%a.s.","22.400","deg","20.000","°C","962.000","hPa","0.861","-0.02617","0.00035","0","0","13.56","Humid","35.35","0","78.50","295829.45","SABD0002000014","AAV2.0.0.13","3.0.1.1413","PSt7-10","180509-002","6/18/2019 6:15:17 AM","0000-00","0","no battery","V"
"07/13/2019","06:48:20","9","default","116269760","OXY_CH9","41.372","min","294.889","μmol/L","Humid","18.893","deg","97598","µV","20.205","°C","1013.000","hPa","36.5","pmil","0","55.690","deg","20.000","°C","100.000","%a.s.","22.400","deg","20.000","°C","962.000","hPa","0.861","-0.02617","0.00035","0","0","13.56","Humid","35.35","0","78.50","295835.55","SABD0002000014","AAV2.0.0.13","3.0.1.1413","PSt7-10","180509-002","6/18/2019 6:15:17 AM","0000-00","0","no battery","V"
"07/13/2019","06:48:21","9","default","116269760","OXY_CH9","41.389","min","294.809","μmol/L","Humid","18.894","deg","97591","µV","20.211","°C","1013.000","hPa","36.5","pmil","0","55.690","deg","20.000","°C","100.000","%a.s.","22.400","deg","20.000","°C","962.000","hPa","0.861","-0.02617","0.00035","0","0","13.56","Humid","35.35","0","78.50","295831.00","SABD0002000014","AAV2.0.0.13","3.0.1.1413","PSt7-10","180509-002","6/18/2019 6:15:17 AM","0000-00","0","no battery","V"
"07/13/2019","06:48:22","9","default","116269760","OXY_CH9","41.406","min","294.837","μmol/L","Humid","18.893","deg","97579","µV","20.211","°C","1013.000","hPa","36.5","pmil","0","55.690","deg","20.000","°C","100.000","%a.s.","22.400","deg","20.000","°C","962.000","hPa","0.861","-0.02617","0.00035","0","0","13.56","Humid","35.35","0","78.50","295850.86","SABD0002000014","AAV2.0.0.13","3.0.1.1413","PSt7-10","180509-002","6/18/2019 6:15:17 AM","0000-00","0","no battery","V"
"07/13/2019","06:48:23","9","default","116269760","OXY_CH9","41.423","min","294.892","μmol/L","Humid","18.891","deg","97568","µV","20.211","°C","1013.000","hPa","36.5","pmil","0","55.690","deg","20.000","°C","100.000","%a.s.","22.400","deg","20.000","°C","962.000","hPa","0.861","-0.02617","0.00035","0","0","13.56","Humid","35.35","0","78.50","295833.47","SABD0002000014","AAV2.0.0.13","3.0.1.1413","PSt7-10","180509-002","6/18/2019 6:15:17 AM","0000-00","0","no battery","V"
"07/13/2019","06:48:24","9","default","116269760","OXY_CH9","41.439","min","294.917","μmol/L","Humid","18.892","deg","97559","µV","20.205","°C","1013.000","hPa","36.5","pmil","0","55.690","deg","20.000","°C","100.000","%a.s.","22.400","deg","20.000","°C","962.000","hPa","0.861","-0.02617","0.00035","0","0","13.56","Humid","35.35","0","78.50","295820.86","SABD0002000014","AAV2.0.0.13","3.0.1.1413","PSt7-10","180509-002","6/18/2019 6:15:17 AM","0000-00","0","no battery","V"
"07/13/2019","06:48:25","9","default","116269760","OXY_CH9","41.455","min","295.059","μmol/L","Humid","18.885","deg","97554","µV","20.211","°C","1013.000","hPa","36.5","pmil","0","55.690","deg","20.000","°C","100.000","%a.s.","22.400","deg","20.000","°C","962.000","hPa","0.861","-0.02617","0.00035","0","0","13.56","Humid","35.35","0","78.50","295829.52","SABD0002000014","AAV2.0.0.13","3.0.1.1413","PSt7-10","180509-002","6/18/2019 6:15:17 AM","0000-00","0","no battery","V"
"07/13/2019","06:48:26","9","default","116269760","OXY_CH9","41.473","min","294.920","μmol/L","Humid","18.890","deg","97555","µV","20.211","°C","1013.000","hPa","36.5","pmil","0","55.690","deg","20.000","°C","100.000","%a.s.","22.400","deg","20.000","°C","962.000","hPa","0.861","-0.02617","0.00035","0","0","13.56","Humid","35.35","0","78.50","295826.59","SABD0002000014","AAV2.0.0.13","3.0.1.1413","PSt7-10","180509-002","6/18/2019 6:15:17 AM","0000-00","0","no battery","V"
"07/13/2019","06:48:27","9","default","116269760","OXY_CH9","41.489","min","295.086","μmol/L","Humid","18.884","deg","97544","µV","20.211","°C","1013.000","hPa","36.5","pmil","0","55.690","deg","20.000","°C","100.000","%a.s.","22.400","deg","20.000","°C","962.000","hPa","0.861","-0.02617","0.00035","0","0","13.56","Humid","35.35","0","78.50","295842.29","SABD0002000014","AAV2.0.0.13","3.0.1.1413","PSt7-10","180509-002","6/18/2019 6:15:17 AM","0000-00","0","no battery","V"
"07/13/2019","06:48:28","9","default","116269760","OXY_CH9","41.506","min","295.114","μmol/L","Humid","18.883","deg","97534","µV","20.211","°C","1013.000","hPa","36.5","pmil","0","55.690","deg","20.000","°C","100.000","%a.s.","22.400","deg","20.000","°C","962.000","hPa","0.861","-0.02617","0.00035","0","0","13.56","Humid","35.35","0","78.50","295840.74","SABD0002000014","AAV2.0.0.13","3.0.1.1413","PSt7-10","180509-002","6/18/2019 6:15:17 AM","0000-00","0","no battery","V"
"07/13/2019","06:48:29","9","default","116269760","OXY_CH9","41.522","min","295.059","μmol/L","Humid","18.885","deg","97524","µV","20.211","°C","1013.000","hPa","36.5","pmil","0","55.690","deg","20.000","°C","100.000","%a.s.","22.400","deg","20.000","°C","962.000","hPa","0.861","-0.02617","0.00035","0","0","13.56","Humid","35.35","0","78.50","295830.39","SABD0002000014","AAV2.0.0.13","3.0.1.1413","PSt7-10","180509-002","6/18/2019 6:15:17 AM","0000-00","0","no battery","V"
"07/13/2019","06:48:30","9","default","116269760","OXY_CH9","41.539","min","295.138","μmol/L","Humid","18.884","deg","97517","µV","20.205","°C","1013.000","hPa","36.5","pmil","0","55.690","deg","20.000","°C","100.000","%a.s.","22.400","deg","20.000","°C","962.000","hPa","0.861","-0.02617","0.00035","0","0","13.56","Humid","35.35","0","78.50","295845.74","SABD0002000014","AAV2.0.0.13","3.0.1.1413","PSt7-10","180509-002","6/18/2019 6:15:17 AM","0000-00","0","no battery","V"
"07/13/2019","06:48:31","9","default","116269760","OXY_CH9","41.555","min","295.090","μmol/L","Humid","18.882","deg","97509","µV","20.217","°C","1013.000","hPa","36.5","pmil","0","55.690","deg","20.000","°C","100.000","%a.s.","22.400","deg","20.000","°C","962.000","hPa","0.861","-0.02617","0.00035","0","0","13.56","Humid","35.35","0","78.50","295824.55","SABD0002000014","AAV2.0.0.13","3.0.1.1413","PSt7-10","180509-002","6/18/2019 6:15:17 AM","0000-00","0","no battery","V"
"07/13/2019","06:48:32","9","default","116269760","OXY_CH9","41.572","min","295.169","μmol/L","Humid","18.881","deg","97504","µV","20.211","°C","1013.000","hPa","36.5","pmil","0","55.690","deg","20.000","°C","100.000","%a.s.","22.400","deg","20.000","°C","962.000","hPa","0.861","-0.02617","0.00035","0","0","13.56","Humid","35.35","0","78.50","295829.13","SABD0002000014","AAV2.0.0.13","3.0.1.1413","PSt7-10","180509-002","6/18/2019 6:15:17 AM","0000-00","0","no battery","V"
"07/13/2019","06:48:33","9","default","116269760","OXY_CH9","41.589","min","295.333","μmol/L","Humid","18.877","deg","97502","µV","20.205","°C","1013.000","hPa","36.5","pmil","0","55.690","deg","20.000","°C","100.000","%a.s.","22.400","deg","20.000","°C","962.000","hPa","0.861","-0.02617","0.00035","0","0","13.56","Humid","35.35","0","78.50","295829.45","SABD0002000014","AAV2.0.0.13","3.0.1.1413","PSt7-10","180509-002","6/18/2019 6:15:17 AM","0000-00","0","no battery","V"
"07/13/2019","06:48:34","9","default","116269760","OXY_CH9","41.606","min","295.145","μmol/L","Humid","18.880","deg","97488","µV","20.217","°C","1013.000","hPa","36.5","pmil","0","55.690","deg","20.000","°C","100.000","%a.s.","22.400","deg","20.000","°C","962.000","hPa","0.861","-0.02617","0.00035","0","0","13.56","Humid","35.35","0","78.50","295834.37","SABD0002000014","AAV2.0.0.13","3.0.1.1413","PSt7-10","180509-002","6/18/2019 6:15:17 AM","0000-00","0","no battery","V"
"07/13/2019","06:48:35","9","default","116269760","OXY_CH9","41.623","min","295.201","μmol/L","Humid","18.878","deg","97482","µV","20.217","°C","1013.000","hPa","36.5","pmil","0","55.690","deg","20.000","°C","100.000","%a.s.","22.400","deg","20.000","°C","962.000","hPa","0.861","-0.02617","0.00035","0","0","13.56","Humid","35.35","0","78.50","295835.97","SABD0002000014","AAV2.0.0.13","3.0.1.1413","PSt7-10","180509-002","6/18/2019 6:15:17 AM","0000-00","0","no battery","V"
"07/13/2019","06:48:36","9","default","116269760","OXY_CH9","41.639","min","295.419","μmol/L","Humid","18.872","deg","97475","µV","20.211","°C","1013.000","hPa","36.5","pmil","0","55.690","deg","20.000","°C","100.000","%a.s.","22.400","deg","20.000","°C","962.000","hPa","0.861","-0.02617","0.00035","0","0","13.56","Humid","35.35","0","78.50","295827.32","SABD0002000014","AAV2.0.0.13","3.0.1.1413","PSt7-10","180509-002","6/18/2019 6:15:17 AM","0000-00","0","no battery","V"
"07/13/2019","06:48:37","9","default","116269760","OXY_CH9","41.656","min","295.343","μmol/L","Humid","18.871","deg","97456","µV","20.224","°C","1013.000","hPa","36.5","pmil","0","55.690","deg","20.000","°C","100.000","%a.s.","22.400","deg","20.000","°C","962.000","hPa","0.861","-0.02617","0.00035","0","0","13.56","Humid","35.35","0","78.50","295826.93","SABD0002000014","AAV2.0.0.13","3.0.1.1413","PSt7-10","180509-002","6/18/2019 6:15:17 AM","0000-00","0","no battery","V"
"07/13/2019","06:48:38","9","default","116269760","OXY_CH9","41.673","min","295.364","μmol/L","Humid","18.874","deg","97453","µV","20.211","°C","1013.000","hPa","36.5","pmil","0","55.690","deg","20.000","°C","100.000","%a.s.","22.400","deg","20.000","°C","962.000","hPa","0.861","-0.02617","0.00035","0","0","13.56","Humid","35.35","0","78.50","295819.98","SABD0002000014","AAV2.0.0.13","3.0.1.1413","PSt7-10","180509-002","6/18/2019 6:15:17 AM","0000-00","0","no battery","V"
"07/13/2019","06:48:39","9","default","116269760","OXY_CH9","41.689","min","295.447","μmol/L","Humid","18.871","deg","97441","µV","20.211","°C","1013.000","hPa","36.5","pmil","0","55.690","deg","20.000","°C","100.000","%a.s.","22.400","deg","20.000","°C","962.000","hPa","0.861","-0.02617","0.00035","0","0","13.56","Humid","35.35","0","78.50","295813.71","SABD0002000014","AAV2.0.0.13","3.0.1.1413","PSt7-10","180509-002","6/18/2019 6:15:17 AM","0000-00","0","no battery","V"
"07/13/2019","06:48:40","9","default","116269760","OXY_CH9","41.706","min","295.423","μmol/L","Humid","18.870","deg","97435","µV","20.217","°C","1013.000","hPa","36.5","pmil","0","55.690","deg","20.000","°C","100.000","%a.s.","22.400","deg","20.000","°C","962.000","hPa","0.861","-0.02617","0.00035","0","0","13.56","Humid","35.35","0","78.50","295813.79","SABD0002000014","AAV2.0.0.13","3.0.1.1413","PSt7-10","180509-002","6/18/2019 6:15:17 AM","0000-00","0","no battery","V"
"07/13/2019","06:48:41","9","default","116269760","OXY_CH9","41.722","min","295.558","μmol/L","Humid","18.867","deg","97431","µV","20.211","°C","1013.000","hPa","36.5","pmil","0","55.690","deg","20.000","°C","100.000","%a.s.","22.400","deg","20.000","°C","962.000","hPa","0.861","-0.02617","0.00035","0","0","13.56","Humid","35.35","0","78.50","295829.37","SABD0002000014","AAV2.0.0.13","3.0.1.1413","PSt7-10","180509-002","6/18/2019 6:15:17 AM","0000-00","0","no battery","V"
"07/13/2019","06:48:42","9","default","116269760","OXY_CH9","41.739","min","295.503","μmol/L","Humid","18.869","deg","97421","µV","20.211","°C","1013.000","hPa","36.5","pmil","0","55.690","deg","20.000","°C","100.000","%a.s.","22.400","deg","20.000","°C","962.000","hPa","0.861","-0.02617","0.00035","0","0","13.56","Humid","35.35","0","78.50","295825.45","SABD0002000014","AAV2.0.0.13","3.0.1.1413","PSt7-10","180509-002","6/18/2019 6:15:17 AM","0000-00","0","no battery","V"
"07/13/2019","06:48:43","9","default","116269760","OXY_CH9","41.756","min","295.642","μmol/L","Humid","18.864","deg","97417","µV","20.211","°C","1013.000","hPa","36.5","pmil","0","55.690","deg","20.000","°C","100.000","%a.s.","22.400","deg","20.000","°C","962.000","hPa","0.861","-0.02617","0.00035","0","0","13.56","Humid","35.35","0","78.50","295817.73","SABD0002000014","AAV2.0.0.13","3.0.1.1413","PSt7-10","180509-002","6/18/2019 6:15:17 AM","0000-00","0","no battery","V"
"07/13/2019","06:48:44","9","default","116269760","OXY_CH9","41.772","min","295.617","μmol/L","Humid","18.863","deg","97402","µV","20.217","°C","1013.000","hPa","36.5","pmil","0","55.690","deg","20.000","°C","100.000","%a.s.","22.400","deg","20.000","°C","962.000","hPa","0.861","-0.02617","0.00035","0","0","13.56","Humid","35.35","0","78.50","295824.33","SABD0002000014","AAV2.0.0.13","3.0.1.1413","PSt7-10","180509-002","6/18/2019 6:15:17 AM","0000-00","0","no battery","V"
"07/13/2019","06:48:45","9","default","116269760","OXY_CH9","41.789","min","295.694","μmol/L","Humid","18.864","deg","97404","µV","20.205","°C","1013.000","hPa","36.5","pmil","0","55.690","deg","20.000","°C","100.000","%a.s.","22.400","deg","20.000","°C","962.000","hPa","0.861","-0.02617","0.00035","0","0","13.56","Humid","35.35","0","78.50","295813.73","SABD0002000014","AAV2.0.0.13","3.0.1.1413","PSt7-10","180509-002","6/18/2019 6:15:17 AM","0000-00","0","no battery","V"
"07/13/2019","06:48:46","9","default","116269760","OXY_CH9","41.806","min","295.753","μmol/L","Humid","18.860","deg","97394","µV","20.211","°C","1013.000","hPa","36.5","pmil","0","55.690","deg","20.000","°C","100.000","%a.s.","22.400","deg","20.000","°C","962.000","hPa","0.861","-0.02617","0.00035","0","0","13.56","Humid","35.35","0","78.50","295834.20","SABD0002000014","AAV2.0.0.13","3.0.1.1413","PSt7-10","180509-002","6/18/2019 6:15:17 AM","0000-00","0","no battery","V"
"07/13/2019","06:48:47","9","default","116269760","OXY_CH9","41.822","min","295.669","μmol/L","Humid","18.863","deg","97382","µV","20.211","°C","1013.000","hPa","36.5","pmil","0","55.690","deg","20.000","°C","100.000","%a.s.","22.400","deg","20.000","°C","962.000","hPa","0.861","-0.02617","0.00035","0","0","13.56","Humid","35.35","0","78.50","295815.20","SABD0002000014","AAV2.0.0.13","3.0.1.1413","PSt7-10","180509-002","6/18/2019 6:15:17 AM","0000-00","0","no battery","V"
"07/13/2019","06:48:48","9","default","116269760","OXY_CH9","41.839","min","295.673","μmol/L","Humid","18.861","deg","97366","µV","20.217","°C","1013.000","hPa","36.5","pmil","0","55.690","deg","20.000","°C","100.000","%a.s.","22.400","deg","20.000","°C","962.000","hPa","0.861","-0.02617","0.00035","0","0","13.56","Humid","35.35","0","78.50","295825.09","SABD0002000014","AAV2.0.0.13","3.0.1.1413","PSt7-10","180509-002","6/18/2019 6:15:17 AM","0000-00","0","no battery","V"
"07/13/2019","06:48:49","9","default","116269760","OXY_CH9","41.856","min","295.888","μmol/L","Humid","18.857","deg","97371","µV","20.205","°C","1013.000","hPa","36.5","pmil","0","55.690","deg","20.000","°C","100.000","%a.s.","22.400","deg","20.000","°C","962.000","hPa","0.861","-0.02617","0.00035","0","0","13.56","Humid","35.35","0","78.50","295836.01","SABD0002000014","AAV2.0.0.13","3.0.1.1413","PSt7-10","180509-002","6/18/2019 6:15:17 AM","0000-00","0","no battery","V"
"07/13/2019","06:48:50","9","default","116269760","OXY_CH9","41.873","min","295.892","μmol/L","Humid","18.855","deg","97362","µV","20.211","°C","1013.000","hPa","36.5","pmil","0","55.690","deg","20.000","°C","100.000","%a.s.","22.400","deg","20.000","°C","962.000","hPa","0.861","-0.02617","0.00035","0","0","13.56","Humid","35.35","0","78.50","295826.80","SABD0002000014","AAV2.0.0.13","3.0.1.1413","PSt7-10","180509-002","6/18/2019 6:15:17 AM","0000-00","0","no battery","V"
"07/13/2019","06:48:51","9","default","116269760","OXY_CH9","41.889","min","296.028","μmol/L","Humid","18.852","deg","97346","µV","20.205","°C","1013.000","hPa","36.5","pmil","0","55.690","deg","20.000","°C","100.000","%a.s.","22.400","deg","20.000","°C","962.000","hPa","0.861","-0.02617","0.00035","0","0","13.56","Humid","35.35","0","78.50","295833.72","SABD0002000014","AAV2.0.0.13","3.0.1.1413","PSt7-10","180509-002","6/18/2019 6:15:17 AM","0000-00","0","no battery","V"
"07/13/2019","06:48:52","9","default","116269760","OXY_CH9","41.906","min","295.895","μmol/L","Humid","18.853","deg","97347","µV","20.217","°C","1013.000","hPa","36.5","pmil","0","55.690","deg","20.000","°C","100.000","%a.s.","22.400","deg","20.000","°C","962.000","hPa","0.861","-0.02617","0.00035","0","0","13.56","Humid","35.35","0","78.50","295825.11","SABD0002000014","AAV2.0.0.13","3.0.1.1413","PSt7-10","180509-002","6/18/2019 6:15:17 AM","0000-00","0","no battery","V"
"07/13/2019","06:48:53","9","default","116269760","OXY_CH9","41.922","min","295.895","μmol/L","Humid","18.853","deg","97341","µV","20.217","°C","1013.000","hPa","36.5","pmil","0","55.690","deg","20.000","°C","100.000","%a.s.","22.400","deg","20.000","°C","962.000","hPa","0.861","-0.02617","0.00035","0","0","13.56","Humid","35.35","0","78.50","295827.43","SABD0002000014","AAV2.0.0.13","3.0.1.1413","PSt7-10","180509-002","6/18/2019 6:15:17 AM","0000-00","0","no battery","V"
"07/13/2019","06:48:54","9","default","116269760","OXY_CH9","41.939","min","295.951","μmol/L","Humid","18.851","deg","97330","µV","20.217","°C","1013.000","hPa","36.5","pmil","0","55.690","deg","20.000","°C","100.000","%a.s.","22.400","deg","20.000","°C","962.000","hPa","0.861","-0.02617","0.00035","0","0","13.56","Humid","35.35","0","78.50","295824.69","SABD0002000014","AAV2.0.0.13","3.0.1.1413","PSt7-10","180509-002","6/18/2019 6:15:17 AM","0000-00","0","no battery","V"
"07/13/2019","06:48:55","9","default","116269760","OXY_CH9","41.955","min","295.975","μmol/L","Humid","18.852","deg","97312","µV","20.211","°C","1013.000","hPa","36.5","pmil","0","55.690","deg","20.000","°C","100.000","%a.s.","22.400","deg","20.000","°C","962.000","hPa","0.861","-0.02617","0.00035","0","0","13.56","Humid","35.35","0","78.50","295815.97","SABD0002000014","AAV2.0.0.13","3.0.1.1413","PSt7-10","180509-002","6/18/2019 6:15:17 AM","0000-00","0","no battery","V"
"07/13/2019","06:48:56","9","default","116269760","OXY_CH9","41.972","min","296.034","μmol/L","Humid","18.848","deg","97311","µV","20.217","°C","1013.000","hPa","36.5","pmil","0","55.690","deg","20.000","°C","100.000","%a.s.","22.400","deg","20.000","°C","962.000","hPa","0.861","-0.02617","0.00035","0","0","13.56","Humid","35.35","0","78.50","295828.66","SABD0002000014","AAV2.0.0.13","3.0.1.1413","PSt7-10","180509-002","6/18/2019 6:15:17 AM","0000-00","0","no battery","V"
"07/13/2019","06:48:57","9","default","116269760","OXY_CH9","41.989","min","296.115","μmol/L","Humid","18.847","deg","97294","µV","20.211","°C","1013.000","hPa","36.5","pmil","0","55.690","deg","20.000","°C","100.000","%a.s.","22.400","deg","20.000","°C","962.000","hPa","0.861","-0.02617","0.00035","0","0","13.56","Humid","35.35","0","78.50","295813.96","SABD0002000014","AAV2.0.0.13","3.0.1.1413","PSt7-10","180509-002","6/18/2019 6:15:17 AM","0000-00","0","no battery","V"
"07/13/2019","06:48:58","9","default","116269760","OXY_CH9","42.006","min","296.170","μmol/L","Humid","18.845","deg","97295","µV","20.211","°C","1013.000","hPa","36.5","pmil","0","55.690","deg","20.000","°C","100.000","%a.s.","22.400","deg","20.000","°C","962.000","hPa","0.861","-0.02617","0.00035","0","0","13.56","Humid","35.35","0","78.50","295825.51","SABD0002000014","AAV2.0.0.13","3.0.1.1413","PSt7-10","180509-002","6/18/2019 6:15:17 AM","0000-00","0","no battery","V"
"07/13/2019","06:48:59","9","default","116269760","OXY_CH9","42.022","min","296.167","μmol/L","Humid","18.847","deg","97288","µV","20.205","°C","1013.000","hPa","36.5","pmil","0","55.690","deg","20.000","°C","100.000","%a.s.","22.400","deg","20.000","°C","962.000","hPa","0.861","-0.02617","0.00035","0","0","13.56","Humid","35.35","0","78.50","295820.34","SABD0002000014","AAV2.0.0.13","3.0.1.1413","PSt7-10","180509-002","6/18/2019 6:15:17 AM","0000-00","0","no battery","V"
"07/13/2019","06:49:00","9","default","116269760","OXY_CH9","42.039","min","296.062","μmol/L","Humid","18.847","deg","97282","µV","20.217","°C","1013.000","hPa","36.5","pmil","0","55.690","deg","20.000","°C","100.000","%a.s.","22.400","deg","20.000","°C","962.000","hPa","0.861","-0.02617","0.00035","0","0","13.56","Humid","35.35","0","78.50","295825.91","SABD0002000014","AAV2.0.0.13","3.0.1.1413","PSt7-10","180509-002","6/18/2019 6:15:17 AM","0000-00","0","no battery","V"
"07/13/2019","06:49:01","9","default","116269760","OXY_CH9","42.056","min","296.142","μmol/L","Humid","18.846","deg","97272","µV","20.211","°C","1013.000","hPa","36.5","pmil","0","55.690","deg","20.000","°C","100.000","%a.s.","22.400","deg","20.000","°C","962.000","hPa","0.861","-0.02617","0.00035","0","0","13.56","Humid","35.35","0","78.50","295817.05","SABD0002000014","AAV2.0.0.13","3.0.1.1413","PSt7-10","180509-002","6/18/2019 6:15:17 AM","0000-00","0","no battery","V"
"07/13/2019","06:49:02","9","default","116269760","OXY_CH9","42.072","min","296.310","μmol/L","Humid","18.840","deg","97263","µV","20.211","°C","1013.000","hPa","36.5","pmil","0","55.690","deg","20.000","°C","100.000","%a.s.","22.400","deg","20.000","°C","962.000","hPa","0.861","-0.02617","0.00035","0","0","13.56","Humid","35.35","0","78.50","295812.93","SABD0002000014","AAV2.0.0.13","3.0.1.1413","PSt7-10","180509-002","6/18/2019 6:15:17 AM","0000-00","0","no battery","V"
"07/13/2019","06:49:03","9","default","116269760","OXY_CH9","42.089","min","296.254","μmol/L","Humid","18.842","deg","97258","µV","20.211","°C","1013.000","hPa","36.5","pmil","0","55.690","deg","20.000","°C","100.000","%a.s.","22.400","deg","20.000","°C","962.000","hPa","0.861","-0.02617","0.00035","0","0","13.56","Humid","35.35","0","78.50","295824.27","SABD0002000014","AAV2.0.0.13","3.0.1.1413","PSt7-10","180509-002","6/18/2019 6:15:17 AM","0000-00","0","no battery","V"
"07/13/2019","06:49:04","9","default","116269760","OXY_CH9","42.106","min","296.313","μmol/L","Humid","18.838","deg","97250","µV","20.217","°C","1013.000","hPa","36.5","pmil","0","55.690","deg","20.000","°C","100.000","%a.s.","22.400","deg","20.000","°C","962.000","hPa","0.861","-0.02617","0.00035","0","0","13.56","Humid","35.35","0","78.50","295831.40","SABD0002000014","AAV2.0.0.13","3.0.1.1413","PSt7-10","180509-002","6/18/2019 6:15:17 AM","0000-00","0","no battery","V"
"07/13/2019","06:49:05","9","default","116269760","OXY_CH9","42.122","min","296.310","μmol/L","Humid","18.840","deg","97243","µV","20.211","°C","1013.000","hPa","36.5","pmil","0","55.690","deg","20.000","°C","100.000","%a.s.","22.400","deg","20.000","°C","962.000","hPa","0.861","-0.02617","0.00035","0","0","13.56","Humid","35.35","0","78.50","295812.90","SABD0002000014","AAV2.0.0.13","3.0.1.1413","PSt7-10","180509-002","6/18/2019 6:15:17 AM","0000-00","0","no battery","V"
"07/13/2019","06:49:06","9","default","116269760","OXY_CH9","42.139","min","296.341","μmol/L","Humid","18.837","deg","97232","µV","20.217","°C","1013.000","hPa","36.5","pmil","0","55.690","deg","20.000","°C","100.000","%a.s.","22.400","deg","20.000","°C","962.000","hPa","0.861","-0.02617","0.00035","0","0","13.56","Humid","35.35","0","78.50","295813.31","SABD0002000014","AAV2.0.0.13","3.0.1.1413","PSt7-10","180509-002","6/18/2019 6:15:17 AM","0000-00","0","no battery","V"
"07/13/2019","06:49:07","9","default","116269760","OXY_CH9","42.156","min","296.533","μmol/L","Humid","18.832","deg","97228","µV","20.211","°C","1013.000","hPa","36.5","pmil","0","55.690","deg","20.000","°C","100.000","%a.s.","22.400","deg","20.000","°C","962.000","hPa","0.861","-0.02617","0.00035","0","0","13.56","Humid","35.35","0","78.50","295818.83","SABD0002000014","AAV2.0.0.13","3.0.1.1413","PSt7-10","180509-002","6/18/2019 6:15:17 AM","0000-00","0","no battery","V"
"07/13/2019","06:49:08","9","default","116269760","OXY_CH9","42.172","min","296.505","μmol/L","Humid","18.833","deg","97218","µV","20.211","°C","1013.000","hPa","36.5","pmil","0","55.690","deg","20.000","°C","100.000","%a.s.","22.400","deg","20.000","°C","962.000","hPa","0.861","-0.02617","0.00035","0","0","13.56","Humid","35.35","0","78.50","295813.63","SABD0002000014","AAV2.0.0.13","3.0.1.1413","PSt7-10","180509-002","6/18/2019 6:15:17 AM","0000-00","0","no battery","V"
"07/13/2019","06:49:09","9","default","116269760","OXY_CH9","42.189","min","296.505","μmol/L","Humid","18.833","deg","97209","µV","20.211","°C","1013.000","hPa","36.5","pmil","0","55.690","deg","20.000","°C","100.000","%a.s.","22.400","deg","20.000","°C","962.000","hPa","0.861","-0.02617","0.00035","0","0","13.56","Humid","35.35","0","78.50","295819.49","SABD0002000014","AAV2.0.0.13","3.0.1.1413","PSt7-10","180509-002","6/18/2019 6:15:17 AM","0000-00","0","no battery","V"
"07/13/2019","06:49:10","9","default","116269760","OXY_CH9","42.206","min","296.533","μmol/L","Humid","18.832","deg","97203","µV","20.211","°C","1013.000","hPa","36.5","pmil","0","55.690","deg","20.000","°C","100.000","%a.s.","22.400","deg","20.000","°C","962.000","hPa","0.861","-0.02617","0.00035","0","0","13.56","Humid","35.35","0","78.50","295810.54","SABD0002000014","AAV2.0.0.13","3.0.1.1413","PSt7-10","180509-002","6/18/2019 6:15:17 AM","0000-00","0","no battery","V"
"07/13/2019","06:49:11","9","default","116269760","OXY_CH9","42.222","min","296.540","μmol/L","Humid","18.828","deg","97191","µV","20.224","°C","1013.000","hPa","36.5","pmil","0","55.690","deg","20.000","°C","100.000","%a.s.","22.400","deg","20.000","°C","962.000","hPa","0.861","-0.02617","0.00035","0","0","13.56","Humid","35.35","0","78.50","295827.05","SABD0002000014","AAV2.0.0.13","3.0.1.1413","PSt7-10","180509-002","6/18/2019 6:15:17 AM","0000-00","0","no battery","V"
"07/13/2019","06:49:12","9","default","116269760","OXY_CH9","42.239","min","296.700","μmol/L","Humid","18.826","deg","97183","µV","20.211","°C","1013.000","hPa","36.5","pmil","0","55.690","deg","20.000","°C","100.000","%a.s.","22.400","deg","20.000","°C","962.000","hPa","0.861","-0.02617","0.00035","0","0","13.56","Humid","35.35","0","78.50","295812.01","SABD0002000014","AAV2.0.0.13","3.0.1.1413","PSt7-10","180509-002","6/18/2019 6:15:17 AM","0000-00","0","no battery","V"
"07/13/2019","06:49:13","9","default","116269760","OXY_CH9","42.255","min","296.617","μmol/L","Humid","18.829","deg","97167","µV","20.211","°C","1013.000","hPa","36.5","pmil","0","55.690","deg","20.000","°C","100.000","%a.s.","22.400","deg","20.000","°C","962.000","hPa","0.861","-0.02617","0.00035","0","0","13.56","Humid","35.35","0","78.50","295808.98","SABD0002000014","AAV2.0.0.13","3.0.1.1413","PSt7-10","180509-002","6/18/2019 6:15:17 AM","0000-00","0","no battery","V"
"07/13/2019","06:49:14","9","default","116269760","OXY_CH9","42.272","min","296.753","μmol/L","Humid","18.826","deg","97168","µV","20.205","°C","1013.000","hPa","36.5","pmil","0","55.690","deg","20.000","°C","100.000","%a.s.","22.400","deg","20.000","°C","962.000","hPa","0.861","-0.02617","0.00035","0","0","13.56","Humid","35.35","0","78.50","295829.06","SABD0002000014","AAV2.0.0.13","3.0.1.1413","PSt7-10","180509-002","6/18/2019 6:15:17 AM","0000-00","0","no battery","V"
"07/13/2019","06:49:15","9","default","116269760","OXY_CH9","42.289","min","296.700","μmol/L","Humid","18.826","deg","97165","µV","20.211","°C","1013.000","hPa","36.5","pmil","0","55.690","deg","20.000","°C","100.000","%a.s.","22.400","deg","20.000","°C","962.000","hPa","0.861","-0.02617","0.00035","0","0","13.56","Humid","35.35","0","78.50","295831.67","SABD0002000014","AAV2.0.0.13","3.0.1.1413","PSt7-10","180509-002","6/18/2019 6:15:17 AM","0000-00","0","no battery","V"
"07/13/2019","06:49:16","9","default","116269760","OXY_CH9","42.305","min","296.784","μmol/L","Humid","18.823","deg","97157","µV","20.211","°C","1013.000","hPa","36.5","pmil","0","55.690","deg","20.000","°C","100.000","%a.s.","22.400","deg","20.000","°C","962.000","hPa","0.861","-0.02617","0.00035","0","0","13.56","Humid","35.35","0","78.50","295829.36","SABD0002000014","AAV2.0.0.13","3.0.1.1413","PSt7-10","180509-002","6/18/2019 6:15:17 AM","0000-00","0","no battery","V"
"07/13/2019","06:49:17","9","default","116269760","OXY_CH9","42.322","min","296.896","μmol/L","Humid","18.819","deg","97136","µV","20.211","°C","1013.000","hPa","36.5","pmil","0","55.690","deg","20.000","°C","100.000","%a.s.","22.400","deg","20.000","°C","962.000","hPa","0.861","-0.02617","0.00035","0","0","13.56","Humid","35.35","0","78.50","295822.83","SABD0002000014","AAV2.0.0.13","3.0.1.1413","PSt7-10","180509-002","6/18/2019 6:15:17 AM","0000-00","0","no battery","V"
"07/13/2019","06:49:18","9","default","116269760","OXY_CH9","42.339","min","296.788","μmol/L","Humid","18.821","deg","97132","µV","20.217","°C","1013.000","hPa","36.5","pmil","0","55.690","deg","20.000","°C","100.000","%a.s.","22.400","deg","20.000","°C","962.000","hPa","0.861","-0.02617","0.00035","0","0","13.56","Humid","35.35","0","78.50","295820.91","SABD0002000014","AAV2.0.0.13","3.0.1.1413","PSt7-10","180509-002","6/18/2019 6:15:17 AM","0000-00","0","no battery","V"
"07/13/2019","06:49:19","9","default","116269760","OXY_CH9","42.355","min","296.791","μmol/L","Humid","18.819","deg","97131","µV","20.224","°C","1013.000","hPa","36.5","pmil","0","55.690","deg","20.000","°C","100.000","%a.s.","22.400","deg","20.000","°C","962.000","hPa","0.861","-0.02617","0.00035","0","0","13.56","Humid","35.35","0","78.50","295819.13","SABD0002000014","AAV2.0.0.13","3.0.1.1413","PSt7-10","180509-002","6/18/2019 6:15:17 AM","0000-00","0","no battery","V"
"07/13/2019","06:49:20","9","default","116269760","OXY_CH9","42.372","min","296.868","μmol/L","Humid","18.820","deg","97123","µV","20.211","°C","1013.000","hPa","36.5","pmil","0","55.690","deg","20.000","°C","100.000","%a.s.","22.400","deg","20.000","°C","962.000","hPa","0.861","-0.02617","0.00035","0","0","13.56","Humid","35.35","0","78.50","295821.77","SABD0002000014","AAV2.0.0.13","3.0.1.1413","PSt7-10","180509-002","6/18/2019 6:15:17 AM","0000-00","0","no battery","V"
"07/13/2019","06:49:21","9","default","116269760","OXY_CH9","42.389","min","296.924","μmol/L","Humid","18.818","deg","97103","µV","20.211","°C","1013.000","hPa","36.5","pmil","0","55.690","deg","20.000","°C","100.000","%a.s.","22.400","deg","20.000","°C","962.000","hPa","0.861","-0.02617","0.00035","0","0","13.56","Humid","35.35","0","78.50","295828.79","SABD0002000014","AAV2.0.0.13","3.0.1.1413","PSt7-10","180509-002","6/18/2019 6:15:17 AM","0000-00","0","no battery","V"
"07/13/2019","06:49:22","9","default","116269760","OXY_CH9","42.406","min","296.955","μmol/L","Humid","18.815","deg","97110","µV","20.217","°C","1013.000","hPa","36.5","pmil","0","55.690","deg","20.000","°C","100.000","%a.s.","22.400","deg","20.000","°C","962.000","hPa","0.861","-0.02617","0.00035","0","0","13.56","Humid","35.35","0","78.50","295838.76","SABD0002000014","AAV2.0.0.13","3.0.1.1413","PSt7-10","180509-002","6/18/2019 6:15:17 AM","0000-00","0","no battery","V"
"07/13/2019","06:49:23","9","default","116269760","OXY_CH9","42.422","min","297.092","μmol/L","Humid","18.812","deg","97088","µV","20.211","°C","1013.000","hPa","36.5","pmil","0","55.690","deg","20.000","°C","100.000","%a.s.","22.400","deg","20.000","°C","962.000","hPa","0.861","-0.02617","0.00035","0","0","13.56","Humid","35.35","0","78.50","295815.28","SABD0002000014","AAV2.0.0.13","3.0.1.1413","PSt7-10","180509-002","6/18/2019 6:15:17 AM","0000-00","0","no battery","V"
"07/13/2019","06:49:24","9","default","116269760","OXY_CH9","42.439","min","297.039","μmol/L","Humid","18.812","deg","97084","µV","20.217","°C","1013.000","hPa","36.5","pmil","0","55.690","deg","20.000","°C","100.000","%a.s.","22.400","deg","20.000","°C","962.000","hPa","0.861","-0.02617","0.00035","0","0","13.56","Humid","35.35","0","78.50","295827.34","SABD0002000014","AAV2.0.0.13","3.0.1.1413","PSt7-10","180509-002","6/18/2019 6:15:17 AM","0000-00","0","no battery","V"
"07/13/2019","06:49:25","9","default","116269760","OXY_CH9","42.456","min","297.036","μmol/L","Humid","18.814","deg","97081","µV","20.211","°C","1013.000","hPa","36.5","pmil","0","55.690","deg","20.000","°C","100.000","%a.s.","22.400","deg","20.000","°C","962.000","hPa","0.861","-0.02617","0.00035","0","0","13.56","Humid","35.35","0","78.50","295838.46","SABD0002000014","AAV2.0.0.13","3.0.1.1413","PSt7-10","180509-002","6/18/2019 6:15:17 AM","0000-00","0","no battery","V"
"07/13/2019","06:49:26","9","default","116269760","OXY_CH9","42.473","min","297.123","μmol/L","Humid","18.809","deg","97075","µV","20.217","°C","1013.000","hPa","36.5","pmil","0","55.690","deg","20.000","°C","100.000","%a.s.","22.400","deg","20.000","°C","962.000","hPa","0.861","-0.02617","0.00035","0","0","13.56","Humid","35.35","0","78.50","295824.94","SABD0002000014","AAV2.0.0.13","3.0.1.1413","PSt7-10","180509-002","6/18/2019 6:15:17 AM","0000-00","0","no battery","V"
"07/13/2019","06:49:27","9","default","116269760","OXY_CH9","42.489","min","297.120","μmol/L","Humid","18.811","deg","97062","µV","20.211","°C","1013.000","hPa","36.5","pmil","0","55.690","deg","20.000","°C","100.000","%a.s.","22.400","deg","20.000","°C","962.000","hPa","0.861","-0.02617","0.00035","0","0","13.56","Humid","35.35","0","78.50","295821.72","SABD0002000014","AAV2.0.0.13","3.0.1.1413","PSt7-10","180509-002","6/18/2019 6:15:17 AM","0000-00","0","no battery","V"
"07/13/2019","06:49:28","9","default","116269760","OXY_CH9","42.506","min","297.067","μmol/L","Humid","18.811","deg","97061","µV","20.217","°C","1013.000","hPa","36.5","pmil","0","55.690","deg","20.000","°C","100.000","%a.s.","22.400","deg","20.000","°C","962.000","hPa","0.861","-0.02617","0.00035","0","0","13.56","Humid","35.35","0","78.50","295836.60","SABD0002000014","AAV2.0.0.13","3.0.1.1413","PSt7-10","180509-002","6/18/2019 6:15:17 AM","0000-00","0","no battery","V"
"07/13/2019","06:49:29","9","default","116269760","OXY_CH9","42.522","min","297.179","μmol/L","Humid","18.807","deg","97055","µV","20.217","°C","1013.000","hPa","36.5","pmil","0","55.690","deg","20.000","°C","100.000","%a.s.","22.400","deg","20.000","°C","962.000","hPa","0.861","-0.02617","0.00035","0","0","13.56","Humid","35.35","0","78.50","295830.60","SABD0002000014","AAV2.0.0.13","3.0.1.1413","PSt7-10","180509-002","6/18/2019 6:15:17 AM","0000-00","0","no battery","V"
"07/13/2019","06:49:30","9","default","116269760","OXY_CH9","42.539","min","297.316","μmol/L","Humid","18.804","deg","97044","µV","20.211","°C","1013.000","hPa","36.5","pmil","0","55.690","deg","20.000","°C","100.000","%a.s.","22.400","deg","20.000","°C","962.000","hPa","0.861","-0.02617","0.00035","0","0","13.56","Humid","35.35","0","78.50","295831.21","SABD0002000014","AAV2.0.0.13","3.0.1.1413","PSt7-10","180509-002","6/18/2019 6:15:17 AM","0000-00","0","no battery","V"
"07/13/2019","06:49:31","9","default","116269760","OXY_CH9","42.556","min","297.288","μmol/L","Humid","18.805","deg","97037","µV","20.211","°C","1013.000","hPa","36.5","pmil","0","55.690","deg","20.000","°C","100.000","%a.s.","22.400","deg","20.000","°C","962.000","hPa","0.861","-0.02617","0.00035","0","0","13.56","Humid","35.35","0","78.50","295818.18","SABD0002000014","AAV2.0.0.13","3.0.1.1413","PSt7-10","180509-002","6/18/2019 6:15:17 AM","0000-00","0","no battery","V"
"07/13/2019","06:49:32","9","default","116269760","OXY_CH9","42.573","min","297.344","μmol/L","Humid","18.803","deg","97030","µV","20.211","°C","1013.000","hPa","36.5","pmil","0","55.690","deg","20.000","°C","100.000","%a.s.","22.400","deg","20.000","°C","962.000","hPa","0.861","-0.02617","0.00035","0","0","13.56","Humid","35.35","0","78.50","295835.41","SABD0002000014","AAV2.0.0.13","3.0.1.1413","PSt7-10","180509-002","6/18/2019 6:15:17 AM","0000-00","0","no battery","V"
"07/13/2019","06:49:33","9","default","116269760","OXY_CH9","42.589","min","297.291","μmol/L","Humid","18.803","deg","97024","µV","20.217","°C","1013.000","hPa","36.5","pmil","0","55.690","deg","20.000","°C","100.000","%a.s.","22.400","deg","20.000","°C","962.000","hPa","0.861","-0.02617","0.00035","0","0","13.56","Humid","35.35","0","78.50","295823.36","SABD0002000014","AAV2.0.0.13","3.0.1.1413","PSt7-10","180509-002","6/18/2019 6:15:17 AM","0000-00","0","no battery","V"
"07/13/2019","06:49:34","9","default","116269760","OXY_CH9","42.606","min","297.295","μmol/L","Humid","18.801","deg","97017","µV","20.224","°C","1013.000","hPa","36.5","pmil","0","55.690","deg","20.000","°C","100.000","%a.s.","22.400","deg","20.000","°C","962.000","hPa","0.861","-0.02617","0.00035","0","0","13.56","Humid","35.35","0","78.50","295822.35","SABD0002000014","AAV2.0.0.13","3.0.1.1413","PSt7-10","180509-002","6/18/2019 6:15:17 AM","0000-00","0","no battery","V"
"07/13/2019","06:49:35","9","default","116269760","OXY_CH9","42.622","min","297.515","μmol/L","Humid","18.795","deg","97009","µV","20.217","°C","1013.000","hPa","36.5","pmil","0","55.690","deg","20.000","°C","100.000","%a.s.","22.400","deg","20.000","°C","962.000","hPa","0.861","-0.02617","0.00035","0","0","13.56","Humid","35.35","0","78.50","295827.68","SABD0002000014","AAV2.0.0.13","3.0.1.1413","PSt7-10","180509-002","6/18/2019 6:15:17 AM","0000-00","0","no battery","V"
"07/13/2019","06:49:36","9","default","116269760","OXY_CH9","42.639","min","297.512","μmol/L","Humid","18.797","deg","97000","µV","20.211","°C","1013.000","hPa","36.5","pmil","0","55.690","deg","20.000","°C","100.000","%a.s.","22.400","deg","20.000","°C","962.000","hPa","0.861","-0.02617","0.00035","0","0","13.56","Humid","35.35","0","78.50","295810.25","SABD0002000014","AAV2.0.0.13","3.0.1.1413","PSt7-10","180509-002","6/18/2019 6:15:17 AM","0000-00","0","no battery","V"
"07/13/2019","06:49:37","9","default","116269760","OXY_CH9","42.656","min","297.456","μmol/L","Humid","18.799","deg","96996","µV","20.211","°C","1013.000","hPa","36.5","pmil","0","55.690","deg","20.000","°C","100.000","%a.s.","22.400","deg","20.000","°C","962.000","hPa","0.861","-0.02617","0.00035","0","0","13.56","Humid","35.35","0","78.50","295825.33","SABD0002000014","AAV2.0.0.13","3.0.1.1413","PSt7-10","180509-002","6/18/2019 6:15:17 AM","0000-00","0","no battery","V"
"07/13/2019","06:49:38","9","default","116269760","OXY_CH9","42.672","min","297.540","μmol/L","Humid","18.796","deg","96995","µV","20.211","°C","1013.000","hPa","36.5","pmil","0","55.690","deg","20.000","°C","100.000","%a.s.","22.400","deg","20.000","°C","962.000","hPa","0.861","-0.02617","0.00035","0","0","13.56","Humid","35.35","0","78.50","295819.54","SABD0002000014","AAV2.0.0.13","3.0.1.1413","PSt7-10","180509-002","6/18/2019 6:15:17 AM","0000-00","0","no battery","V"
"07/13/2019","06:49:39","9","default","116269760","OXY_CH9","42.689","min","297.515","μmol/L","Humid","18.795","deg","96982","µV","20.217","°C","1013.000","hPa","36.5","pmil","0","55.690","deg","20.000","°C","100.000","%a.s.","22.400","deg","20.000","°C","962.000","hPa","0.861","-0.02617","0.00035","0","0","13.56","Humid","35.35","0","78.50","295824.45","SABD0002000014","AAV2.0.0.13","3.0.1.1413","PSt7-10","180509-002","6/18/2019 6:15:17 AM","0000-00","0","no battery","V"
"07/13/2019","06:49:40","9","default","116269760","OXY_CH9","42.706","min","297.403","μmol/L","Humid","18.799","deg","96972","µV","20.217","°C","1013.000","hPa","36.5","pmil","0","55.690","deg","20.000","°C","100.000","%a.s.","22.400","deg","20.000","°C","962.000","hPa","0.861","-0.02617","0.00035","0","0","13.56","Humid","35.35","0","78.50","295839.74","SABD0002000014","AAV2.0.0.13","3.0.1.1413","PSt7-10","180509-002","6/18/2019 6:15:17 AM","0000-00","0","no battery","V"
"07/13/2019","06:49:41","9","default","116269760","OXY_CH9","42.723","min","297.628","μmol/L","Humid","18.791","deg","96968","µV","20.217","°C","1013.000","hPa","36.5","pmil","0","55.690","deg","20.000","°C","100.000","%a.s.","22.400","deg","20.000","°C","962.000","hPa","0.861","-0.02617","0.00035","0","0","13.56","Humid","35.35","0","78.50","295832.83","SABD0002000014","AAV2.0.0.13","3.0.1.1413","PSt7-10","180509-002","6/18/2019 6:15:17 AM","0000-00","0","no battery","V"
"07/13/2019","06:49:42","9","default","116269760","OXY_CH9","42.739","min","297.600","μmol/L","Humid","18.792","deg","96955","µV","20.217","°C","1013.000","hPa","36.5","pmil","0","55.690","deg","20.000","°C","100.000","%a.s.","22.400","deg","20.000","°C","962.000","hPa","0.861","-0.02617","0.00035","0","0","13.56","Humid","35.35","0","78.50","295825.55","SABD0002000014","AAV2.0.0.13","3.0.1.1413","PSt7-10","180509-002","6/18/2019 6:15:17 AM","0000-00","0","no battery","V"
"07/13/2019","06:49:43","9","default","116269760","OXY_CH9","42.756","min","297.740","μmol/L","Humid","18.787","deg","96950","µV","20.217","°C","1013.000","hPa","36.5","pmil","0","55.690","deg","20.000","°C","100.000","%a.s.","22.400","deg","20.000","°C","962.000","hPa","0.861","-0.02617","0.00035","0","0","13.56","Humid","35.35","0","78.50","295833.28","SABD0002000014","AAV2.0.0.13","3.0.1.1413","PSt7-10","180509-002","6/18/2019 6:15:17 AM","0000-00","0","no battery","V"
"07/13/2019","06:49:44","9","default","116269760","OXY_CH9","42.773","min","297.792","μmol/L","Humid","18.787","deg","96947","µV","20.211","°C","1013.000","hPa","36.5","pmil","0","55.690","deg","20.000","°C","100.000","%a.s.","22.400","deg","20.000","°C","962.000","hPa","0.861","-0.02617","0.00035","0","0","13.56","Humid","35.35","0","78.50","295825.67","SABD0002000014","AAV2.0.0.13","3.0.1.1413","PSt7-10","180509-002","6/18/2019 6:15:17 AM","0000-00","0","no battery","V"
"07/13/2019","06:49:45","9","default","116269760","OXY_CH9","42.789","min","297.740","μmol/L","Humid","18.787","deg","96930","µV","20.217","°C","1013.000","hPa","36.5","pmil","0","55.690","deg","20.000","°C","100.000","%a.s.","22.400","deg","20.000","°C","962.000","hPa","0.861","-0.02617","0.00035","0","0","13.56","Humid","35.35","0","78.50","295805.35","SABD0002000014","AAV2.0.0.13","3.0.1.1413","PSt7-10","180509-002","6/18/2019 6:15:17 AM","0000-00","0","no battery","V"
"07/13/2019","06:49:46","9","default","116269760","OXY_CH9","42.806","min","297.792","μmol/L","Humid","18.787","deg","96924","µV","20.211","°C","1013.000","hPa","36.5","pmil","0","55.690","deg","20.000","°C","100.000","%a.s.","22.400","deg","20.000","°C","962.000","hPa","0.861","-0.02617","0.00035","0","0","13.56","Humid","35.35","0","78.50","295821.26","SABD0002000014","AAV2.0.0.13","3.0.1.1413","PSt7-10","180509-002","6/18/2019 6:15:17 AM","0000-00","0","no battery","V"
"07/13/2019","06:49:47","9","default","116269760","OXY_CH9","42.823","min","297.933","μmol/L","Humid","18.782","deg","96922","µV","20.211","°C","1013.000","hPa","36.5","pmil","0","55.690","deg","20.000","°C","100.000","%a.s.","22.400","deg","20.000","°C","962.000","hPa","0.861","-0.02617","0.00035","0","0","13.56","Humid","35.35","0","78.50","295833.02","SABD0002000014","AAV2.0.0.13","3.0.1.1413","PSt7-10","180509-002","6/18/2019 6:15:17 AM","0000-00","0","no battery","V"
"07/13/2019","06:49:48","9","default","116269760","OXY_CH9","42.839","min","297.961","μmol/L","Humid","18.781","deg","96914","µV","20.211","°C","1013.000","hPa","36.5","pmil","0","55.690","deg","20.000","°C","100.000","%a.s.","22.400","deg","20.000","°C","962.000","hPa","0.861","-0.02617","0.00035","0","0","13.56","Humid","35.35","0","78.50","295828.86","SABD0002000014","AAV2.0.0.13","3.0.1.1413","PSt7-10","180509-002","6/18/2019 6:15:17 AM","0000-00","0","no battery","V"
"07/13/2019","06:49:49","9","default","116269760","OXY_CH9","42.856","min","297.964","μmol/L","Humid","18.779","deg","96894","µV","20.217","°C","1013.000","hPa","36.5","pmil","0","55.690","deg","20.000","°C","100.000","%a.s.","22.400","deg","20.000","°C","962.000","hPa","0.861","-0.02617","0.00035","0","0","13.56","Humid","35.35","0","78.50","295835.29","SABD0002000014","AAV2.0.0.13","3.0.1.1413","PSt7-10","180509-002","6/18/2019 6:15:17 AM","0000-00","0","no battery","V"
"07/13/2019","06:49:50","9","default","116269760","OXY_CH9","42.872","min","297.908","μmol/L","Humid","18.781","deg","96891","µV","20.217","°C","1013.000","hPa","36.5","pmil","0","55.690","deg","20.000","°C","100.000","%a.s.","22.400","deg","20.000","°C","962.000","hPa","0.861","-0.02617","0.00035","0","0","13.56","Humid","35.35","0","78.50","295830.08","SABD0002000014","AAV2.0.0.13","3.0.1.1413","PSt7-10","180509-002","6/18/2019 6:15:17 AM","0000-00","0","no battery","V"
"07/13/2019","06:49:51","9","default","116269760","OXY_CH9","42.889","min","298.045","μmol/L","Humid","18.778","deg","96884","µV","20.211","°C","1013.000","hPa","36.5","pmil","0","55.690","deg","20.000","°C","100.000","%a.s.","22.400","deg","20.000","°C","962.000","hPa","0.861","-0.02617","0.00035","0","0","13.56","Humid","35.35","0","78.50","295826.08","SABD0002000014","AAV2.0.0.13","3.0.1.1413","PSt7-10","180509-002","6/18/2019 6:15:17 AM","0000-00","0","no battery","V"
"07/13/2019","06:49:52","9","default","116269760","OXY_CH9","42.906","min","297.936","μmol/L","Humid","18.780","deg","96874","µV","20.217","°C","1013.000","hPa","36.5","pmil","0","55.690","deg","20.000","°C","100.000","%a.s.","22.400","deg","20.000","°C","962.000","hPa","0.861","-0.02617","0.00035","0","0","13.56","Humid","35.35","0","78.50","295824.44","SABD0002000014","AAV2.0.0.13","3.0.1.1413","PSt7-10","180509-002","6/18/2019 6:15:17 AM","0000-00","0","no battery","V"
"07/13/2019","06:49:53","9","default","116269760","OXY_CH9","42.922","min","298.158","μmol/L","Humid","18.774","deg","96868","µV","20.211","°C","1013.000","hPa","36.5","pmil","0","55.690","deg","20.000","°C","100.000","%a.s.","22.400","deg","20.000","°C","962.000","hPa","0.861","-0.02617","0.00035","0","0","13.56","Humid","35.35","0","78.50","295815.09","SABD0002000014","AAV2.0.0.13","3.0.1.1413","PSt7-10","180509-002","6/18/2019 6:15:17 AM","0000-00","0","no battery","V"
"07/13/2019","06:49:54","9","default","116269760","OXY_CH9","42.939","min","298.105","μmol/L","Humid","18.774","deg","96865","µV","20.217","°C","1013.000","hPa","36.5","pmil","0","55.690","deg","20.000","°C","100.000","%a.s.","22.400","deg","20.000","°C","962.000","hPa","0.861","-0.02617","0.00035","0","0","13.56","Humid","35.35","0","78.50","295822.91","SABD0002000014","AAV2.0.0.13","3.0.1.1413","PSt7-10","180509-002","6/18/2019 6:15:17 AM","0000-00","0","no battery","V"
"07/13/2019","06:49:55","9","default","116269760","OXY_CH9","42.955","min","298.049","μmol/L","Humid","18.776","deg","96850","µV","20.217","°C","1013.000","hPa","36.5","pmil","0","55.690","deg","20.000","°C","100.000","%a.s.","22.400","deg","20.000","°C","962.000","hPa","0.861","-0.02617","0.00035","0","0","13.56","Humid","35.35","0","78.50","295828.65","SABD0002000014","AAV2.0.0.13","3.0.1.1413","PSt7-10","180509-002","6/18/2019 6:15:17 AM","0000-00","0","no battery","V"
"07/13/2019","06:49:56","9","default","116269760","OXY_CH9","42.972","min","298.137","μmol/L","Humid","18.771","deg","96850","µV","20.224","°C","1013.000","hPa","36.5","pmil","0","55.690","deg","20.000","°C","100.000","%a.s.","22.400","deg","20.000","°C","962.000","hPa","0.861","-0.02617","0.00035","0","0","13.56","Humid","35.35","0","78.50","295830.59","SABD0002000014","AAV2.0.0.13","3.0.1.1413","PSt7-10","180509-002","6/18/2019 6:15:17 AM","0000-00","0","no battery","V"
"07/13/2019","06:49:57","9","default","116269760","OXY_CH9","42.989","min","298.295","μmol/L","Humid","18.771","deg","96840","µV","20.205","°C","1013.000","hPa","36.5","pmil","0","55.690","deg","20.000","°C","100.000","%a.s.","22.400","deg","20.000","°C","962.000","hPa","0.861","-0.02617","0.00035","0","0","13.56","Humid","35.35","0","78.50","295837.95","SABD0002000014","AAV2.0.0.13","3.0.1.1413","PSt7-10","180509-002","6/18/2019 6:15:17 AM","0000-00","0","no battery","V"
"07/13/2019","06:49:58","9","default","116269760","OXY_CH9","43.005","min","298.242","μmol/L","Humid","18.771","deg","96836","µV","20.211","°C","1013.000","hPa","36.5","pmil","0","55.690","deg","20.000","°C","100.000","%a.s.","22.400","deg","20.000","°C","962.000","hPa","0.861","-0.02617","0.00035","0","0","13.56","Humid","35.35","0","78.50","295818.93","SABD0002000014","AAV2.0.0.13","3.0.1.1413","PSt7-10","180509-002","6/18/2019 6:15:17 AM","0000-00","0","no battery","V"
"07/13/2019","06:49:59","9","default","116269760","OXY_CH9","43.022","min","298.330","μmol/L","Humid","18.766","deg","96818","µV","20.217","°C","1013.000","hPa","36.5","pmil","0","55.690","deg","20.000","°C","100.000","%a.s.","22.400","deg","20.000","°C","962.000","hPa","0.861","-0.02617","0.00035","0","0","13.56","Humid","35.35","0","78.50","295821.25","SABD0002000014","AAV2.0.0.13","3.0.1.1413","PSt7-10","180509-002","6/18/2019 6:15:17 AM","0000-00","0","no battery","V"
"07/13/2019","06:50:00","9","default","116269760","OXY_CH9","43.039","min","298.274","μmol/L","Humid","18.768","deg","96817","µV","20.217","°C","1013.000","hPa","36.5","pmil","0","55.690","deg","20.000","°C","100.000","%a.s.","22.400","deg","20.000","°C","962.000","hPa","0.861","-0.02617","0.00035","0","0","13.56","Humid","35.35","0","78.50","295829.20","SABD0002000014","AAV2.0.0.13","3.0.1.1413","PSt7-10","180509-002","6/18/2019 6:15:17 AM","0000-00","0","no battery","V"
"07/13/2019","06:50:01","9","default","116269760","OXY_CH9","43.055","min","298.330","μmol/L","Humid","18.766","deg","96814","µV","20.217","°C","1013.000","hPa","36.5","pmil","0","55.690","deg","20.000","°C","100.000","%a.s.","22.400","deg","20.000","°C","962.000","hPa","0.861","-0.02617","0.00035","0","0","13.56","Humid","35.35","0","78.50","295826.47","SABD0002000014","AAV2.0.0.13","3.0.1.1413","PSt7-10","180509-002","6/18/2019 6:15:17 AM","0000-00","0","no battery","V"
"07/13/2019","06:50:02","9","default","116269760","OXY_CH9","43.072","min","298.383","μmol/L","Humid","18.766","deg","96802","µV","20.211","°C","1013.000","hPa","36.5","pmil","0","55.690","deg","20.000","°C","100.000","%a.s.","22.400","deg","20.000","°C","962.000","hPa","0.861","-0.02617","0.00035","0","0","13.56","Humid","35.35","0","78.50","295823.72","SABD0002000014","AAV2.0.0.13","3.0.1.1413","PSt7-10","180509-002","6/18/2019 6:15:17 AM","0000-00","0","no battery","V"
"07/13/2019","06:50:03","9","default","116269760","OXY_CH9","43.089","min","298.471","μmol/L","Humid","18.761","deg","96793","µV","20.217","°C","1013.000","hPa","36.5","pmil","0","55.690","deg","20.000","°C","100.000","%a.s.","22.400","deg","20.000","°C","962.000","hPa","0.861","-0.02617","0.00035","0","0","13.56","Humid","35.35","0","78.50","295805.38","SABD0002000014","AAV2.0.0.13","3.0.1.1413","PSt7-10","180509-002","6/18/2019 6:15:17 AM","0000-00","0","no battery","V"
"07/13/2019","06:50:04","9","default","116269760","OXY_CH9","43.106","min","298.467","μmol/L","Humid","18.763","deg","96782","µV","20.211","°C","1013.000","hPa","36.5","pmil","0","55.690","deg","20.000","°C","100.000","%a.s.","22.400","deg","20.000","°C","962.000","hPa","0.861","-0.02617","0.00035","0","0","13.56","Humid","35.35","0","78.50","295822.85","SABD0002000014","AAV2.0.0.13","3.0.1.1413","PSt7-10","180509-002","6/18/2019 6:15:17 AM","0000-00","0","no battery","V"
"07/13/2019","06:50:05","9","default","116269760","OXY_CH9","43.122","min","298.555","μmol/L","Humid","18.758","deg","96777","µV","20.217","°C","1013.000","hPa","36.5","pmil","0","55.690","deg","20.000","°C","100.000","%a.s.","22.400","deg","20.000","°C","962.000","hPa","0.861","-0.02617","0.00035","0","0","13.56","Humid","35.35","0","78.50","295820.31","SABD0002000014","AAV2.0.0.13","3.0.1.1413","PSt7-10","180509-002","6/18/2019 6:15:17 AM","0000-00","0","no battery","V"
"07/13/2019","06:50:06","9","default","116269760","OXY_CH9","43.139","min","298.471","μmol/L","Humid","18.761","deg","96770","µV","20.217","°C","1013.000","hPa","36.5","pmil","0","55.690","deg","20.000","°C","100.000","%a.s.","22.400","deg","20.000","°C","962.000","hPa","0.861","-0.02617","0.00035","0","0","13.56","Humid","35.35","0","78.50","295803.49","SABD0002000014","AAV2.0.0.13","3.0.1.1413","PSt7-10","180509-002","6/18/2019 6:15:17 AM","0000-00","0","no battery","V"
"07/13/2019","06:50:07","9","default","116269760","OXY_CH9","43.155","min","298.555","μmol/L","Humid","18.758","deg","96755","µV","20.217","°C","1013.000","hPa","36.5","pmil","0","55.690","deg","20.000","°C","100.000","%a.s.","22.400","deg","20.000","°C","962.000","hPa","0.861","-0.02617","0.00035","0","0","13.56","Humid","35.35","0","78.50","295797.89","SABD0002000014","AAV2.0.0.13","3.0.1.1413","PSt7-10","180509-002","6/18/2019 6:15:17 AM","0000-00","0","no battery","V"
"07/13/2019","06:50:08","9","default","116269760","OXY_CH9","43.172","min","298.583","μmol/L","Humid","18.757","deg","96761","µV","20.217","°C","1013.000","hPa","36.5","pmil","0","55.690","deg","20.000","°C","100.000","%a.s.","22.400","deg","20.000","°C","962.000","hPa","0.861","-0.02617","0.00035","0","0","13.56","Humid","35.35","0","78.50","295807.22","SABD0002000014","AAV2.0.0.13","3.0.1.1413","PSt7-10","180509-002","6/18/2019 6:15:17 AM","0000-00","0","no battery","V"
"07/13/2019","06:50:09","9","default","116269760","OXY_CH9","43.189","min","298.664","μmol/L","Humid","18.756","deg","96747","µV","20.211","°C","1013.000","hPa","36.5","pmil","0","55.690","deg","20.000","°C","100.000","%a.s.","22.400","deg","20.000","°C","962.000","hPa","0.861","-0.02617","0.00035","0","0","13.56","Humid","35.35","0","78.50","295815.40","SABD0002000014","AAV2.0.0.13","3.0.1.1413","PSt7-10","180509-002","6/18/2019 6:15:17 AM","0000-00","0","no battery","V"
"07/13/2019","06:50:10","9","default","116269760","OXY_CH9","43.205","min","298.672","μmol/L","Humid","18.752","deg","96738","µV","20.224","°C","1013.000","hPa","36.5","pmil","0","55.690","deg","20.000","°C","100.000","%a.s.","22.400","deg","20.000","°C","962.000","hPa","0.861","-0.02617","0.00035","0","0","13.56","Humid","35.35","0","78.50","295818.86","SABD0002000014","AAV2.0.0.13","3.0.1.1413","PSt7-10","180509-002","6/18/2019 6:15:17 AM","0000-00","0","no battery","V"
"07/13/2019","06:50:11","9","default","116269760","OXY_CH9","43.223","min","298.664","μmol/L","Humid","18.756","deg","96735","µV","20.211","°C","1013.000","hPa","36.5","pmil","0","55.690","deg","20.000","°C","100.000","%a.s.","22.400","deg","20.000","°C","962.000","hPa","0.861","-0.02617","0.00035","0","0","13.56","Humid","35.35","0","78.50","295809.88","SABD0002000014","AAV2.0.0.13","3.0.1.1413","PSt7-10","180509-002","6/18/2019 6:15:17 AM","0000-00","0","no battery","V"
"07/13/2019","06:50:12","9","default","116269760","OXY_CH9","43.239","min","298.640","μmol/L","Humid","18.755","deg","96737","µV","20.217","°C","1013.000","hPa","36.5","pmil","0","55.690","deg","20.000","°C","100.000","%a.s.","22.400","deg","20.000","°C","962.000","hPa","0.861","-0.02617","0.00035","0","0","13.56","Humid","35.35","0","78.50","295805.65","SABD0002000014","AAV2.0.0.13","3.0.1.1413","PSt7-10","180509-002","6/18/2019 6:15:17 AM","0000-00","0","no battery","V"
"07/13/2019","06:50:13","9","default","116269760","OXY_CH9","43.256","min","298.668","μmol/L","Humid","18.754","deg","96722","µV","20.217","°C","1013.000","hPa","36.5","pmil","0","55.690","deg","20.000","°C","100.000","%a.s.","22.400","deg","20.000","°C","962.000","hPa","0.861","-0.02617","0.00035","0","0","13.56","Humid","35.35","0","78.50","295817.11","SABD0002000014","AAV2.0.0.13","3.0.1.1413","PSt7-10","180509-002","6/18/2019 6:15:17 AM","0000-00","0","no battery","V"
"07/13/2019","06:50:14","9","default","116269760","OXY_CH9","43.272","min","298.752","μmol/L","Humid","18.751","deg","96716","µV","20.217","°C","1013.000","hPa","36.5","pmil","0","55.690","deg","20.000","°C","100.000","%a.s.","22.400","deg","20.000","°C","962.000","hPa","0.861","-0.02617","0.00035","0","0","13.56","Humid","35.35","0","78.50","295805.09","SABD0002000014","AAV2.0.0.13","3.0.1.1413","PSt7-10","180509-002","6/18/2019 6:15:17 AM","0000-00","0","no battery","V"
"07/13/2019","06:50:15","9","default","116269760","OXY_CH9","43.289","min","298.865","μmol/L","Humid","18.747","deg","96705","µV","20.217","°C","1013.000","hPa","36.5","pmil","0","55.690","deg","20.000","°C","100.000","%a.s.","22.400","deg","20.000","°C","962.000","hPa","0.861","-0.02617","0.00035","0","0","13.56","Humid","35.35","0","78.50","295808.79","SABD0002000014","AAV2.0.0.13","3.0.1.1413","PSt7-10","180509-002","6/18/2019 6:15:17 AM","0000-00","0","no battery","V"
"07/13/2019","06:50:16","9","default","116269760","OXY_CH9","43.305","min","298.784","μmol/L","Humid","18.748","deg","96702","µV","20.224","°C","1013.000","hPa","36.5","pmil","0","55.690","deg","20.000","°C","100.000","%a.s.","22.400","deg","20.000","°C","962.000","hPa","0.861","-0.02617","0.00035","0","0","13.56","Humid","35.35","0","78.50","295804.00","SABD0002000014","AAV2.0.0.13","3.0.1.1413","PSt7-10","180509-002","6/18/2019 6:15:17 AM","0000-00","0","no battery","V"
"07/13/2019","06:50:17","9","default","116269760","OXY_CH9","43.322","min","298.809","μmol/L","Humid","18.749","deg","96694","µV","20.217","°C","1013.000","hPa","36.5","pmil","0","55.690","deg","20.000","°C","100.000","%a.s.","22.400","deg","20.000","°C","962.000","hPa","0.861","-0.02617","0.00035","0","0","13.56","Humid","35.35","0","78.50","295807.88","SABD0002000014","AAV2.0.0.13","3.0.1.1413","PSt7-10","180509-002","6/18/2019 6:15:17 AM","0000-00","0","no battery","V"
"07/13/2019","06:50:18","9","default","116269760","OXY_CH9","43.339","min","298.841","μmol/L","Humid","18.746","deg","96696","µV","20.224","°C","1013.000","hPa","36.5","pmil","0","55.690","deg","20.000","°C","100.000","%a.s.","22.400","deg","20.000","°C","962.000","hPa","0.861","-0.02617","0.00035","0","0","13.56","Humid","35.35","0","78.50","295810.67","SABD0002000014","AAV2.0.0.13","3.0.1.1413","PSt7-10","180509-002","6/18/2019 6:15:17 AM","0000-00","0","no battery","V"
"07/13/2019","06:50:19","9","default","116269760","OXY_CH9","43.356","min","298.781","μmol/L","Humid","18.750","deg","96686","µV","20.217","°C","1013.000","hPa","36.5","pmil","0","55.690","deg","20.000","°C","100.000","%a.s.","22.400","deg","20.000","°C","962.000","hPa","0.861","-0.02617","0.00035","0","0","13.56","Humid","35.35","0","78.50","295824.85","SABD0002000014","AAV2.0.0.13","3.0.1.1413","PSt7-10","180509-002","6/18/2019 6:15:17 AM","0000-00","0","no battery","V"
"07/13/2019","06:50:20","9","default","116269760","OXY_CH9","43.372","min","298.954","μmol/L","Humid","18.742","deg","96681","µV","20.224","°C","1013.000","hPa","36.5","pmil","0","55.690","deg","20.000","°C","100.000","%a.s.","22.400","deg","20.000","°C","962.000","hPa","0.861","-0.02617","0.00035","0","0","13.56","Humid","35.35","0","78.50","295814.62","SABD0002000014","AAV2.0.0.13","3.0.1.1413","PSt7-10","180509-002","6/18/2019 6:15:17 AM","0000-00","0","no battery","V"
"07/13/2019","06:50:21","9","default","116269760","OXY_CH9","43.389","min","298.978","μmol/L","Humid","18.743","deg","96664","µV","20.217","°C","1013.000","hPa","36.5","pmil","0","55.690","deg","20.000","°C","100.000","%a.s.","22.400","deg","20.000","°C","962.000","hPa","0.861","-0.02617","0.00035","0","0","13.56","Humid","35.35","0","78.50","295802.68","SABD0002000014","AAV2.0.0.13","3.0.1.1413","PSt7-10","180509-002","6/18/2019 6:15:17 AM","0000-00","0","no battery","V"
"07/13/2019","06:50:22","9","default","116269760","OXY_CH9","43.405","min","298.950","μmol/L","Humid","18.744","deg","96664","µV","20.217","°C","1013.000","hPa","36.5","pmil","0","55.690","deg","20.000","°C","100.000","%a.s.","22.400","deg","20.000","°C","962.000","hPa","0.861","-0.02617","0.00035","0","0","13.56","Humid","35.35","0","78.50","295814.51","SABD0002000014","AAV2.0.0.13","3.0.1.1413","PSt7-10","180509-002","6/18/2019 6:15:17 AM","0000-00","0","no battery","V"
"07/13/2019","06:50:23","9","default","116269760","OXY_CH9","43.422","min","298.950","μmol/L","Humid","18.744","deg","96651","µV","20.217","°C","1013.000","hPa","36.5","pmil","0","55.690","deg","20.000","°C","100.000","%a.s.","22.400","deg","20.000","°C","962.000","hPa","0.861","-0.02617","0.00035","0","0","13.56","Humid","35.35","0","78.50","295809.60","SABD0002000014","AAV2.0.0.13","3.0.1.1413","PSt7-10","180509-002","6/18/2019 6:15:17 AM","0000-00","0","no battery","V"
"07/13/2019","06:50:24","9","default","116269760","OXY_CH9","43.439","min","298.946","μmol/L","Humid","18.746","deg","96648","µV","20.211","°C","1013.000","hPa","36.5","pmil","0","55.690","deg","20.000","°C","100.000","%a.s.","22.400","deg","20.000","°C","962.000","hPa","0.861","-0.02617","0.00035","0","0","13.56","Humid","35.35","0","78.50","295804.95","SABD0002000014","AAV2.0.0.13","3.0.1.1413","PSt7-10","180509-002","6/18/2019 6:15:17 AM","0000-00","0","no battery","V"
"07/13/2019","06:50:25","9","default","116269760","OXY_CH9","43.456","min","299.148","μmol/L","Humid","18.737","deg","96635","µV","20.217","°C","1013.000","hPa","36.5","pmil","0","55.690","deg","20.000","°C","100.000","%a.s.","22.400","deg","20.000","°C","962.000","hPa","0.861","-0.02617","0.00035","0","0","13.56","Humid","35.35","0","78.50","295819.56","SABD0002000014","AAV2.0.0.13","3.0.1.1413","PSt7-10","180509-002","6/18/2019 6:15:17 AM","0000-00","0","no battery","V"
"07/13/2019","06:50:26","9","default","116269760","OXY_CH9","43.472","min","299.095","μmol/L","Humid","18.737","deg","96623","µV","20.224","°C","1013.000","hPa","36.5","pmil","0","55.690","deg","20.000","°C","100.000","%a.s.","22.400","deg","20.000","°C","962.000","hPa","0.861","-0.02617","0.00035","0","0","13.56","Humid","35.35","0","78.50","295813.14","SABD0002000014","AAV2.0.0.13","3.0.1.1413","PSt7-10","180509-002","6/18/2019 6:15:17 AM","0000-00","0","no battery","V"
"07/13/2019","06:50:27","9","default","116269760","OXY_CH9","43.489","min","299.204","μmol/L","Humid","18.735","deg","96617","µV","20.217","°C","1013.000","hPa","36.5","pmil","0","55.690","deg","20.000","°C","100.000","%a.s.","22.400","deg","20.000","°C","962.000","hPa","0.861","-0.02617","0.00035","0","0","13.56","Humid","35.35","0","78.50","295803.18","SABD0002000014","AAV2.0.0.13","3.0.1.1413","PSt7-10","180509-002","6/18/2019 6:15:17 AM","0000-00","0","no battery","V"
"07/13/2019","06:50:28","9","default","116269760","OXY_CH9","43.506","min","299.151","μmol/L","Humid","18.735","deg","96610","µV","20.224","°C","1013.000","hPa","36.5","pmil","0","55.690","deg","20.000","°C","100.000","%a.s.","22.400","deg","20.000","°C","962.000","hPa","0.861","-0.02617","0.00035","0","0","13.56","Humid","35.35","0","78.50","295811.06","SABD0002000014","AAV2.0.0.13","3.0.1.1413","PSt7-10","180509-002","6/18/2019 6:15:17 AM","0000-00","0","no battery","V"
"07/13/2019","06:50:29","9","default","116269760","OXY_CH9","43.522","min","299.151","μmol/L","Humid","18.735","deg","96604","µV","20.224","°C","1013.000","hPa","36.5","pmil","0","55.690","deg","20.000","°C","100.000","%a.s.","22.400","deg","20.000","°C","962.000","hPa","0.861","-0.02617","0.00035","0","0","13.56","Humid","35.35","0","78.50","295805.02","SABD0002000014","AAV2.0.0.13","3.0.1.1413","PSt7-10","180509-002","6/18/2019 6:15:17 AM","0000-00","0","no battery","V"
"07/13/2019","06:50:30","9","default","116269760","OXY_CH9","43.538","min","299.398","μmol/L","Humid","18.730","deg","96593","µV","20.211","°C","1013.000","hPa","36.5","pmil","0","55.690","deg","20.000","°C","100.000","%a.s.","22.400","deg","20.000","°C","962.000","hPa","0.861","-0.02617","0.00035","0","0","13.56","Humid","35.35","0","78.50","295811.63","SABD0002000014","AAV2.0.0.13","3.0.1.1413","PSt7-10","180509-002","6/18/2019 6:15:17 AM","0000-00","0","no battery","V"
"07/13/2019","06:50:31","9","default","116269760","OXY_CH9","43.555","min","299.345","μmol/L","Humid","18.730","deg","96590","µV","20.217","°C","1013.000","hPa","36.5","pmil","0","55.690","deg","20.000","°C","100.000","%a.s.","22.400","deg","20.000","°C","962.000","hPa","0.861","-0.02617","0.00035","0","0","13.56","Humid","35.35","0","78.50","295816.55","SABD0002000014","AAV2.0.0.13","3.0.1.1413","PSt7-10","180509-002","6/18/2019 6:15:17 AM","0000-00","0","no battery","V"
"07/13/2019","06:50:32","9","default","116269760","OXY_CH9","43.572","min","299.321","μmol/L","Humid","18.729","deg","96582","µV","20.224","°C","1013.000","hPa","36.5","pmil","0","55.690","deg","20.000","°C","100.000","%a.s.","22.400","deg","20.000","°C","962.000","hPa","0.861","-0.02617","0.00035","0","0","13.56","Humid","35.35","0","78.50","295818.21","SABD0002000014","AAV2.0.0.13","3.0.1.1413","PSt7-10","180509-002","6/18/2019 6:15:17 AM","0000-00","0","no battery","V"
"07/13/2019","06:50:33","9","default","116269760","OXY_CH9","43.589","min","299.374","μmol/L","Humid","18.729","deg","96577","µV","20.217","°C","1013.000","hPa","36.5","pmil","0","55.690","deg","20.000","°C","100.000","%a.s.","22.400","deg","20.000","°C","962.000","hPa","0.861","-0.02617","0.00035","0","0","13.56","Humid","35.35","0","78.50","295818.32","SABD0002000014","AAV2.0.0.13","3.0.1.1413","PSt7-10","180509-002","6/18/2019 6:15:17 AM","0000-00","0","no battery","V"
"07/13/2019","06:50:34","9","default","116269760","OXY_CH9","43.605","min","299.487","μmol/L","Humid","18.725","deg","96568","µV","20.217","°C","1013.000","hPa","36.5","pmil","0","55.690","deg","20.000","°C","100.000","%a.s.","22.400","deg","20.000","°C","962.000","hPa","0.861","-0.02617","0.00035","0","0","13.56","Humid","35.35","0","78.50","295807.49","SABD0002000014","AAV2.0.0.13","3.0.1.1413","PSt7-10","180509-002","6/18/2019 6:15:17 AM","0000-00","0","no battery","V"
"07/13/2019","06:50:35","9","default","116269760","OXY_CH9","43.622","min","299.490","μmol/L","Humid","18.723","deg","96556","µV","20.224","°C","1013.000","hPa","36.5","pmil","0","55.690","deg","20.000","°C","100.000","%a.s.","22.400","deg","20.000","°C","962.000","hPa","0.861","-0.02617","0.00035","0","0","13.56","Humid","35.35","0","78.50","295809.23","SABD0002000014","AAV2.0.0.13","3.0.1.1413","PSt7-10","180509-002","6/18/2019 6:15:17 AM","0000-00","0","no battery","V"
"07/13/2019","06:50:36","9","default","116269760","OXY_CH9","43.639","min","299.458","μmol/L","Humid","18.726","deg","96547","µV","20.217","°C","1013.000","hPa","36.5","pmil","0","55.690","deg","20.000","°C","100.000","%a.s.","22.400","deg","20.000","°C","962.000","hPa","0.861","-0.02617","0.00035","0","0","13.56","Humid","35.35","0","78.50","295816.69","SABD0002000014","AAV2.0.0.13","3.0.1.1413","PSt7-10","180509-002","6/18/2019 6:15:17 AM","0000-00","0","no battery","V"
"07/13/2019","06:50:37","9","default","116269760","OXY_CH9","43.655","min","299.596","μmol/L","Humid","18.723","deg","96542","µV","20.211","°C","1013.000","hPa","36.5","pmil","0","55.690","deg","20.000","°C","100.000","%a.s.","22.400","deg","20.000","°C","962.000","hPa","0.861","-0.02617","0.00035","0","0","13.56","Humid","35.35","0","78.50","295814.48","SABD0002000014","AAV2.0.0.13","3.0.1.1413","PSt7-10","180509-002","6/18/2019 6:15:17 AM","0000-00","0","no battery","V"
"07/13/2019","06:50:38","9","default","116269760","OXY_CH9","43.672","min","299.572","μmol/L","Humid","18.722","deg","96535","µV","20.217","°C","1013.000","hPa","36.5","pmil","0","55.690","deg","20.000","°C","100.000","%a.s.","22.400","deg","20.000","°C","962.000","hPa","0.861","-0.02617","0.00035","0","0","13.56","Humid","35.35","0","78.50","295818.70","SABD0002000014","AAV2.0.0.13","3.0.1.1413","PSt7-10","180509-002","6/18/2019 6:15:17 AM","0000-00","0","no battery","V"
"07/13/2019","06:50:39","9","default","116269760","OXY_CH9","43.689","min","299.653","μmol/L","Humid","18.721","deg","96523","µV","20.211","°C","1013.000","hPa","36.5","pmil","0","55.690","deg","20.000","°C","100.000","%a.s.","22.400","deg","20.000","°C","962.000","hPa","0.861","-0.02617","0.00035","0","0","13.56","Humid","35.35","0","78.50","295807.73","SABD0002000014","AAV2.0.0.13","3.0.1.1413","PSt7-10","180509-002","6/18/2019 6:15:17 AM","0000-00","0","no battery","V"
"07/13/2019","06:50:40","9","default","116269760","OXY_CH9","43.706","min","299.600","μmol/L","Humid","18.721","deg","96511","µV","20.217","°C","1013.000","hPa","36.5","pmil","0","55.690","deg","20.000","°C","100.000","%a.s.","22.400","deg","20.000","°C","962.000","hPa","0.861","-0.02617","0.00035","0","0","13.56","Humid","35.35","0","78.50","295805.05","SABD0002000014","AAV2.0.0.13","3.0.1.1413","PSt7-10","180509-002","6/18/2019 6:15:17 AM","0000-00","0","no battery","V"
"07/13/2019","06:50:41","9","default","116269760","OXY_CH9","43.722","min","299.826","μmol/L","Humid","18.713","deg","96496","µV","20.217","°C","1013.000","hPa","36.5","pmil","0","55.690","deg","20.000","°C","100.000","%a.s.","22.400","deg","20.000","°C","962.000","hPa","0.861","-0.02617","0.00035","0","0","13.56","Humid","35.35","0","78.50","295812.24","SABD0002000014","AAV2.0.0.13","3.0.1.1413","PSt7-10","180509-002","6/18/2019 6:15:17 AM","0000-00","0","no battery","V"
"07/13/2019","06:50:42","9","default","116269760","OXY_CH9","43.739","min","299.713","μmol/L","Humid","18.717","deg","96494","µV","20.217","°C","1013.000","hPa","36.5","pmil","0","55.690","deg","20.000","°C","100.000","%a.s.","22.400","deg","20.000","°C","962.000","hPa","0.861","-0.02617","0.00035","0","0","13.56","Humid","35.35","0","78.50","295807.99","SABD0002000014","AAV2.0.0.13","3.0.1.1413","PSt7-10","180509-002","6/18/2019 6:15:17 AM","0000-00","0","no battery","V"
"07/13/2019","06:50:43","9","default","116269760","OXY_CH9","43.756","min","299.798","μmol/L","Humid","18.714","deg","96482","µV","20.217","°C","1013.000","hPa","36.5","pmil","0","55.690","deg","20.000","°C","100.000","%a.s.","22.400","deg","20.000","°C","962.000","hPa","0.861","-0.02617","0.00035","0","0","13.56","Humid","35.35","0","78.50","295801.21","SABD0002000014","AAV2.0.0.13","3.0.1.1413","PSt7-10","180509-002","6/18/2019 6:15:17 AM","0000-00","0","no battery","V"
"07/13/2019","06:50:44","9","default","116269760","OXY_CH9","43.772","min","299.713","μmol/L","Humid","18.717","deg","96480","µV","20.217","°C","1013.000","hPa","36.5","pmil","0","55.690","deg","20.000","°C","100.000","%a.s.","22.400","deg","20.000","°C","962.000","hPa","0.861","-0.02617","0.00035","0","0","13.56","Humid","35.35","0","78.50","295802.56","SABD0002000014","AAV2.0.0.13","3.0.1.1413","PSt7-10","180509-002","6/18/2019 6:15:17 AM","0000-00","0","no battery","V"
"07/13/2019","06:50:45","9","default","116269760","OXY_CH9","43.789","min","299.798","μmol/L","Humid","18.714","deg","96467","µV","20.217","°C","1013.000","hPa","36.5","pmil","0","55.690","deg","20.000","°C","100.000","%a.s.","22.400","deg","20.000","°C","962.000","hPa","0.861","-0.02617","0.00035","0","0","13.56","Humid","35.35","0","78.50","295794.02","SABD0002000014","AAV2.0.0.13","3.0.1.1413","PSt7-10","180509-002","6/18/2019 6:15:17 AM","0000-00","0","no battery","V"
"07/13/2019","06:50:46","9","default","116269760","OXY_CH9","43.805","min","299.911","μmol/L","Humid","18.710","deg","96458","µV","20.217","°C","1013.000","hPa","36.5","pmil","0","55.690","deg","20.000","°C","100.000","%a.s.","22.400","deg","20.000","°C","962.000","hPa","0.861","-0.02617","0.00035","0","0","13.56","Humid","35.35","0","78.50","295804.03","SABD0002000014","AAV2.0.0.13","3.0.1.1413","PSt7-10","180509-002","6/18/2019 6:15:17 AM","0000-00","0","no battery","V"
"07/13/2019","06:50:47","9","default","116269760","OXY_CH9","43.822","min","300.106","μmol/L","Humid","18.705","deg","96456","µV","20.211","°C","1013.000","hPa","36.5","pmil","0","55.690","deg","20.000","°C","100.000","%a.s.","22.400","deg","20.000","°C","962.000","hPa","0.861","-0.02617","0.00035","0","0","13.56","Humid","35.35","0","78.50","295797.94","SABD0002000014","AAV2.0.0.13","3.0.1.1413","PSt7-10","180509-002","6/18/2019 6:15:17 AM","0000-00","0","no battery","V"
"07/13/2019","06:50:48","9","default","116269760","OXY_CH9","43.839","min","299.940","μmol/L","Humid","18.709","deg","96438","µV","20.217","°C","1013.000","hPa","36.5","pmil","0","55.690","deg","20.000","°C","100.000","%a.s.","22.400","deg","20.000","°C","962.000","hPa","0.861","-0.02617","0.00035","0","0","13.56","Humid","35.35","0","78.50","295802.35","SABD0002000014","AAV2.0.0.13","3.0.1.1413","PSt7-10","180509-002","6/18/2019 6:15:17 AM","0000-00","0","no battery","V"
"07/13/2019","06:50:49","9","default","116269760","OXY_CH9","43.856","min","300.053","μmol/L","Humid","18.705","deg","96441","µV","20.217","°C","1013.000","hPa","36.5","pmil","0","55.690","deg","20.000","°C","100.000","%a.s.","22.400","deg","20.000","°C","962.000","hPa","0.861","-0.02617","0.00035","0","0","13.56","Humid","35.35","0","78.50","295820.27","SABD0002000014","AAV2.0.0.13","3.0.1.1413","PSt7-10","180509-002","6/18/2019 6:15:17 AM","0000-00","0","no battery","V"
"07/13/2019","06:50:50","9","default","116269760","OXY_CH9","43.873","min","300.053","μmol/L","Humid","18.705","deg","96431","µV","20.217","°C","1013.000","hPa","36.5","pmil","0","55.690","deg","20.000","°C","100.000","%a.s.","22.400","deg","20.000","°C","962.000","hPa","0.861","-0.02617","0.00035","0","0","13.56","Humid","35.35","0","78.50","295817.02","SABD0002000014","AAV2.0.0.13","3.0.1.1413","PSt7-10","180509-002","6/18/2019 6:15:17 AM","0000-00","0","no battery","V"
"07/13/2019","06:50:51","9","default","116269760","OXY_CH9","43.889","min","299.996","μmol/L","Humid","18.707","deg","96415","µV","20.217","°C","1013.000","hPa","36.5","pmil","0","55.690","deg","20.000","°C","100.000","%a.s.","22.400","deg","20.000","°C","962.000","hPa","0.861","-0.02617","0.00035","0","0","13.56","Humid","35.35","0","78.50","295815.09","SABD0002000014","AAV2.0.0.13","3.0.1.1413","PSt7-10","180509-002","6/18/2019 6:15:17 AM","0000-00","0","no battery","V"
"07/13/2019","06:50:52","9","default","116269760","OXY_CH9","43.906","min","300.053","μmol/L","Humid","18.705","deg","96411","µV","20.217","°C","1013.000","hPa","36.5","pmil","0","55.690","deg","20.000","°C","100.000","%a.s.","22.400","deg","20.000","°C","962.000","hPa","0.861","-0.02617","0.00035","0","0","13.56","Humid","35.35","0","78.50","295801.98","SABD0002000014","AAV2.0.0.13","3.0.1.1413","PSt7-10","180509-002","6/18/2019 6:15:17 AM","0000-00","0","no battery","V"
"07/13/2019","06:50:53","9","default","116269760","OXY_CH9","43.922","min","300.252","μmol/L","Humid","18.698","deg","96398","µV","20.217","°C","1013.000","hPa","36.5","pmil","0","55.690","deg","20.000","°C","100.000","%a.s.","22.400","deg","20.000","°C","962.000","hPa","0.861","-0.02617","0.00035","0","0","13.56","Humid","35.35","0","78.50","295807.49","SABD0002000014","AAV2.0.0.13","3.0.1.1413","PSt7-10","180509-002","6/18/2019 6:15:17 AM","0000-00","0","no battery","V"
"07/13/2019","06:50:54","9","default","116269760","OXY_CH9","43.939","min","300.170","μmol/L","Humid","18.699","deg","96394","µV","20.224","°C","1013.000","hPa","36.5","pmil","0","55.690","deg","20.000","°C","100.000","%a.s.","22.400","deg","20.000","°C","962.000","hPa","0.861","-0.02617","0.00035","0","0","13.56","Humid","35.35","0","78.50","295806.11","SABD0002000014","AAV2.0.0.13","3.0.1.1413","PSt7-10","180509-002","6/18/2019 6:15:17 AM","0000-00","0","no battery","V"
"07/13/2019","06:50:55","9","default","116269760","OXY_CH9","43.955","min","300.308","μmol/L","Humid","18.696","deg","96383","µV","20.217","°C","1013.000","hPa","36.5","pmil","0","55.690","deg","20.000","°C","100.000","%a.s.","22.400","deg","20.000","°C","962.000","hPa","0.861","-0.02617","0.00035","0","0","13.56","Humid","35.35","0","78.50","295791.73","SABD0002000014","AAV2.0.0.13","3.0.1.1413","PSt7-10","180509-002","6/18/2019 6:15:17 AM","0000-00","0","no battery","V"
"07/13/2019","06:50:56","9","default","116269760","OXY_CH9","43.972","min","300.280","μmol/L","Humid","18.697","deg","96379","µV","20.217","°C","1013.000","hPa","36.5","pmil","0","55.690","deg","20.000","°C","100.000","%a.s.","22.400","deg","20.000","°C","962.000","hPa","0.861","-0.02617","0.00035","0","0","13.56","Humid","35.35","0","78.50","295807.44","SABD0002000014","AAV2.0.0.13","3.0.1.1413","PSt7-10","180509-002","6/18/2019 6:15:17 AM","0000-00","0","no battery","V"
"07/13/2019","06:50:57","9","default","116269760","OXY_CH9","43.989","min","300.252","μmol/L","Humid","18.698","deg","96372","µV","20.217","°C","1013.000","hPa","36.5","pmil","0","55.690","deg","20.000","°C","100.000","%a.s.","22.400","deg","20.000","°C","962.000","hPa","0.861","-0.02617","0.00035","0","0","13.56","Humid","35.35","0","78.50","295820.03","SABD0002000014","AAV2.0.0.13","3.0.1.1413","PSt7-10","180509-002","6/18/2019 6:15:17 AM","0000-00","0","no battery","V"
"07/13/2019","06:50:58","9","default","116269760","OXY_CH9","44.005","min","300.426","μmol/L","Humid","18.690","deg","96355","µV","20.224","°C","1013.000","hPa","36.5","pmil","0","55.690","deg","20.000","°C","100.000","%a.s.","22.400","deg","20.000","°C","962.000","hPa","0.861","-0.02617","0.00035","0","0","13.56","Humid","35.35","0","78.50","295789.53","SABD0002000014","AAV2.0.0.13","3.0.1.1413","PSt7-10","180509-002","6/18/2019 6:15:17 AM","0000-00","0","no battery","V"
"07/13/2019","06:50:59","9","default","116269760","OXY_CH9","44.022","min","300.450","μmol/L","Humid","18.691","deg","96356","µV","20.217","°C","1013.000","hPa","36.5","pmil","0","55.690","deg","20.000","°C","100.000","%a.s.","22.400","deg","20.000","°C","962.000","hPa","0.861","-0.02617","0.00035","0","0","13.56","Humid","35.35","0","78.50","295804.63","SABD0002000014","AAV2.0.0.13","3.0.1.1413","PSt7-10","180509-002","6/18/2019 6:15:17 AM","0000-00","0","no battery","V"
"07/13/2019","06:51:00","9","default","116269760","OXY_CH9","44.039","min","300.450","μmol/L","Humid","18.691","deg","96349","µV","20.217","°C","1013.000","hPa","36.5","pmil","0","55.690","deg","20.000","°C","100.000","%a.s.","22.400","deg","20.000","°C","962.000","hPa","0.861","-0.02617","0.00035","0","0","13.56","Humid","35.35","0","78.50","295797.60","SABD0002000014","AAV2.0.0.13","3.0.1.1413","PSt7-10","180509-002","6/18/2019 6:15:17 AM","0000-00","0","no battery","V"
"07/13/2019","06:51:01","9","default","116269760","OXY_CH9","44.056","min","300.450","μmol/L","Humid","18.691","deg","96338","µV","20.217","°C","1013.000","hPa","36.5","pmil","0","55.690","deg","20.000","°C","100.000","%a.s.","22.400","deg","20.000","°C","962.000","hPa","0.861","-0.02617","0.00035","0","0","13.56","Humid","35.35","0","78.50","295798.54","SABD0002000014","AAV2.0.0.13","3.0.1.1413","PSt7-10","180509-002","6/18/2019 6:15:17 AM","0000-00","0","no battery","V"
"07/13/2019","06:51:02","9","default","116269760","OXY_CH9","44.072","min","300.450","μmol/L","Humid","18.691","deg","96329","µV","20.217","°C","1013.000","hPa","36.5","pmil","0","55.690","deg","20.000","°C","100.000","%a.s.","22.400","deg","20.000","°C","962.000","hPa","0.861","-0.02617","0.00035","0","0","13.56","Humid","35.35","0","78.50","295786.67","SABD0002000014","AAV2.0.0.13","3.0.1.1413","PSt7-10","180509-002","6/18/2019 6:15:17 AM","0000-00","0","no battery","V"
"07/13/2019","06:51:03","9","default","116269760","OXY_CH9","44.089","min","300.426","μmol/L","Humid","18.690","deg","96322","µV","20.224","°C","1013.000","hPa","36.5","pmil","0","55.690","deg","20.000","°C","100.000","%a.s.","22.400","deg","20.000","°C","962.000","hPa","0.861","-0.02617","0.00035","0","0","13.56","Humid","35.35","0","78.50","295799.67","SABD0002000014","AAV2.0.0.13","3.0.1.1413","PSt7-10","180509-002","6/18/2019 6:15:17 AM","0000-00","0","no battery","V"
"07/13/2019","06:51:04","9","default","116269760","OXY_CH9","44.106","min","300.560","μmol/L","Humid","18.689","deg","96317","µV","20.211","°C","1013.000","hPa","36.5","pmil","0","55.690","deg","20.000","°C","100.000","%a.s.","22.400","deg","20.000","°C","962.000","hPa","0.861","-0.02617","0.00035","0","0","13.56","Humid","35.35","0","78.50","295800.33","SABD0002000014","AAV2.0.0.13","3.0.1.1413","PSt7-10","180509-002","6/18/2019 6:15:17 AM","0000-00","0","no battery","V"
"07/13/2019","06:51:05","9","default","116269760","OXY_CH9","44.123","min","300.621","μmol/L","Humid","18.685","deg","96315","µV","20.217","°C","1013.000","hPa","36.5","pmil","0","55.690","deg","20.000","°C","100.000","%a.s.","22.400","deg","20.000","°C","962.000","hPa","0.861","-0.02617","0.00035","0","0","13.56","Humid","35.35","0","78.50","295805.97","SABD0002000014","AAV2.0.0.13","3.0.1.1413","PSt7-10","180509-002","6/18/2019 6:15:17 AM","0000-00","0","no battery","V"
"07/13/2019","06:51:06","9","default","116269760","OXY_CH9","44.139","min","300.678","μmol/L","Humid","18.683","deg","96289","µV","20.217","°C","1013.000","hPa","36.5","pmil","0","55.690","deg","20.000","°C","100.000","%a.s.","22.400","deg","20.000","°C","962.000","hPa","0.861","-0.02617","0.00035","0","0","13.56","Humid","35.35","0","78.50","295806.61","SABD0002000014","AAV2.0.0.13","3.0.1.1413","PSt7-10","180509-002","6/18/2019 6:15:17 AM","0000-00","0","no battery","V"
"07/13/2019","06:51:07","9","default","116269760","OXY_CH9","44.156","min","300.685","μmol/L","Humid","18.679","deg","96302","µV","20.230","°C","1013.000","hPa","36.5","pmil","0","55.690","deg","20.000","°C","100.000","%a.s.","22.400","deg","20.000","°C","962.000","hPa","0.861","-0.02617","0.00035","0","0","13.56","Humid","35.35","0","78.50","295798.63","SABD0002000014","AAV2.0.0.13","3.0.1.1413","PSt7-10","180509-002","6/18/2019 6:15:17 AM","0000-00","0","no battery","V"
"07/13/2019","06:51:08","9","default","116269760","OXY_CH9","44.173","min","300.653","μmol/L","Humid","18.682","deg","96288","µV","20.224","°C","1013.000","hPa","36.5","pmil","0","55.690","deg","20.000","°C","100.000","%a.s.","22.400","deg","20.000","°C","962.000","hPa","0.861","-0.02617","0.00035","0","0","13.56","Humid","35.35","0","78.50","295799.48","SABD0002000014","AAV2.0.0.13","3.0.1.1413","PSt7-10","180509-002","6/18/2019 6:15:17 AM","0000-00","0","no battery","V"
"07/13/2019","06:51:09","9","default","116269760","OXY_CH9","44.189","min","300.820","μmol/L","Humid","18.678","deg","96286","µV","20.217","°C","1013.000","hPa","36.5","pmil","0","55.690","deg","20.000","°C","100.000","%a.s.","22.400","deg","20.000","°C","962.000","hPa","0.861","-0.02617","0.00035","0","0","13.56","Humid","35.35","0","78.50","295794.51","SABD0002000014","AAV2.0.0.13","3.0.1.1413","PSt7-10","180509-002","6/18/2019 6:15:17 AM","0000-00","0","no battery","V"
"07/13/2019","06:51:10","9","default","116269760","OXY_CH9","44.206","min","300.710","μmol/L","Humid","18.680","deg","96269","µV","20.224","°C","1013.000","hPa","36.5","pmil","0","55.690","deg","20.000","°C","100.000","%a.s.","22.400","deg","20.000","°C","962.000","hPa","0.861","-0.02617","0.00035","0","0","13.56","Humid","35.35","0","78.50","295799.10","SABD0002000014","AAV2.0.0.13","3.0.1.1413","PSt7-10","180509-002","6/18/2019 6:15:17 AM","0000-00","0","no battery","V"
"07/13/2019","06:51:11","9","default","116269760","OXY_CH9","44.222","min","300.849","μmol/L","Humid","18.677","deg","96259","µV","20.217","°C","1013.000","hPa","36.5","pmil","0","55.690","deg","20.000","°C","100.000","%a.s.","22.400","deg","20.000","°C","962.000","hPa","0.861","-0.02617","0.00035","0","0","13.56","Humid","35.35","0","78.50","295798.27","SABD0002000014","AAV2.0.0.13","3.0.1.1413","PSt7-10","180509-002","6/18/2019 6:15:17 AM","0000-00","0","no battery","V"
"07/13/2019","06:51:12","9","default","116269760","OXY_CH9","44.239","min","300.877","μmol/L","Humid","18.676","deg","96257","µV","20.217","°C","1013.000","hPa","36.5","pmil","0","55.690","deg","20.000","°C","100.000","%a.s.","22.400","deg","20.000","°C","962.000","hPa","0.861","-0.02617","0.00035","0","0","13.56","Humid","35.35","0","78.50","295794.88","SABD0002000014","AAV2.0.0.13","3.0.1.1413","PSt7-10","180509-002","6/18/2019 6:15:17 AM","0000-00","0","no battery","V"
"07/13/2019","06:51:13","9","default","116269760","OXY_CH9","44.256","min","300.934","μmol/L","Humid","18.674","deg","96243","µV","20.217","°C","1013.000","hPa","36.5","pmil","0","55.690","deg","20.000","°C","100.000","%a.s.","22.400","deg","20.000","°C","962.000","hPa","0.861","-0.02617","0.00035","0","0","13.56","Humid","35.35","0","78.50","295790.82","SABD0002000014","AAV2.0.0.13","3.0.1.1413","PSt7-10","180509-002","6/18/2019 6:15:17 AM","0000-00","0","no battery","V"
"07/13/2019","06:51:14","9","default","116269760","OXY_CH9","44.272","min","300.905","μmol/L","Humid","18.675","deg","96247","µV","20.217","°C","1013.000","hPa","36.5","pmil","0","55.690","deg","20.000","°C","100.000","%a.s.","22.400","deg","20.000","°C","962.000","hPa","0.861","-0.02617","0.00035","0","0","13.56","Humid","35.35","0","78.50","295787.84","SABD0002000014","AAV2.0.0.13","3.0.1.1413","PSt7-10","180509-002","6/18/2019 6:15:17 AM","0000-00","0","no battery","V"
"07/13/2019","06:51:15","9","default","116269760","OXY_CH9","44.289","min","300.991","μmol/L","Humid","18.672","deg","96232","µV","20.217","°C","1013.000","hPa","36.5","pmil","0","55.690","deg","20.000","°C","100.000","%a.s.","22.400","deg","20.000","°C","962.000","hPa","0.861","-0.02617","0.00035","0","0","13.56","Humid","35.35","0","78.50","295789.04","SABD0002000014","AAV2.0.0.13","3.0.1.1413","PSt7-10","180509-002","6/18/2019 6:15:17 AM","0000-00","0","no battery","V"
"07/13/2019","06:51:16","9","default","116269760","OXY_CH9","44.306","min","300.909","μmol/L","Humid","18.673","deg","96220","µV","20.224","°C","1013.000","hPa","36.5","pmil","0","55.690","deg","20.000","°C","100.000","%a.s.","22.400","deg","20.000","°C","962.000","hPa","0.861","-0.02617","0.00035","0","0","13.56","Humid","35.35","0","78.50","295800.58","SABD0002000014","AAV2.0.0.13","3.0.1.1413","PSt7-10","180509-002","6/18/2019 6:15:17 AM","0000-00","0","no battery","V"
"07/13/2019","06:51:17","9","default","116269760","OXY_CH9","44.322","min","301.130","μmol/L","Humid","18.669","deg","96207","µV","20.211","°C","1013.000","hPa","36.5","pmil","0","55.690","deg","20.000","°C","100.000","%a.s.","22.400","deg","20.000","°C","962.000","hPa","0.861","-0.02617","0.00035","0","0","13.56","Humid","35.35","0","78.50","295789.36","SABD0002000014","AAV2.0.0.13","3.0.1.1413","PSt7-10","180509-002","6/18/2019 6:15:17 AM","0000-00","0","no battery","V"
"07/13/2019","06:51:18","9","default","116269760","OXY_CH9","44.339","min","301.215","μmol/L","Humid","18.666","deg","96197","µV","20.211","°C","1013.000","hPa","36.5","pmil","0","55.690","deg","20.000","°C","100.000","%a.s.","22.400","deg","20.000","°C","962.000","hPa","0.861","-0.02617","0.00035","0","0","13.56","Humid","35.35","0","78.50","295807.90","SABD0002000014","AAV2.0.0.13","3.0.1.1413","PSt7-10","180509-002","6/18/2019 6:15:17 AM","0000-00","0","no battery","V"
"07/13/2019","06:51:19","9","default","116269760","OXY_CH9","44.356","min","301.190","μmol/L","Humid","18.665","deg","96192","µV","20.217","°C","1013.000","hPa","36.5","pmil","0","55.690","deg","20.000","°C","100.000","%a.s.","22.400","deg","20.000","°C","962.000","hPa","0.861","-0.02617","0.00035","0","0","13.56","Humid","35.35","0","78.50","295802.50","SABD0002000014","AAV2.0.0.13","3.0.1.1413","PSt7-10","180509-002","6/18/2019 6:15:17 AM","0000-00","0","no battery","V"
"07/13/2019","06:51:20","9","default","116269760","OXY_CH9","44.372","min","301.219","μmol/L","Humid","18.664","deg","96179","µV","20.217","°C","1013.000","hPa","36.5","pmil","0","55.690","deg","20.000","°C","100.000","%a.s.","22.400","deg","20.000","°C","962.000","hPa","0.861","-0.02617","0.00035","0","0","13.56","Humid","35.35","0","78.50","295803.41","SABD0002000014","AAV2.0.0.13","3.0.1.1413","PSt7-10","180509-002","6/18/2019 6:15:17 AM","0000-00","0","no battery","V"
"07/13/2019","06:51:21","9","default","116269760","OXY_CH9","44.389","min","301.162","μmol/L","Humid","18.666","deg","96184","µV","20.217","°C","1013.000","hPa","36.5","pmil","0","55.690","deg","20.000","°C","100.000","%a.s.","22.400","deg","20.000","°C","962.000","hPa","0.861","-0.02617","0.00035","0","0","13.56","Humid","35.35","0","78.50","295814.07","SABD0002000014","AAV2.0.0.13","3.0.1.1413","PSt7-10","180509-002","6/18/2019 6:15:17 AM","0000-00","0","no battery","V"
"07/13/2019","06:51:22","9","default","116269760","OXY_CH9","44.406","min","301.272","μmol/L","Humid","18.664","deg","96171","µV","20.211","°C","1013.000","hPa","36.5","pmil","0","55.690","deg","20.000","°C","100.000","%a.s.","22.400","deg","20.000","°C","962.000","hPa","0.861","-0.02617","0.00035","0","0","13.56","Humid","35.35","0","78.50","295803.78","SABD0002000014","AAV2.0.0.13","3.0.1.1413","PSt7-10","180509-002","6/18/2019 6:15:17 AM","0000-00","0","no battery","V"
"07/13/2019","06:51:23","9","default","116269760","OXY_CH9","44.422","min","301.276","μmol/L","Humid","18.662","deg","96155","µV","20.217","°C","1013.000","hPa","36.5","pmil","0","55.690","deg","20.000","°C","100.000","%a.s.","22.400","deg","20.000","°C","962.000","hPa","0.861","-0.02617","0.00035","0","0","13.56","Humid","35.35","0","78.50","295794.55","SABD0002000014","AAV2.0.0.13","3.0.1.1413","PSt7-10","180509-002","6/18/2019 6:15:17 AM","0000-00","0","no battery","V"
"07/13/2019","06:51:24","9","default","116269760","OXY_CH9","44.439","min","301.304","μmol/L","Humid","18.661","deg","96147","µV","20.217","°C","1013.000","hPa","36.5","pmil","0","55.690","deg","20.000","°C","100.000","%a.s.","22.400","deg","20.000","°C","962.000","hPa","0.861","-0.02617","0.00035","0","0","13.56","Humid","35.35","0","78.50","295797.45","SABD0002000014","AAV2.0.0.13","3.0.1.1413","PSt7-10","180509-002","6/18/2019 6:15:17 AM","0000-00","0","no battery","V"
"07/13/2019","06:51:25","9","default","116269760","OXY_CH9","44.456","min","301.361","μmol/L","Humid","18.659","deg","96140","µV","20.217","°C","1013.000","hPa","36.5","pmil","0","55.690","deg","20.000","°C","100.000","%a.s.","22.400","deg","20.000","°C","962.000","hPa","0.861","-0.02617","0.00035","0","0","13.56","Humid","35.35","0","78.50","295802.60","SABD0002000014","AAV2.0.0.13","3.0.1.1413","PSt7-10","180509-002","6/18/2019 6:15:17 AM","0000-00","0","no battery","V"
"07/13/2019","06:51:26","9","default","116269760","OXY_CH9","44.472","min","301.479","μmol/L","Humid","18.653","deg","96137","µV","20.224","°C","1013.000","hPa","36.5","pmil","0","55.690","deg","20.000","°C","100.000","%a.s.","22.400","deg","20.000","°C","962.000","hPa","0.861","-0.02617","0.00035","0","0","13.56","Humid","35.35","0","78.50","295804.85","SABD0002000014","AAV2.0.0.13","3.0.1.1413","PSt7-10","180509-002","6/18/2019 6:15:17 AM","0000-00","0","no battery","V"
"07/13/2019","06:51:27","9","default","116269760","OXY_CH9","44.489","min","301.586","μmol/L","Humid","18.653","deg","96127","µV","20.211","°C","1013.000","hPa","36.5","pmil","0","55.690","deg","20.000","°C","100.000","%a.s.","22.400","deg","20.000","°C","962.000","hPa","0.861","-0.02617","0.00035","0","0","13.56","Humid","35.35","0","78.50","295799.14","SABD0002000014","AAV2.0.0.13","3.0.1.1413","PSt7-10","180509-002","6/18/2019 6:15:17 AM","0000-00","0","no battery","V"
"07/13/2019","06:51:28","9","default","116269760","OXY_CH9","44.506","min","301.479","μmol/L","Humid","18.653","deg","96127","µV","20.224","°C","1013.000","hPa","36.5","pmil","0","55.690","deg","20.000","°C","100.000","%a.s.","22.400","deg","20.000","°C","962.000","hPa","0.861","-0.02617","0.00035","0","0","13.56","Humid","35.35","0","78.50","295804.04","SABD0002000014","AAV2.0.0.13","3.0.1.1413","PSt7-10","180509-002","6/18/2019 6:15:17 AM","0000-00","0","no battery","V"
"07/13/2019","06:51:29","9","default","116269760","OXY_CH9","44.522","min","301.451","μmol/L","Humid","18.654","deg","96107","µV","20.224","°C","1013.000","hPa","36.5","pmil","0","55.690","deg","20.000","°C","100.000","%a.s.","22.400","deg","20.000","°C","962.000","hPa","0.861","-0.02617","0.00035","0","0","13.56","Humid","35.35","0","78.50","295795.71","SABD0002000014","AAV2.0.0.13","3.0.1.1413","PSt7-10","180509-002","6/18/2019 6:15:17 AM","0000-00","0","no battery","V"
"07/13/2019","06:51:30","9","default","116269760","OXY_CH9","44.539","min","301.500","μmol/L","Humid","18.656","deg","96106","µV","20.211","°C","1013.000","hPa","36.5","pmil","0","55.690","deg","20.000","°C","100.000","%a.s.","22.400","deg","20.000","°C","962.000","hPa","0.861","-0.02617","0.00035","0","0","13.56","Humid","35.35","0","78.50","295795.21","SABD0002000014","AAV2.0.0.13","3.0.1.1413","PSt7-10","180509-002","6/18/2019 6:15:17 AM","0000-00","0","no battery","V"
"07/13/2019","06:51:31","9","default","116269760","OXY_CH9","44.556","min","301.618","μmol/L","Humid","18.650","deg","96101","µV","20.217","°C","1013.000","hPa","36.5","pmil","0","55.690","deg","20.000","°C","100.000","%a.s.","22.400","deg","20.000","°C","962.000","hPa","0.861","-0.02617","0.00035","0","0","13.56","Humid","35.35","0","78.50","295784.58","SABD0002000014","AAV2.0.0.13","3.0.1.1413","PSt7-10","180509-002","6/18/2019 6:15:17 AM","0000-00","0","no battery","V"
"07/13/2019","06:51:32","9","default","116269760","OXY_CH9","44.572","min","301.786","μmol/L","Humid","18.646","deg","96091","µV","20.211","°C","1013.000","hPa","36.5","pmil","0","55.690","deg","20.000","°C","100.000","%a.s.","22.400","deg","20.000","°C","962.000","hPa","0.861","-0.02617","0.00035","0","0","13.56","Humid","35.35","0","78.50","295779.96","SABD0002000014","AAV2.0.0.13","3.0.1.1413","PSt7-10","180509-002","6/18/2019 6:15:17 AM","0000-00","0","no battery","V"
"07/13/2019","06:51:33","9","default","116269760","OXY_CH9","44.589","min","301.675","μmol/L","Humid","18.648","deg","96086","µV","20.217","°C","1013.000","hPa","36.5","pmil","0","55.690","deg","20.000","°C","100.000","%a.s.","22.400","deg","20.000","°C","962.000","hPa","0.861","-0.02617","0.00035","0","0","13.56","Humid","35.35","0","78.50","295797.19","SABD0002000014","AAV2.0.0.13","3.0.1.1413","PSt7-10","180509-002","6/18/2019 6:15:17 AM","0000-00","0","no battery","V"
"07/13/2019","06:51:34","9","default","116269760","OXY_CH9","44.605","min","301.675","μmol/L","Humid","18.648","deg","96087","µV","20.217","°C","1013.000","hPa","36.5","pmil","0","55.690","deg","20.000","°C","100.000","%a.s.","22.400","deg","20.000","°C","962.000","hPa","0.861","-0.02617","0.00035","0","0","13.56","Humid","35.35","0","78.50","295786.85","SABD0002000014","AAV2.0.0.13","3.0.1.1413","PSt7-10","180509-002","6/18/2019 6:15:17 AM","0000-00","0","no battery","V"
"07/13/2019","06:51:35","9","default","116269760","OXY_CH9","44.622","min","301.704","μmol/L","Humid","18.647","deg","96063","µV","20.217","°C","1013.000","hPa","36.5","pmil","0","55.690","deg","20.000","°C","100.000","%a.s.","22.400","deg","20.000","°C","962.000","hPa","0.861","-0.02617","0.00035","0","0","13.56","Humid","35.35","0","78.50","295784.34","SABD0002000014","AAV2.0.0.13","3.0.1.1413","PSt7-10","180509-002","6/18/2019 6:15:17 AM","0000-00","0","no battery","V"
"07/13/2019","06:51:36","9","default","116269760","OXY_CH9","44.639","min","301.647","μmol/L","Humid","18.649","deg","96060","µV","20.217","°C","1013.000","hPa","36.5","pmil","0","55.690","deg","20.000","°C","100.000","%a.s.","22.400","deg","20.000","°C","962.000","hPa","0.861","-0.02617","0.00035","0","0","13.56","Humid","35.35","0","78.50","295799.32","SABD0002000014","AAV2.0.0.13","3.0.1.1413","PSt7-10","180509-002","6/18/2019 6:15:17 AM","0000-00","0","no battery","V"
"07/13/2019","06:51:37","9","default","116269760","OXY_CH9","44.655","min","301.843","μmol/L","Humid","18.644","deg","96057","µV","20.211","°C","1013.000","hPa","36.5","pmil","0","55.690","deg","20.000","°C","100.000","%a.s.","22.400","deg","20.000","°C","962.000","hPa","0.861","-0.02617","0.00035","0","0","13.56","Humid","35.35","0","78.50","295791.53","SABD0002000014","AAV2.0.0.13","3.0.1.1413","PSt7-10","180509-002","6/18/2019 6:15:17 AM","0000-00","0","no battery","V"
"07/13/2019","06:51:38","9","default","116269760","OXY_CH9","44.673","min","301.818","μmol/L","Humid","18.643","deg","96060","µV","20.217","°C","1013.000","hPa","36.5","pmil","0","55.690","deg","20.000","°C","100.000","%a.s.","22.400","deg","20.000","°C","962.000","hPa","0.861","-0.02617","0.00035","0","0","13.56","Humid","35.35","0","78.50","295800.16","SABD0002000014","AAV2.0.0.13","3.0.1.1413","PSt7-10","180509-002","6/18/2019 6:15:17 AM","0000-00","0","no battery","V"
"07/13/2019","06:51:39","9","default","116269760","OXY_CH9","44.689","min","301.847","μmol/L","Humid","18.642","deg","96037","µV","20.217","°C","1013.000","hPa","36.5","pmil","0","55.690","deg","20.000","°C","100.000","%a.s.","22.400","deg","20.000","°C","962.000","hPa","0.861","-0.02617","0.00035","0","0","13.56","Humid","35.35","0","78.50","295785.85","SABD0002000014","AAV2.0.0.13","3.0.1.1413","PSt7-10","180509-002","6/18/2019 6:15:17 AM","0000-00","0","no battery","V"
"07/13/2019","06:51:40","9","default","116269760","OXY_CH9","44.706","min","301.904","μmol/L","Humid","18.640","deg","96035","µV","20.217","°C","1013.000","hPa","36.5","pmil","0","55.690","deg","20.000","°C","100.000","%a.s.","22.400","deg","20.000","°C","962.000","hPa","0.861","-0.02617","0.00035","0","0","13.56","Humid","35.35","0","78.50","295802.74","SABD0002000014","AAV2.0.0.13","3.0.1.1413","PSt7-10","180509-002","6/18/2019 6:15:17 AM","0000-00","0","no battery","V"
"07/13/2019","06:51:41","9","default","116269760","OXY_CH9","44.722","min","301.933","μmol/L","Humid","18.639","deg","96027","µV","20.217","°C","1013.000","hPa","36.5","pmil","0","55.690","deg","20.000","°C","100.000","%a.s.","22.400","deg","20.000","°C","962.000","hPa","0.861","-0.02617","0.00035","0","0","13.56","Humid","35.35","0","78.50","295798.01","SABD0002000014","AAV2.0.0.13","3.0.1.1413","PSt7-10","180509-002","6/18/2019 6:15:17 AM","0000-00","0","no battery","V"
"07/13/2019","06:51:42","9","default","116269760","OXY_CH9","44.739","min","302.076","μmol/L","Humid","18.634","deg","96016","µV","20.217","°C","1013.000","hPa","36.5","pmil","0","55.690","deg","20.000","°C","100.000","%a.s.","22.400","deg","20.000","°C","962.000","hPa","0.861","-0.02617","0.00035","0","0","13.56","Humid","35.35","0","78.50","295792.58","SABD0002000014","AAV2.0.0.13","3.0.1.1413","PSt7-10","180509-002","6/18/2019 6:15:17 AM","0000-00","0","no battery","V"
"07/13/2019","06:51:43","9","default","116269760","OXY_CH9","44.756","min","302.047","μmol/L","Humid","18.635","deg","96014","µV","20.217","°C","1013.000","hPa","36.5","pmil","0","55.690","deg","20.000","°C","100.000","%a.s.","22.400","deg","20.000","°C","962.000","hPa","0.861","-0.02617","0.00035","0","0","13.56","Humid","35.35","0","78.50","295803.55","SABD0002000014","AAV2.0.0.13","3.0.1.1413","PSt7-10","180509-002","6/18/2019 6:15:17 AM","0000-00","0","no battery","V"
"07/13/2019","06:51:44","9","default","116269760","OXY_CH9","44.772","min","301.961","μmol/L","Humid","18.638","deg","96007","µV","20.217","°C","1013.000","hPa","36.5","pmil","0","55.690","deg","20.000","°C","100.000","%a.s.","22.400","deg","20.000","°C","962.000","hPa","0.861","-0.02617","0.00035","0","0","13.56","Humid","35.35","0","78.50","295800.32","SABD0002000014","AAV2.0.0.13","3.0.1.1413","PSt7-10","180509-002","6/18/2019 6:15:17 AM","0000-00","0","no battery","V"
"07/13/2019","06:51:45","9","default","116269760","OXY_CH9","44.789","min","302.018","μmol/L","Humid","18.636","deg","95990","µV","20.217","°C","1013.000","hPa","36.5","pmil","0","55.690","deg","20.000","°C","100.000","%a.s.","22.400","deg","20.000","°C","962.000","hPa","0.861","-0.02617","0.00035","0","0","13.56","Humid","35.35","0","78.50","295789.01","SABD0002000014","AAV2.0.0.13","3.0.1.1413","PSt7-10","180509-002","6/18/2019 6:15:17 AM","0000-00","0","no battery","V"
"07/13/2019","06:51:46","9","default","116269760","OXY_CH9","44.806","min","302.325","μmol/L","Humid","18.629","deg","95988","µV","20.205","°C","1013.000","hPa","36.5","pmil","0","55.690","deg","20.000","°C","100.000","%a.s.","22.400","deg","20.000","°C","962.000","hPa","0.861","-0.02617","0.00035","0","0","13.56","Humid","35.35","0","78.50","295799.51","SABD0002000014","AAV2.0.0.13","3.0.1.1413","PSt7-10","180509-002","6/18/2019 6:15:17 AM","0000-00","0","no battery","V"
"07/13/2019","06:51:47","9","default","116269760","OXY_CH9","44.822","min","302.104","μmol/L","Humid","18.633","deg","95979","µV","20.217","°C","1013.000","hPa","36.5","pmil","0","55.690","deg","20.000","°C","100.000","%a.s.","22.400","deg","20.000","°C","962.000","hPa","0.861","-0.02617","0.00035","0","0","13.56","Humid","35.35","0","78.50","295788.79","SABD0002000014","AAV2.0.0.13","3.0.1.1413","PSt7-10","180509-002","6/18/2019 6:15:17 AM","0000-00","0","no battery","V"
"07/13/2019","06:51:48","9","default","116269760","OXY_CH9","44.839","min","302.161","μmol/L","Humid","18.631","deg","95966","µV","20.217","°C","1013.000","hPa","36.5","pmil","0","55.690","deg","20.000","°C","100.000","%a.s.","22.400","deg","20.000","°C","962.000","hPa","0.861","-0.02617","0.00035","0","0","13.56","Humid","35.35","0","78.50","295791.07","SABD0002000014","AAV2.0.0.13","3.0.1.1413","PSt7-10","180509-002","6/18/2019 6:15:17 AM","0000-00","0","no battery","V"
"07/13/2019","06:51:49","9","default","116269760","OXY_CH9","44.855","min","302.104","μmol/L","Humid","18.633","deg","95960","µV","20.217","°C","1013.000","hPa","36.5","pmil","0","55.690","deg","20.000","°C","100.000","%a.s.","22.400","deg","20.000","°C","962.000","hPa","0.861","-0.02617","0.00035","0","0","13.56","Humid","35.35","0","78.50","295805.84","SABD0002000014","AAV2.0.0.13","3.0.1.1413","PSt7-10","180509-002","6/18/2019 6:15:17 AM","0000-00","0","no battery","V"
"07/13/2019","06:51:50","9","default","116269760","OXY_CH9","44.872","min","302.276","μmol/L","Humid","18.627","deg","95963","µV","20.217","°C","1013.000","hPa","36.5","pmil","0","55.690","deg","20.000","°C","100.000","%a.s.","22.400","deg","20.000","°C","962.000","hPa","0.861","-0.02617","0.00035","0","0","13.56","Humid","35.35","0","78.50","295800.73","SABD0002000014","AAV2.0.0.13","3.0.1.1413","PSt7-10","180509-002","6/18/2019 6:15:17 AM","0000-00","0","no battery","V"
"07/13/2019","06:51:51","9","default","116269760","OXY_CH9","44.889","min","302.276","μmol/L","Humid","18.627","deg","95951","µV","20.217","°C","1013.000","hPa","36.5","pmil","0","55.690","deg","20.000","°C","100.000","%a.s.","22.400","deg","20.000","°C","962.000","hPa","0.861","-0.02617","0.00035","0","0","13.56","Humid","35.35","0","78.50","295796.87","SABD0002000014","AAV2.0.0.13","3.0.1.1413","PSt7-10","180509-002","6/18/2019 6:15:17 AM","0000-00","0","no battery","V"
"07/13/2019","06:51:52","9","default","116269760","OXY_CH9","44.905","min","302.280","μmol/L","Humid","18.625","deg","95948","µV","20.224","°C","1013.000","hPa","36.5","pmil","0","55.690","deg","20.000","°C","100.000","%a.s.","22.400","deg","20.000","°C","962.000","hPa","0.861","-0.02617","0.00035","0","0","13.56","Humid","35.35","0","78.50","295799.84","SABD0002000014","AAV2.0.0.13","3.0.1.1413","PSt7-10","180509-002","6/18/2019 6:15:17 AM","0000-00","0","no battery","V"
"07/13/2019","06:51:53","9","default","116269760","OXY_CH9","44.922","min","302.333","μmol/L","Humid","18.625","deg","95938","µV","20.217","°C","1013.000","hPa","36.5","pmil","0","55.690","deg","20.000","°C","100.000","%a.s.","22.400","deg","20.000","°C","962.000","hPa","0.861","-0.02617","0.00035","0","0","13.56","Humid","35.35","0","78.50","295804.07","SABD0002000014","AAV2.0.0.13","3.0.1.1413","PSt7-10","180509-002","6/18/2019 6:15:17 AM","0000-00","0","no battery","V"
"07/13/2019","06:51:54","9","default","116269760","OXY_CH9","44.939","min","302.448","μmol/L","Humid","18.621","deg","95925","µV","20.217","°C","1013.000","hPa","36.5","pmil","0","55.690","deg","20.000","°C","100.000","%a.s.","22.400","deg","20.000","°C","962.000","hPa","0.861","-0.02617","0.00035","0","0","13.56","Humid","35.35","0","78.50","295810.10","SABD0002000014","AAV2.0.0.13","3.0.1.1413","PSt7-10","180509-002","6/18/2019 6:15:17 AM","0000-00","0","no battery","V"
"07/13/2019","06:51:55","9","default","116269760","OXY_CH9","44.955","min","302.448","μmol/L","Humid","18.621","deg","95908","µV","20.217","°C","1013.000","hPa","36.5","pmil","0","55.690","deg","20.000","°C","100.000","%a.s.","22.400","deg","20.000","°C","962.000","hPa","0.861","-0.02617","0.00035","0","0","13.56","Humid","35.35","0","78.50","295802.39","SABD0002000014","AAV2.0.0.13","3.0.1.1413","PSt7-10","180509-002","6/18/2019 6:15:17 AM","0000-00","0","no battery","V"
"07/13/2019","06:51:56","9","default","116269760","OXY_CH9","44.972","min","302.477","μmol/L","Humid","18.620","deg","95906","µV","20.217","°C","1013.000","hPa","36.5","pmil","0","55.690","deg","20.000","°C","100.000","%a.s.","22.400","deg","20.000","°C","962.000","hPa","0.861","-0.02617","0.00035","0","0","13.56","Humid","35.35","0","78.50","295797.02","SABD0002000014","AAV2.0.0.13","3.0.1.1413","PSt7-10","180509-002","6/18/2019 6:15:17 AM","0000-00","0","no battery","V"
"07/13/2019","06:51:57","9","default","116269760","OXY_CH9","44.989","min","302.534","μmol/L","Humid","18.618","deg","95899","µV","20.217","°C","1013.000","hPa","36.5","pmil","0","55.690","deg","20.000","°C","100.000","%a.s.","22.400","deg","20.000","°C","962.000","hPa","0.861","-0.02617","0.00035","0","0","13.56","Humid","35.35","0","78.50","295803.66","SABD0002000014","AAV2.0.0.13","3.0.1.1413","PSt7-10","180509-002","6/18/2019 6:15:17 AM","0000-00","0","no battery","V"
"07/13/2019","06:51:58","9","default","116269760","OXY_CH9","45.006","min","302.567","μmol/L","Humid","18.615","deg","95894","µV","20.224","°C","1013.000","hPa","36.5","pmil","0","55.690","deg","20.000","°C","100.000","%a.s.","22.400","deg","20.000","°C","962.000","hPa","0.861","-0.02617","0.00035","0","0","13.56","Humid","35.35","0","78.50","295799.05","SABD0002000014","AAV2.0.0.13","3.0.1.1413","PSt7-10","180509-002","6/18/2019 6:15:17 AM","0000-00","0","no battery","V"
"07/13/2019","06:51:59","9","default","116269760","OXY_CH9","45.023","min","302.706","μmol/L","Humid","18.612","deg","95884","µV","20.217","°C","1013.000","hPa","36.5","pmil","0","55.690","deg","20.000","°C","100.000","%a.s.","22.400","deg","20.000","°C","962.000","hPa","0.861","-0.02617","0.00035","0","0","13.56","Humid","35.35","0","78.50","295789.96","SABD0002000014","AAV2.0.0.13","3.0.1.1413","PSt7-10","180509-002","6/18/2019 6:15:17 AM","0000-00","0","no battery","V"
"07/13/2019","06:52:00","9","default","116269760","OXY_CH9","45.039","min","302.591","μmol/L","Humid","18.616","deg","95876","µV","20.217","°C","1013.000","hPa","36.5","pmil","0","55.690","deg","20.000","°C","100.000","%a.s.","22.400","deg","20.000","°C","962.000","hPa","0.861","-0.02617","0.00035","0","0","13.56","Humid","35.35","0","78.50","295787.20","SABD0002000014","AAV2.0.0.13","3.0.1.1413","PSt7-10","180509-002","6/18/2019 6:15:17 AM","0000-00","0","no battery","V"
"07/13/2019","06:52:01","9","default","116269760","OXY_CH9","45.056","min","302.480","μmol/L","Humid","18.618","deg","95866","µV","20.224","°C","1013.000","hPa","36.5","pmil","0","55.690","deg","20.000","°C","100.000","%a.s.","22.400","deg","20.000","°C","962.000","hPa","0.861","-0.02617","0.00035","0","0","13.56","Humid","35.35","0","78.50","295786.06","SABD0002000014","AAV2.0.0.13","3.0.1.1413","PSt7-10","180509-002","6/18/2019 6:15:17 AM","0000-00","0","no battery","V"
"07/13/2019","06:52:02","9","default","116269760","OXY_CH9","45.073","min","302.792","μmol/L","Humid","18.609","deg","95852","µV","20.217","°C","1013.000","hPa","36.5","pmil","0","55.690","deg","20.000","°C","100.000","%a.s.","22.400","deg","20.000","°C","962.000","hPa","0.861","-0.02617","0.00035","0","0","13.56","Humid","35.35","0","78.50","295780.70","SABD0002000014","AAV2.0.0.13","3.0.1.1413","PSt7-10","180509-002","6/18/2019 6:15:17 AM","0000-00","0","no battery","V"
"07/13/2019","06:52:03","9","default","116269760","OXY_CH9","45.089","min","302.706","μmol/L","Humid","18.612","deg","95852","µV","20.217","°C","1013.000","hPa","36.5","pmil","0","55.690","deg","20.000","°C","100.000","%a.s.","22.400","deg","20.000","°C","962.000","hPa","0.861","-0.02617","0.00035","0","0","13.56","Humid","35.35","0","78.50","295778.73","SABD0002000014","AAV2.0.0.13","3.0.1.1413","PSt7-10","180509-002","6/18/2019 6:15:17 AM","0000-00","0","no battery","V"
"07/13/2019","06:52:04","9","default","116269760","OXY_CH9","45.106","min","302.706","μmol/L","Humid","18.612","deg","95845","µV","20.217","°C","1013.000","hPa","36.5","pmil","0","55.690","deg","20.000","°C","100.000","%a.s.","22.400","deg","20.000","°C","962.000","hPa","0.861","-0.02617","0.00035","0","0","13.56","Humid","35.35","0","78.50","295788.95","SABD0002000014","AAV2.0.0.13","3.0.1.1413","PSt7-10","180509-002","6/18/2019 6:15:17 AM","0000-00","0","no battery","V"
"07/13/2019","06:52:05","9","default","116269760","OXY_CH9","45.122","min","302.911","μmol/L","Humid","18.603","deg","95836","µV","20.224","°C","1013.000","hPa","36.5","pmil","0","55.690","deg","20.000","°C","100.000","%a.s.","22.400","deg","20.000","°C","962.000","hPa","0.861","-0.02617","0.00035","0","0","13.56","Humid","35.35","0","78.50","295781.17","SABD0002000014","AAV2.0.0.13","3.0.1.1413","PSt7-10","180509-002","6/18/2019 6:15:17 AM","0000-00","0","no battery","V"
"07/13/2019","06:52:06","9","default","116269760","OXY_CH9","45.139","min","302.853","μmol/L","Humid","18.605","deg","95835","µV","20.224","°C","1013.000","hPa","36.5","pmil","0","55.690","deg","20.000","°C","100.000","%a.s.","22.400","deg","20.000","°C","962.000","hPa","0.861","-0.02617","0.00035","0","0","13.56","Humid","35.35","0","78.50","295790.01","SABD0002000014","AAV2.0.0.13","3.0.1.1413","PSt7-10","180509-002","6/18/2019 6:15:17 AM","0000-00","0","no battery","V"
"07/13/2019","06:52:07","9","default","116269760","OXY_CH9","45.156","min","302.800","μmol/L","Humid","18.605","deg","95825","µV","20.230","°C","1013.000","hPa","36.5","pmil","0","55.690","deg","20.000","°C","100.000","%a.s.","22.400","deg","20.000","°C","962.000","hPa","0.861","-0.02617","0.00035","0","0","13.56","Humid","35.35","0","78.50","295792.52","SABD0002000014","AAV2.0.0.13","3.0.1.1413","PSt7-10","180509-002","6/18/2019 6:15:17 AM","0000-00","0","no battery","V"
"07/13/2019","06:52:08","9","default","116269760","OXY_CH9","45.172","min","302.792","μmol/L","Humid","18.609","deg","95814","µV","20.217","°C","1013.000","hPa","36.5","pmil","0","55.690","deg","20.000","°C","100.000","%a.s.","22.400","deg","20.000","°C","962.000","hPa","0.861","-0.02617","0.00035","0","0","13.56","Humid","35.35","0","78.50","295788.95","SABD0002000014","AAV2.0.0.13","3.0.1.1413","PSt7-10","180509-002","6/18/2019 6:15:17 AM","0000-00","0","no battery","V"
"07/13/2019","06:52:09","9","default","116269760","OXY_CH9","45.189","min","302.911","μmol/L","Humid","18.603","deg","95817","µV","20.224","°C","1013.000","hPa","36.5","pmil","0","55.690","deg","20.000","°C","100.000","%a.s.","22.400","deg","20.000","°C","962.000","hPa","0.861","-0.02617","0.00035","0","0","13.56","Humid","35.35","0","78.50","295796.01","SABD0002000014","AAV2.0.0.13","3.0.1.1413","PSt7-10","180509-002","6/18/2019 6:15:17 AM","0000-00","0","no battery","V"
"07/13/2019","06:52:10","9","default","116269760","OXY_CH9","45.205","min","302.936","μmol/L","Humid","18.604","deg","95794","µV","20.217","°C","1013.000","hPa","36.5","pmil","0","55.690","deg","20.000","°C","100.000","%a.s.","22.400","deg","20.000","°C","962.000","hPa","0.861","-0.02617","0.00035","0","0","13.56","Humid","35.35","0","78.50","295783.20","SABD0002000014","AAV2.0.0.13","3.0.1.1413","PSt7-10","180509-002","6/18/2019 6:15:17 AM","0000-00","0","no battery","V"
"07/13/2019","06:52:11","9","default","116269760","OXY_CH9","45.222","min","303.108","μmol/L","Humid","18.598","deg","95792","µV","20.217","°C","1013.000","hPa","36.5","pmil","0","55.690","deg","20.000","°C","100.000","%a.s.","22.400","deg","20.000","°C","962.000","hPa","0.861","-0.02617","0.00035","0","0","13.56","Humid","35.35","0","78.50","295785.62","SABD0002000014","AAV2.0.0.13","3.0.1.1413","PSt7-10","180509-002","6/18/2019 6:15:17 AM","0000-00","0","no battery","V"
"07/13/2019","06:52:12","9","default","116269760","OXY_CH9","45.239","min","303.022","μmol/L","Humid","18.601","deg","95789","µV","20.217","°C","1013.000","hPa","36.5","pmil","0","55.690","deg","20.000","°C","100.000","%a.s.","22.400","deg","20.000","°C","962.000","hPa","0.861","-0.02617","0.00035","0","0","13.56","Humid","35.35","0","78.50","295787.93","SABD0002000014","AAV2.0.0.13","3.0.1.1413","PSt7-10","180509-002","6/18/2019 6:15:17 AM","0000-00","0","no battery","V"
"07/13/2019","06:52:13","9","default","116269760","OXY_CH9","45.256","min","303.166","μmol/L","Humid","18.596","deg","95777","µV","20.217","°C","1013.000","hPa","36.5","pmil","0","55.690","deg","20.000","°C","100.000","%a.s.","22.400","deg","20.000","°C","962.000","hPa","0.861","-0.02617","0.00035","0","0","13.56","Humid","35.35","0","78.50","295789.01","SABD0002000014","AAV2.0.0.13","3.0.1.1413","PSt7-10","180509-002","6/18/2019 6:15:17 AM","0000-00","0","no battery","V"
"07/13/2019","06:52:14","9","default","116269760","OXY_CH9","45.272","min","303.137","μmol/L","Humid","18.597","deg","95773","µV","20.217","°C","1013.000","hPa","36.5","pmil","0","55.690","deg","20.000","°C","100.000","%a.s.","22.400","deg","20.000","°C","962.000","hPa","0.861","-0.02617","0.00035","0","0","13.56","Humid","35.35","0","78.50","295776.24","SABD0002000014","AAV2.0.0.13","3.0.1.1413","PSt7-10","180509-002","6/18/2019 6:15:17 AM","0000-00","0","no battery","V"
"07/13/2019","06:52:15","9","default","116269760","OXY_CH9","45.289","min","303.166","μmol/L","Humid","18.596","deg","95766","µV","20.217","°C","1013.000","hPa","36.5","pmil","0","55.690","deg","20.000","°C","100.000","%a.s.","22.400","deg","20.000","°C","962.000","hPa","0.861","-0.02617","0.00035","0","0","13.56","Humid","35.35","0","78.50","295775.61","SABD0002000014","AAV2.0.0.13","3.0.1.1413","PSt7-10","180509-002","6/18/2019 6:15:17 AM","0000-00","0","no battery","V"
"07/13/2019","06:52:16","9","default","116269760","OXY_CH9","45.306","min","303.281","μmol/L","Humid","18.592","deg","95755","µV","20.217","°C","1013.000","hPa","36.5","pmil","0","55.690","deg","20.000","°C","100.000","%a.s.","22.400","deg","20.000","°C","962.000","hPa","0.861","-0.02617","0.00035","0","0","13.56","Humid","35.35","0","78.50","295787.15","SABD0002000014","AAV2.0.0.13","3.0.1.1413","PSt7-10","180509-002","6/18/2019 6:15:17 AM","0000-00","0","no battery","V"
"07/13/2019","06:52:17","9","default","116269760","OXY_CH9","45.322","min","303.198","μmol/L","Humid","18.593","deg","95742","µV","20.224","°C","1013.000","hPa","36.5","pmil","0","55.690","deg","20.000","°C","100.000","%a.s.","22.400","deg","20.000","°C","962.000","hPa","0.861","-0.02617","0.00035","0","0","13.56","Humid","35.35","0","78.50","295781.32","SABD0002000014","AAV2.0.0.13","3.0.1.1413","PSt7-10","180509-002","6/18/2019 6:15:17 AM","0000-00","0","no battery","V"
"07/13/2019","06:52:18","9","default","116269760","OXY_CH9","45.339","min","303.223","μmol/L","Humid","18.594","deg","95742","µV","20.217","°C","1013.000","hPa","36.5","pmil","0","55.690","deg","20.000","°C","100.000","%a.s.","22.400","deg","20.000","°C","962.000","hPa","0.861","-0.02617","0.00035","0","0","13.56","Humid","35.35","0","78.50","295779.00","SABD0002000014","AAV2.0.0.13","3.0.1.1413","PSt7-10","180509-002","6/18/2019 6:15:17 AM","0000-00","0","no battery","V"
"07/13/2019","06:52:19","9","default","116269760","OXY_CH9","45.356","min","303.363","μmol/L","Humid","18.591","deg","95725","µV","20.211","°C","1013.000","hPa","36.5","pmil","0","55.690","deg","20.000","°C","100.000","%a.s.","22.400","deg","20.000","°C","962.000","hPa","0.861","-0.02617","0.00035","0","0","13.56","Humid","35.35","0","78.50","295779.13","SABD0002000014","AAV2.0.0.13","3.0.1.1413","PSt7-10","180509-002","6/18/2019 6:15:17 AM","0000-00","0","no battery","V"
"07/13/2019","06:52:20","9","default","116269760","OXY_CH9","45.372","min","303.429","μmol/L","Humid","18.585","deg","95721","µV","20.224","°C","1013.000","hPa","36.5","pmil","0","55.690","deg","20.000","°C","100.000","%a.s.","22.400","deg","20.000","°C","962.000","hPa","0.861","-0.02617","0.00035","0","0","13.56","Humid","35.35","0","78.50","295775.89","SABD0002000014","AAV2.0.0.13","3.0.1.1413","PSt7-10","180509-002","6/18/2019 6:15:17 AM","0000-00","0","no battery","V"
"07/13/2019","06:52:21","9","default","116269760","OXY_CH9","45.389","min","303.396","μmol/L","Humid","18.588","deg","95717","µV","20.217","°C","1013.000","hPa","36.5","pmil","0","55.690","deg","20.000","°C","100.000","%a.s.","22.400","deg","20.000","°C","962.000","hPa","0.861","-0.02617","0.00035","0","0","13.56","Humid","35.35","0","78.50","295793.14","SABD0002000014","AAV2.0.0.13","3.0.1.1413","PSt7-10","180509-002","6/18/2019 6:15:17 AM","0000-00","0","no battery","V"
"07/13/2019","06:52:22","9","default","116269760","OXY_CH9","45.405","min","303.429","μmol/L","Humid","18.585","deg","95706","µV","20.224","°C","1013.000","hPa","36.5","pmil","0","55.690","deg","20.000","°C","100.000","%a.s.","22.400","deg","20.000","°C","962.000","hPa","0.861","-0.02617","0.00035","0","0","13.56","Humid","35.35","0","78.50","295779.00","SABD0002000014","AAV2.0.0.13","3.0.1.1413","PSt7-10","180509-002","6/18/2019 6:15:17 AM","0000-00","0","no battery","V"
"07/13/2019","06:52:23","9","default","116269760","OXY_CH9","45.422","min","303.540","μmol/L","Humid","18.583","deg","95700","µV","20.217","°C","1013.000","hPa","36.5","pmil","0","55.690","deg","20.000","°C","100.000","%a.s.","22.400","deg","20.000","°C","962.000","hPa","0.861","-0.02617","0.00035","0","0","13.56","Humid","35.35","0","78.50","295781.47","SABD0002000014","AAV2.0.0.13","3.0.1.1413","PSt7-10","180509-002","6/18/2019 6:15:17 AM","0000-00","0","no battery","V"
"07/13/2019","06:52:24","9","default","116269760","OXY_CH9","45.439","min","303.536","μmol/L","Humid","18.585","deg","95696","µV","20.211","°C","1013.000","hPa","36.5","pmil","0","55.690","deg","20.000","°C","100.000","%a.s.","22.400","deg","20.000","°C","962.000","hPa","0.861","-0.02617","0.00035","0","0","13.56","Humid","35.35","0","78.50","295792.43","SABD0002000014","AAV2.0.0.13","3.0.1.1413","PSt7-10","180509-002","6/18/2019 6:15:17 AM","0000-00","0","no battery","V"
"07/13/2019","06:52:25","9","default","116269760","OXY_CH9","45.456","min","303.511","μmol/L","Humid","18.584","deg","95685","µV","20.217","°C","1013.000","hPa","36.5","pmil","0","55.690","deg","20.000","°C","100.000","%a.s.","22.400","deg","20.000","°C","962.000","hPa","0.861","-0.02617","0.00035","0","0","13.56","Humid","35.35","0","78.50","295782.76","SABD0002000014","AAV2.0.0.13","3.0.1.1413","PSt7-10","180509-002","6/18/2019 6:15:17 AM","0000-00","0","no battery","V"
"07/13/2019","06:52:26","9","default","116269760","OXY_CH9","45.472","min","303.601","μmol/L","Humid","18.579","deg","95683","µV","20.224","°C","1013.000","hPa","36.5","pmil","0","55.690","deg","20.000","°C","100.000","%a.s.","22.400","deg","20.000","°C","962.000","hPa","0.861","-0.02617","0.00035","0","0","13.56","Humid","35.35","0","78.50","295792.45","SABD0002000014","AAV2.0.0.13","3.0.1.1413","PSt7-10","180509-002","6/18/2019 6:15:17 AM","0000-00","0","no battery","V"
"07/13/2019","06:52:27","9","default","116269760","OXY_CH9","45.489","min","303.572","μmol/L","Humid","18.580","deg","95677","µV","20.224","°C","1013.000","hPa","36.5","pmil","0","55.690","deg","20.000","°C","100.000","%a.s.","22.400","deg","20.000","°C","962.000","hPa","0.861","-0.02617","0.00035","0","0","13.56","Humid","35.35","0","78.50","295782.21","SABD0002000014","AAV2.0.0.13","3.0.1.1413","PSt7-10","180509-002","6/18/2019 6:15:17 AM","0000-00","0","no battery","V"
"07/13/2019","06:52:28","9","default","116269760","OXY_CH9","45.506","min","303.659","μmol/L","Humid","18.577","deg","95662","µV","20.224","°C","1013.000","hPa","36.5","pmil","0","55.690","deg","20.000","°C","100.000","%a.s.","22.400","deg","20.000","°C","962.000","hPa","0.861","-0.02617","0.00035","0","0","13.56","Humid","35.35","0","78.50","295769.96","SABD0002000014","AAV2.0.0.13","3.0.1.1413","PSt7-10","180509-002","6/18/2019 6:15:17 AM","0000-00","0","no battery","V"
"07/13/2019","06:52:29","9","default","116269760","OXY_CH9","45.522","min","303.713","μmol/L","Humid","18.577","deg","95656","µV","20.217","°C","1013.000","hPa","36.5","pmil","0","55.690","deg","20.000","°C","100.000","%a.s.","22.400","deg","20.000","°C","962.000","hPa","0.861","-0.02617","0.00035","0","0","13.56","Humid","35.35","0","78.50","295774.89","SABD0002000014","AAV2.0.0.13","3.0.1.1413","PSt7-10","180509-002","6/18/2019 6:15:17 AM","0000-00","0","no battery","V"
"07/13/2019","06:52:30","9","default","116269760","OXY_CH9","45.539","min","303.601","μmol/L","Humid","18.579","deg","95649","µV","20.224","°C","1013.000","hPa","36.5","pmil","0","55.690","deg","20.000","°C","100.000","%a.s.","22.400","deg","20.000","°C","962.000","hPa","0.861","-0.02617","0.00035","0","0","13.56","Humid","35.35","0","78.50","295788.51","SABD0002000014","AAV2.0.0.13","3.0.1.1413","PSt7-10","180509-002","6/18/2019 6:15:17 AM","0000-00","0","no battery","V"
"07/13/2019","06:52:31","9","default","116269760","OXY_CH9","45.556","min","303.688","μmol/L","Humid","18.576","deg","95648","µV","20.224","°C","1013.000","hPa","36.5","pmil","0","55.690","deg","20.000","°C","100.000","%a.s.","22.400","deg","20.000","°C","962.000","hPa","0.861","-0.02617","0.00035","0","0","13.56","Humid","35.35","0","78.50","295780.43","SABD0002000014","AAV2.0.0.13","3.0.1.1413","PSt7-10","180509-002","6/18/2019 6:15:17 AM","0000-00","0","no battery","V"
"07/13/2019","06:52:32","9","default","116269760","OXY_CH9","45.572","min","303.857","μmol/L","Humid","18.572","deg","95636","µV","20.217","°C","1013.000","hPa","36.5","pmil","0","55.690","deg","20.000","°C","100.000","%a.s.","22.400","deg","20.000","°C","962.000","hPa","0.861","-0.02617","0.00035","0","0","13.56","Humid","35.35","0","78.50","295771.27","SABD0002000014","AAV2.0.0.13","3.0.1.1413","PSt7-10","180509-002","6/18/2019 6:15:17 AM","0000-00","0","no battery","V"
"07/13/2019","06:52:33","9","default","116269760","OXY_CH9","45.589","min","303.824","μmol/L","Humid","18.575","deg","95628","µV","20.211","°C","1013.000","hPa","36.5","pmil","0","55.690","deg","20.000","°C","100.000","%a.s.","22.400","deg","20.000","°C","962.000","hPa","0.861","-0.02617","0.00035","0","0","13.56","Humid","35.35","0","78.50","295777.51","SABD0002000014","AAV2.0.0.13","3.0.1.1413","PSt7-10","180509-002","6/18/2019 6:15:17 AM","0000-00","0","no battery","V"
"07/13/2019","06:52:34","9","default","116269760","OXY_CH9","45.606","min","303.774","μmol/L","Humid","18.573","deg","95628","µV","20.224","°C","1013.000","hPa","36.5","pmil","0","55.690","deg","20.000","°C","100.000","%a.s.","22.400","deg","20.000","°C","962.000","hPa","0.861","-0.02617","0.00035","0","0","13.56","Humid","35.35","0","78.50","295791.67","SABD0002000014","AAV2.0.0.13","3.0.1.1413","PSt7-10","180509-002","6/18/2019 6:15:17 AM","0000-00","0","no battery","V"
"07/13/2019","06:52:35","9","default","116269760","OXY_CH9","45.622","min","303.857","μmol/L","Humid","18.572","deg","95617","µV","20.217","°C","1013.000","hPa","36.5","pmil","0","55.690","deg","20.000","°C","100.000","%a.s.","22.400","deg","20.000","°C","962.000","hPa","0.861","-0.02617","0.00035","0","0","13.56","Humid","35.35","0","78.50","295792.31","SABD0002000014","AAV2.0.0.13","3.0.1.1413","PSt7-10","180509-002","6/18/2019 6:15:17 AM","0000-00","0","no battery","V"
"07/13/2019","06:52:36","9","default","116269760","OXY_CH9","45.639","min","303.828","μmol/L","Humid","18.573","deg","95613","µV","20.217","°C","1013.000","hPa","36.5","pmil","0","55.690","deg","20.000","°C","100.000","%a.s.","22.400","deg","20.000","°C","962.000","hPa","0.861","-0.02617","0.00035","0","0","13.56","Humid","35.35","0","78.50","295790.01","SABD0002000014","AAV2.0.0.13","3.0.1.1413","PSt7-10","180509-002","6/18/2019 6:15:17 AM","0000-00","0","no battery","V"
"07/13/2019","06:52:37","9","default","116269760","OXY_CH9","45.656","min","303.910","μmol/L","Humid","18.572","deg","95608","µV","20.211","°C","1013.000","hPa","36.5","pmil","0","55.690","deg","20.000","°C","100.000","%a.s.","22.400","deg","20.000","°C","962.000","hPa","0.861","-0.02617","0.00035","0","0","13.56","Humid","35.35","0","78.50","295785.76","SABD0002000014","AAV2.0.0.13","3.0.1.1413","PSt7-10","180509-002","6/18/2019 6:15:17 AM","0000-00","0","no battery","V"
"07/13/2019","06:52:38","9","default","116269760","OXY_CH9","45.673","min","304.088","μmol/L","Humid","18.564","deg","95594","µV","20.217","°C","1013.000","hPa","36.5","pmil","0","55.690","deg","20.000","°C","100.000","%a.s.","22.400","deg","20.000","°C","962.000","hPa","0.861","-0.02617","0.00035","0","0","13.56","Humid","35.35","0","78.50","295793.11","SABD0002000014","AAV2.0.0.13","3.0.1.1413","PSt7-10","180509-002","6/18/2019 6:15:17 AM","0000-00","0","no battery","V"
"07/13/2019","06:52:39","9","default","116269760","OXY_CH9","45.689","min","304.145","μmol/L","Humid","18.562","deg","95586","µV","20.217","°C","1013.000","hPa","36.5","pmil","0","55.690","deg","20.000","°C","100.000","%a.s.","22.400","deg","20.000","°C","962.000","hPa","0.861","-0.02617","0.00035","0","0","13.56","Humid","35.35","0","78.50","295782.56","SABD0002000014","AAV2.0.0.13","3.0.1.1413","PSt7-10","180509-002","6/18/2019 6:15:17 AM","0000-00","0","no battery","V"
"07/13/2019","06:52:40","9","default","116269760","OXY_CH9","45.706","min","304.001","μmol/L","Humid","18.567","deg","95572","µV","20.217","°C","1013.000","hPa","36.5","pmil","0","55.690","deg","20.000","°C","100.000","%a.s.","22.400","deg","20.000","°C","962.000","hPa","0.861","-0.02617","0.00035","0","0","13.56","Humid","35.35","0","78.50","295790.11","SABD0002000014","AAV2.0.0.13","3.0.1.1413","PSt7-10","180509-002","6/18/2019 6:15:17 AM","0000-00","0","no battery","V"
"07/13/2019","06:52:41","9","default","116269760","OXY_CH9","45.723","min","304.116","μmol/L","Humid","18.563","deg","95569","µV","20.217","°C","1013.000","hPa","36.5","pmil","0","55.690","deg","20.000","°C","100.000","%a.s.","22.400","deg","20.000","°C","962.000","hPa","0.861","-0.02617","0.00035","0","0","13.56","Humid","35.35","0","78.50","295792.01","SABD0002000014","AAV2.0.0.13","3.0.1.1413","PSt7-10","180509-002","6/18/2019 6:15:17 AM","0000-00","0","no battery","V"
"07/13/2019","06:52:42","9","default","116269760","OXY_CH9","45.739","min","304.116","μmol/L","Humid","18.563","deg","95556","µV","20.217","°C","1013.000","hPa","36.5","pmil","0","55.690","deg","20.000","°C","100.000","%a.s.","22.400","deg","20.000","°C","962.000","hPa","0.861","-0.02617","0.00035","0","0","13.56","Humid","35.35","0","78.50","295780.11","SABD0002000014","AAV2.0.0.13","3.0.1.1413","PSt7-10","180509-002","6/18/2019 6:15:17 AM","0000-00","0","no battery","V"
"07/13/2019","06:52:43","9","default","116269760","OXY_CH9","45.756","min","304.174","μmol/L","Humid","18.561","deg","95548","µV","20.217","°C","1013.000","hPa","36.5","pmil","0","55.690","deg","20.000","°C","100.000","%a.s.","22.400","deg","20.000","°C","962.000","hPa","0.861","-0.02617","0.00035","0","0","13.56","Humid","35.35","0","78.50","295780.14","SABD0002000014","AAV2.0.0.13","3.0.1.1413","PSt7-10","180509-002","6/18/2019 6:15:17 AM","0000-00","0","no battery","V"
"07/13/2019","06:52:44","9","default","116269760","OXY_CH9","45.773","min","304.178","μmol/L","Humid","18.559","deg","95548","µV","20.224","°C","1013.000","hPa","36.5","pmil","0","55.690","deg","20.000","°C","100.000","%a.s.","22.400","deg","20.000","°C","962.000","hPa","0.861","-0.02617","0.00035","0","0","13.56","Humid","35.35","0","78.50","295788.38","SABD0002000014","AAV2.0.0.13","3.0.1.1413","PSt7-10","180509-002","6/18/2019 6:15:17 AM","0000-00","0","no battery","V"
"07/13/2019","06:52:45","9","default","116269760","OXY_CH9","45.789","min","304.203","μmol/L","Humid","18.560","deg","95539","µV","20.217","°C","1013.000","hPa","36.5","pmil","0","55.690","deg","20.000","°C","100.000","%a.s.","22.400","deg","20.000","°C","962.000","hPa","0.861","-0.02617","0.00035","0","0","13.56","Humid","35.35","0","78.50","295773.51","SABD0002000014","AAV2.0.0.13","3.0.1.1413","PSt7-10","180509-002","6/18/2019 6:15:17 AM","0000-00","0","no battery","V"
"07/13/2019","06:52:46","9","default","116269760","OXY_CH9","45.806","min","304.178","μmol/L","Humid","18.559","deg","95526","µV","20.224","°C","1013.000","hPa","36.5","pmil","0","55.690","deg","20.000","°C","100.000","%a.s.","22.400","deg","20.000","°C","962.000","hPa","0.861","-0.02617","0.00035","0","0","13.56","Humid","35.35","0","78.50","295782.11","SABD0002000014","AAV2.0.0.13","3.0.1.1413","PSt7-10","180509-002","6/18/2019 6:15:17 AM","0000-00","0","no battery","V"
"07/13/2019","06:52:47","9","default","116269760","OXY_CH9","45.822","min","304.459","μmol/L","Humid","18.553","deg","95519","µV","20.211","°C","1013.000","hPa","36.5","pmil","0","55.690","deg","20.000","°C","100.000","%a.s.","22.400","deg","20.000","°C","962.000","hPa","0.861","-0.02617","0.00035","0","0","13.56","Humid","35.35","0","78.50","295767.31","SABD0002000014","AAV2.0.0.13","3.0.1.1413","PSt7-10","180509-002","6/18/2019 6:15:17 AM","0000-00","0","no battery","V"
"07/13/2019","06:52:48","9","default","116269760","OXY_CH9","45.839","min","304.319","μmol/L","Humid","18.556","deg","95511","µV","20.217","°C","1013.000","hPa","36.5","pmil","0","55.690","deg","20.000","°C","100.000","%a.s.","22.400","deg","20.000","°C","962.000","hPa","0.861","-0.02617","0.00035","0","0","13.56","Humid","35.35","0","78.50","295784.17","SABD0002000014","AAV2.0.0.13","3.0.1.1413","PSt7-10","180509-002","6/18/2019 6:15:17 AM","0000-00","0","no battery","V"
"07/13/2019","06:52:49","9","default","116269760","OXY_CH9","45.855","min","304.488","μmol/L","Humid","18.552","deg","95506","µV","20.211","°C","1013.000","hPa","36.5","pmil","0","55.690","deg","20.000","°C","100.000","%a.s.","22.400","deg","20.000","°C","962.000","hPa","0.861","-0.02617","0.00035","0","0","13.56","Humid","35.35","0","78.50","295776.10","SABD0002000014","AAV2.0.0.13","3.0.1.1413","PSt7-10","180509-002","6/18/2019 6:15:17 AM","0000-00","0","no battery","V"
"07/13/2019","06:52:50","9","default","116269760","OXY_CH9","45.873","min","304.409","μmol/L","Humid","18.551","deg","95498","µV","20.224","°C","1013.000","hPa","36.5","pmil","0","55.690","deg","20.000","°C","100.000","%a.s.","22.400","deg","20.000","°C","962.000","hPa","0.861","-0.02617","0.00035","0","0","13.56","Humid","35.35","0","78.50","295783.96","SABD0002000014","AAV2.0.0.13","3.0.1.1413","PSt7-10","180509-002","6/18/2019 6:15:17 AM","0000-00","0","no battery","V"
"07/13/2019","06:52:51","9","default","116269760","OXY_CH9","45.889","min","304.376","μmol/L","Humid","18.554","deg","95488","µV","20.217","°C","1013.000","hPa","36.5","pmil","0","55.690","deg","20.000","°C","100.000","%a.s.","22.400","deg","20.000","°C","962.000","hPa","0.861","-0.02617","0.00035","0","0","13.56","Humid","35.35","0","78.50","295785.46","SABD0002000014","AAV2.0.0.13","3.0.1.1413","PSt7-10","180509-002","6/18/2019 6:15:17 AM","0000-00","0","no battery","V"
"07/13/2019","06:52:52","9","default","116269760","OXY_CH9","45.906","min","304.430","μmol/L","Humid","18.554","deg","95483","µV","20.211","°C","1013.000","hPa","36.5","pmil","0","55.690","deg","20.000","°C","100.000","%a.s.","22.400","deg","20.000","°C","962.000","hPa","0.861","-0.02617","0.00035","0","0","13.56","Humid","35.35","0","78.50","295781.80","SABD0002000014","AAV2.0.0.13","3.0.1.1413","PSt7-10","180509-002","6/18/2019 6:15:17 AM","0000-00","0","no battery","V"
"07/13/2019","06:52:53","9","default","116269760","OXY_CH9","45.923","min","304.409","μmol/L","Humid","18.551","deg","95476","µV","20.224","°C","1013.000","hPa","36.5","pmil","0","55.690","deg","20.000","°C","100.000","%a.s.","22.400","deg","20.000","°C","962.000","hPa","0.861","-0.02617","0.00035","0","0","13.56","Humid","35.35","0","78.50","295781.73","SABD0002000014","AAV2.0.0.13","3.0.1.1413","PSt7-10","180509-002","6/18/2019 6:15:17 AM","0000-00","0","no battery","V"
"07/13/2019","06:52:54","9","default","116269760","OXY_CH9","45.939","min","304.579","μmol/L","Humid","18.547","deg","95462","µV","20.217","°C","1013.000","hPa","36.5","pmil","0","55.690","deg","20.000","°C","100.000","%a.s.","22.400","deg","20.000","°C","962.000","hPa","0.861","-0.02617","0.00035","0","0","13.56","Humid","35.35","0","78.50","295774.50","SABD0002000014","AAV2.0.0.13","3.0.1.1413","PSt7-10","180509-002","6/18/2019 6:15:17 AM","0000-00","0","no battery","V"
"07/13/2019","06:52:55","9","default","116269760","OXY_CH9","45.956","min","304.641","μmol/L","Humid","18.543","deg","95466","µV","20.224","°C","1013.000","hPa","36.5","pmil","0","55.690","deg","20.000","°C","100.000","%a.s.","22.400","deg","20.000","°C","962.000","hPa","0.861","-0.02617","0.00035","0","0","13.56","Humid","35.35","0","78.50","295788.54","SABD0002000014","AAV2.0.0.13","3.0.1.1413","PSt7-10","180509-002","6/18/2019 6:15:17 AM","0000-00","0","no battery","V"
"07/13/2019","06:52:56","9","default","116269760","OXY_CH9","45.972","min","304.691","μmol/L","Humid","18.545","deg","95453","µV","20.211","°C","1013.000","hPa","36.5","pmil","0","55.690","deg","20.000","°C","100.000","%a.s.","22.400","deg","20.000","°C","962.000","hPa","0.861","-0.02617","0.00035","0","0","13.56","Humid","35.35","0","78.50","295765.32","SABD0002000014","AAV2.0.0.13","3.0.1.1413","PSt7-10","180509-002","6/18/2019 6:15:17 AM","0000-00","0","no battery","V"
"07/13/2019","06:52:57","9","default","116269760","OXY_CH9","45.989","min","304.641","μmol/L","Humid","18.543","deg","95446","µV","20.224","°C","1013.000","hPa","36.5","pmil","0","55.690","deg","20.000","°C","100.000","%a.s.","22.400","deg","20.000","°C","962.000","hPa","0.861","-0.02617","0.00035","0","0","13.56","Humid","35.35","0","78.50","295780.29","SABD0002000014","AAV2.0.0.13","3.0.1.1413","PSt7-10","180509-002","6/18/2019 6:15:17 AM","0000-00","0","no battery","V"
"07/13/2019","06:52:58","9","default","116269760","OXY_CH9","46.006","min","304.608","μmol/L","Humid","18.546","deg","95446","µV","20.217","°C","1013.000","hPa","36.5","pmil","0","55.690","deg","20.000","°C","100.000","%a.s.","22.400","deg","20.000","°C","962.000","hPa","0.861","-0.02617","0.00035","0","0","13.56","Humid","35.35","0","78.50","295783.89","SABD0002000014","AAV2.0.0.13","3.0.1.1413","PSt7-10","180509-002","6/18/2019 6:15:17 AM","0000-00","0","no battery","V"
"07/13/2019","06:52:59","9","default","116269760","OXY_CH9","46.022","min","304.666","μmol/L","Humid","18.544","deg","95428","µV","20.217","°C","1013.000","hPa","36.5","pmil","0","55.690","deg","20.000","°C","100.000","%a.s.","22.400","deg","20.000","°C","962.000","hPa","0.861","-0.02617","0.00035","0","0","13.56","Humid","35.35","0","78.50","295778.84","SABD0002000014","AAV2.0.0.13","3.0.1.1413","PSt7-10","180509-002","6/18/2019 6:15:17 AM","0000-00","0","no battery","V"
"07/13/2019","06:53:00","9","default","116269760","OXY_CH9","46.039","min","304.782","μmol/L","Humid","18.540","deg","95432","µV","20.217","°C","1013.000","hPa","36.5","pmil","0","55.690","deg","20.000","°C","100.000","%a.s.","22.400","deg","20.000","°C","962.000","hPa","0.861","-0.02617","0.00035","0","0","13.56","Humid","35.35","0","78.50","295789.50","SABD0002000014","AAV2.0.0.13","3.0.1.1413","PSt7-10","180509-002","6/18/2019 6:15:17 AM","0000-00","0","no battery","V"
"07/13/2019","06:53:01","9","default","116269760","OXY_CH9","46.055","min","304.777","μmol/L","Humid","18.542","deg","95418","µV","20.211","°C","1013.000","hPa","36.5","pmil","0","55.690","deg","20.000","°C","100.000","%a.s.","22.400","deg","20.000","°C","962.000","hPa","0.861","-0.02617","0.00035","0","0","13.56","Humid","35.35","0","78.50","295776.19","SABD0002000014","AAV2.0.0.13","3.0.1.1413","PSt7-10","180509-002","6/18/2019 6:15:17 AM","0000-00","0","no battery","V"
"07/13/2019","06:53:02","9","default","116269760","OXY_CH9","46.072","min","304.782","μmol/L","Humid","18.540","deg","95417","µV","20.217","°C","1013.000","hPa","36.5","pmil","0","55.690","deg","20.000","°C","100.000","%a.s.","22.400","deg","20.000","°C","962.000","hPa","0.861","-0.02617","0.00035","0","0","13.56","Humid","35.35","0","78.50","295799.19","SABD0002000014","AAV2.0.0.13","3.0.1.1413","PSt7-10","180509-002","6/18/2019 6:15:17 AM","0000-00","0","no battery","V"
"07/13/2019","06:53:03","9","default","116269760","OXY_CH9","46.089","min","304.864","μmol/L","Humid","18.539","deg","95402","µV","20.211","°C","1013.000","hPa","36.5","pmil","0","55.690","deg","20.000","°C","100.000","%a.s.","22.400","deg","20.000","°C","962.000","hPa","0.861","-0.02617","0.00035","0","0","13.56","Humid","35.35","0","78.50","295791.36","SABD0002000014","AAV2.0.0.13","3.0.1.1413","PSt7-10","180509-002","6/18/2019 6:15:17 AM","0000-00","0","no battery","V"
"07/13/2019","06:53:04","9","default","116269760","OXY_CH9","46.105","min","304.868","μmol/L","Humid","18.537","deg","95392","µV","20.217","°C","1013.000","hPa","36.5","pmil","0","55.690","deg","20.000","°C","100.000","%a.s.","22.400","deg","20.000","°C","962.000","hPa","0.861","-0.02617","0.00035","0","0","13.56","Humid","35.35","0","78.50","295774.46","SABD0002000014","AAV2.0.0.13","3.0.1.1413","PSt7-10","180509-002","6/18/2019 6:15:17 AM","0000-00","0","no battery","V"
"07/13/2019","06:53:05","9","default","116269760","OXY_CH9","46.122","min","304.844","μmol/L","Humid","18.536","deg","95390","µV","20.224","°C","1013.000","hPa","36.5","pmil","0","55.690","deg","20.000","°C","100.000","%a.s.","22.400","deg","20.000","°C","962.000","hPa","0.861","-0.02617","0.00035","0","0","13.56","Humid","35.35","0","78.50","295795.90","SABD0002000014","AAV2.0.0.13","3.0.1.1413","PSt7-10","180509-002","6/18/2019 6:15:17 AM","0000-00","0","no battery","V"
"07/13/2019","06:53:06","9","default","116269760","OXY_CH9","46.139","min","305.042","μmol/L","Humid","18.531","deg","95381","µV","20.217","°C","1013.000","hPa","36.5","pmil","0","55.690","deg","20.000","°C","100.000","%a.s.","22.400","deg","20.000","°C","962.000","hPa","0.861","-0.02617","0.00035","0","0","13.56","Humid","35.35","0","78.50","295794.15","SABD0002000014","AAV2.0.0.13","3.0.1.1413","PSt7-10","180509-002","6/18/2019 6:15:17 AM","0000-00","0","no battery","V"
"07/13/2019","06:53:07","9","default","116269760","OXY_CH9","46.155","min","304.901","μmol/L","Humid","18.534","deg","95368","µV","20.224","°C","1013.000","hPa","36.5","pmil","0","55.690","deg","20.000","°C","100.000","%a.s.","22.400","deg","20.000","°C","962.000","hPa","0.861","-0.02617","0.00035","0","0","13.56","Humid","35.35","0","78.50","295793.31","SABD0002000014","AAV2.0.0.13","3.0.1.1413","PSt7-10","180509-002","6/18/2019 6:15:17 AM","0000-00","0","no battery","V"
"07/13/2019","06:53:08","9","default","116269760","OXY_CH9","46.172","min","304.984","μmol/L","Humid","18.533","deg","95363","µV","20.217","°C","1013.000","hPa","36.5","pmil","0","55.690","deg","20.000","°C","100.000","%a.s.","22.400","deg","20.000","°C","962.000","hPa","0.861","-0.02617","0.00035","0","0","13.56","Humid","35.35","0","78.50","295791.49","SABD0002000014","AAV2.0.0.13","3.0.1.1413","PSt7-10","180509-002","6/18/2019 6:15:17 AM","0000-00","0","no battery","V"
"07/13/2019","06:53:09","9","default","116269760","OXY_CH9","46.189","min","305.100","μmol/L","Humid","18.529","deg","95350","µV","20.217","°C","1013.000","hPa","36.5","pmil","0","55.690","deg","20.000","°C","100.000","%a.s.","22.400","deg","20.000","°C","962.000","hPa","0.861","-0.02617","0.00035","0","0","13.56","Humid","35.35","0","78.50","295788.89","SABD0002000014","AAV2.0.0.13","3.0.1.1413","PSt7-10","180509-002","6/18/2019 6:15:17 AM","0000-00","0","no battery","V"
"07/13/2019","06:53:10","9","default","116269760","OXY_CH9","46.206","min","305.158","μmol/L","Humid","18.527","deg","95341","µV","20.217","°C","1013.000","hPa","36.5","pmil","0","55.690","deg","20.000","°C","100.000","%a.s.","22.400","deg","20.000","°C","962.000","hPa","0.861","-0.02617","0.00035","0","0","13.56","Humid","35.35","0","78.50","295793.85","SABD0002000014","AAV2.0.0.13","3.0.1.1413","PSt7-10","180509-002","6/18/2019 6:15:17 AM","0000-00","0","no battery","V"
"07/13/2019","06:53:11","9","default","116269760","OXY_CH9","46.222","min","305.129","μmol/L","Humid","18.528","deg","95333","µV","20.217","°C","1013.000","hPa","36.5","pmil","0","55.690","deg","20.000","°C","100.000","%a.s.","22.400","deg","20.000","°C","962.000","hPa","0.861","-0.02617","0.00035","0","0","13.56","Humid","35.35","0","78.50","295791.57","SABD0002000014","AAV2.0.0.13","3.0.1.1413","PSt7-10","180509-002","6/18/2019 6:15:17 AM","0000-00","0","no battery","V"
"07/13/2019","06:53:12","9","default","116269760","OXY_CH9","46.239","min","305.245","μmol/L","Humid","18.524","deg","95324","µV","20.217","°C","1013.000","hPa","36.5","pmil","0","55.690","deg","20.000","°C","100.000","%a.s.","22.400","deg","20.000","°C","962.000","hPa","0.861","-0.02617","0.00035","0","0","13.56","Humid","35.35","0","78.50","295796.35","SABD0002000014","AAV2.0.0.13","3.0.1.1413","PSt7-10","180509-002","6/18/2019 6:15:17 AM","0000-00","0","no battery","V"
"07/13/2019","06:53:13","9","default","116269760","OXY_CH9","46.256","min","305.303","μmol/L","Humid","18.522","deg","95319","µV","20.217","°C","1013.000","hPa","36.5","pmil","0","55.690","deg","20.000","°C","100.000","%a.s.","22.400","deg","20.000","°C","962.000","hPa","0.861","-0.02617","0.00035","0","0","13.56","Humid","35.35","0","78.50","295790.32","SABD0002000014","AAV2.0.0.13","3.0.1.1413","PSt7-10","180509-002","6/18/2019 6:15:17 AM","0000-00","0","no battery","V"
"07/13/2019","06:53:14","9","default","116269760","OXY_CH9","46.272","min","305.308","μmol/L","Humid","18.520","deg","95314","µV","20.224","°C","1013.000","hPa","36.5","pmil","0","55.690","deg","20.000","°C","100.000","%a.s.","22.400","deg","20.000","°C","962.000","hPa","0.861","-0.02617","0.00035","0","0","13.56","Humid","35.35","0","78.50","295784.95","SABD0002000014","AAV2.0.0.13","3.0.1.1413","PSt7-10","180509-002","6/18/2019 6:15:17 AM","0000-00","0","no battery","V"
"07/13/2019","06:53:15","9","default","116269760","OXY_CH9","46.289","min","305.361","μmol/L","Humid","18.520","deg","95300","µV","20.217","°C","1013.000","hPa","36.5","pmil","0","55.690","deg","20.000","°C","100.000","%a.s.","22.400","deg","20.000","°C","962.000","hPa","0.861","-0.02617","0.00035","0","0","13.56","Humid","35.35","0","78.50","295784.78","SABD0002000014","AAV2.0.0.13","3.0.1.1413","PSt7-10","180509-002","6/18/2019 6:15:17 AM","0000-00","0","no battery","V"
"07/13/2019","06:53:16","9","default","116269760","OXY_CH9","46.305","min","305.337","μmol/L","Humid","18.519","deg","95293","µV","20.224","°C","1013.000","hPa","36.5","pmil","0","55.690","deg","20.000","°C","100.000","%a.s.","22.400","deg","20.000","°C","962.000","hPa","0.861","-0.02617","0.00035","0","0","13.56","Humid","35.35","0","78.50","295774.09","SABD0002000014","AAV2.0.0.13","3.0.1.1413","PSt7-10","180509-002","6/18/2019 6:15:17 AM","0000-00","0","no battery","V"
"07/13/2019","06:53:17","9","default","116269760","OXY_CH9","46.322","min","305.424","μmol/L","Humid","18.516","deg","95284","µV","20.224","°C","1013.000","hPa","36.5","pmil","0","55.690","deg","20.000","°C","100.000","%a.s.","22.400","deg","20.000","°C","962.000","hPa","0.861","-0.02617","0.00035","0","0","13.56","Humid","35.35","0","78.50","295781.11","SABD0002000014","AAV2.0.0.13","3.0.1.1413","PSt7-10","180509-002","6/18/2019 6:15:17 AM","0000-00","0","no battery","V"
"07/13/2019","06:53:18","9","default","116269760","OXY_CH9","46.339","min","305.540","μmol/L","Humid","18.512","deg","95276","µV","20.224","°C","1013.000","hPa","36.5","pmil","0","55.690","deg","20.000","°C","100.000","%a.s.","22.400","deg","20.000","°C","962.000","hPa","0.861","-0.02617","0.00035","0","0","13.56","Humid","35.35","0","78.50","295791.31","SABD0002000014","AAV2.0.0.13","3.0.1.1413","PSt7-10","180509-002","6/18/2019 6:15:17 AM","0000-00","0","no battery","V"
"07/13/2019","06:53:19","9","default","116269760","OXY_CH9","46.355","min","305.424","μmol/L","Humid","18.516","deg","95265","µV","20.224","°C","1013.000","hPa","36.5","pmil","0","55.690","deg","20.000","°C","100.000","%a.s.","22.400","deg","20.000","°C","962.000","hPa","0.861","-0.02617","0.00035","0","0","13.56","Humid","35.35","0","78.50","295785.96","SABD0002000014","AAV2.0.0.13","3.0.1.1413","PSt7-10","180509-002","6/18/2019 6:15:17 AM","0000-00","0","no battery","V"
"07/13/2019","06:53:20","9","default","116269760","OXY_CH9","46.372","min","305.594","μmol/L","Humid","18.512","deg","95262","µV","20.217","°C","1013.000","hPa","36.5","pmil","0","55.690","deg","20.000","°C","100.000","%a.s.","22.400","deg","20.000","°C","962.000","hPa","0.861","-0.02617","0.00035","0","0","13.56","Humid","35.35","0","78.50","295798.14","SABD0002000014","AAV2.0.0.13","3.0.1.1413","PSt7-10","180509-002","6/18/2019 6:15:17 AM","0000-00","0","no battery","V"
"07/13/2019","06:53:21","9","default","116269760","OXY_CH9","46.389","min","305.569","μmol/L","Humid","18.511","deg","95258","µV","20.224","°C","1013.000","hPa","36.5","pmil","0","55.690","deg","20.000","°C","100.000","%a.s.","22.400","deg","20.000","°C","962.000","hPa","0.861","-0.02617","0.00035","0","0","13.56","Humid","35.35","0","78.50","295788.82","SABD0002000014","AAV2.0.0.13","3.0.1.1413","PSt7-10","180509-002","6/18/2019 6:15:17 AM","0000-00","0","no battery","V"
"07/13/2019","06:53:22","9","default","116269760","OXY_CH9","46.405","min","305.739","μmol/L","Humid","18.507","deg","95248","µV","20.217","°C","1013.000","hPa","36.5","pmil","0","55.690","deg","20.000","°C","100.000","%a.s.","22.400","deg","20.000","°C","962.000","hPa","0.861","-0.02617","0.00035","0","0","13.56","Humid","35.35","0","78.50","295781.89","SABD0002000014","AAV2.0.0.13","3.0.1.1413","PSt7-10","180509-002","6/18/2019 6:15:17 AM","0000-00","0","no battery","V"
"07/13/2019","06:53:23","9","default","116269760","OXY_CH9","46.422","min","305.656","μmol/L","Humid","18.508","deg","95238","µV","20.224","°C","1013.000","hPa","36.5","pmil","0","55.690","deg","20.000","°C","100.000","%a.s.","22.400","deg","20.000","°C","962.000","hPa","0.861","-0.02617","0.00035","0","0","13.56","Humid","35.35","0","78.50","295795.48","SABD0002000014","AAV2.0.0.13","3.0.1.1413","PSt7-10","180509-002","6/18/2019 6:15:17 AM","0000-00","0","no battery","V"
"07/13/2019","06:53:24","9","default","116269760","OXY_CH9","46.439","min","305.598","μmol/L","Humid","18.510","deg","95245","µV","20.224","°C","1013.000","hPa","36.5","pmil","0","55.690","deg","20.000","°C","100.000","%a.s.","22.400","deg","20.000","°C","962.000","hPa","0.861","-0.02617","0.00035","0","0","13.56","Humid","35.35","0","78.50","295787.24","SABD0002000014","AAV2.0.0.13","3.0.1.1413","PSt7-10","180509-002","6/18/2019 6:15:17 AM","0000-00","0","no battery","V"
"07/13/2019","06:53:25","9","default","116269760","OXY_CH9","46.456","min","305.627","μmol/L","Humid","18.509","deg","95233","µV","20.224","°C","1013.000","hPa","36.5","pmil","0","55.690","deg","20.000","°C","100.000","%a.s.","22.400","deg","20.000","°C","962.000","hPa","0.861","-0.02617","0.00035","0","0","13.56","Humid","35.35","0","78.50","295769.09","SABD0002000014","AAV2.0.0.13","3.0.1.1413","PSt7-10","180509-002","6/18/2019 6:15:17 AM","0000-00","0","no battery","V"
"07/13/2019","06:53:26","9","default","116269760","OXY_CH9","46.472","min","305.627","μmol/L","Humid","18.509","deg","95218","µV","20.224","°C","1013.000","hPa","36.5","pmil","0","55.690","deg","20.000","°C","100.000","%a.s.","22.400","deg","20.000","°C","962.000","hPa","0.861","-0.02617","0.00035","0","0","13.56","Humid","35.35","0","78.50","295770.18","SABD0002000014","AAV2.0.0.13","3.0.1.1413","PSt7-10","180509-002","6/18/2019 6:15:17 AM","0000-00","0","no battery","V"
"07/13/2019","06:53:27","9","default","116269760","OXY_CH9","46.489","min","305.797","μmol/L","Humid","18.505","deg","95200","µV","20.217","°C","1013.000","hPa","36.5","pmil","0","55.690","deg","20.000","°C","100.000","%a.s.","22.400","deg","20.000","°C","962.000","hPa","0.861","-0.02617","0.00035","0","0","13.56","Humid","35.35","0","78.50","295763.78","SABD0002000014","AAV2.0.0.13","3.0.1.1413","PSt7-10","180509-002","6/18/2019 6:15:17 AM","0000-00","0","no battery","V"
"07/13/2019","06:53:28","9","default","116269760","OXY_CH9","46.505","min","305.772","μmol/L","Humid","18.504","deg","95197","µV","20.224","°C","1013.000","hPa","36.5","pmil","0","55.690","deg","20.000","°C","100.000","%a.s.","22.400","deg","20.000","°C","962.000","hPa","0.861","-0.02617","0.00035","0","0","13.56","Humid","35.35","0","78.50","295772.37","SABD0002000014","AAV2.0.0.13","3.0.1.1413","PSt7-10","180509-002","6/18/2019 6:15:17 AM","0000-00","0","no battery","V"
"07/13/2019","06:53:29","9","default","116269760","OXY_CH9","46.522","min","305.943","μmol/L","Humid","18.500","deg","95188","µV","20.217","°C","1013.000","hPa","36.5","pmil","0","55.690","deg","20.000","°C","100.000","%a.s.","22.400","deg","20.000","°C","962.000","hPa","0.861","-0.02617","0.00035","0","0","13.56","Humid","35.35","0","78.50","295789.78","SABD0002000014","AAV2.0.0.13","3.0.1.1413","PSt7-10","180509-002","6/18/2019 6:15:17 AM","0000-00","0","no battery","V"
"07/13/2019","06:53:30","9","default","116269760","OXY_CH9","46.539","min","305.914","μmol/L","Humid","18.501","deg","95188","µV","20.217","°C","1013.000","hPa","36.5","pmil","0","55.690","deg","20.000","°C","100.000","%a.s.","22.400","deg","20.000","°C","962.000","hPa","0.861","-0.02617","0.00035","0","0","13.56","Humid","35.35","0","78.50","295776.05","SABD0002000014","AAV2.0.0.13","3.0.1.1413","PSt7-10","180509-002","6/18/2019 6:15:17 AM","0000-00","0","no battery","V"
"07/13/2019","06:53:31","9","default","116269760","OXY_CH9","46.555","min","305.918","μmol/L","Humid","18.499","deg","95183","µV","20.224","°C","1013.000","hPa","36.5","pmil","0","55.690","deg","20.000","°C","100.000","%a.s.","22.400","deg","20.000","°C","962.000","hPa","0.861","-0.02617","0.00035","0","0","13.56","Humid","35.35","0","78.50","295772.06","SABD0002000014","AAV2.0.0.13","3.0.1.1413","PSt7-10","180509-002","6/18/2019 6:15:17 AM","0000-00","0","no battery","V"
"07/13/2019","06:53:32","9","default","116269760","OXY_CH9","46.572","min","305.768","μmol/L","Humid","18.506","deg","95172","µV","20.217","°C","1013.000","hPa","36.5","pmil","0","55.690","deg","20.000","°C","100.000","%a.s.","22.400","deg","20.000","°C","962.000","hPa","0.861","-0.02617","0.00035","0","0","13.56","Humid","35.35","0","78.50","295768.19","SABD0002000014","AAV2.0.0.13","3.0.1.1413","PSt7-10","180509-002","6/18/2019 6:15:17 AM","0000-00","0","no battery","V"
"07/13/2019","06:53:33","9","default","116269760","OXY_CH9","46.589","min","305.914","μmol/L","Humid","18.501","deg","95162","µV","20.217","°C","1013.000","hPa","36.5","pmil","0","55.690","deg","20.000","°C","100.000","%a.s.","22.400","deg","20.000","°C","962.000","hPa","0.861","-0.02617","0.00035","0","0","13.56","Humid","35.35","0","78.50","295765.48","SABD0002000014","AAV2.0.0.13","3.0.1.1413","PSt7-10","180509-002","6/18/2019 6:15:17 AM","0000-00","0","no battery","V"
"07/13/2019","06:53:34","9","default","116269760","OXY_CH9","46.606","min","305.947","μmol/L","Humid","18.498","deg","95158","µV","20.224","°C","1013.000","hPa","36.5","pmil","0","55.690","deg","20.000","°C","100.000","%a.s.","22.400","deg","20.000","°C","962.000","hPa","0.861","-0.02617","0.00035","0","0","13.56","Humid","35.35","0","78.50","295757.62","SABD0002000014","AAV2.0.0.13","3.0.1.1413","PSt7-10","180509-002","6/18/2019 6:15:17 AM","0000-00","0","no battery","V"
"07/13/2019","06:53:35","9","default","116269760","OXY_CH9","46.622","min","305.831","μmol/L","Humid","18.502","deg","95143","µV","20.224","°C","1013.000","hPa","36.5","pmil","0","55.690","deg","20.000","°C","100.000","%a.s.","22.400","deg","20.000","°C","962.000","hPa","0.861","-0.02617","0.00035","0","0","13.56","Humid","35.35","0","78.50","295779.09","SABD0002000014","AAV2.0.0.13","3.0.1.1413","PSt7-10","180509-002","6/18/2019 6:15:17 AM","0000-00","0","no battery","V"
"07/13/2019","06:53:36","9","default","116269760","OXY_CH9","46.639","min","306.064","μmol/L","Humid","18.494","deg","95141","µV","20.224","°C","1013.000","hPa","36.5","pmil","0","55.690","deg","20.000","°C","100.000","%a.s.","22.400","deg","20.000","°C","962.000","hPa","0.861","-0.02617","0.00035","0","0","13.56","Humid","35.35","0","78.50","295781.27","SABD0002000014","AAV2.0.0.13","3.0.1.1413","PSt7-10","180509-002","6/18/2019 6:15:17 AM","0000-00","0","no battery","V"
"07/13/2019","06:53:37","9","default","116269760","OXY_CH9","46.655","min","306.180","μmol/L","Humid","18.490","deg","95129","µV","20.224","°C","1013.000","hPa","36.5","pmil","0","55.690","deg","20.000","°C","100.000","%a.s.","22.400","deg","20.000","°C","962.000","hPa","0.861","-0.02617","0.00035","0","0","13.56","Humid","35.35","0","78.50","295771.78","SABD0002000014","AAV2.0.0.13","3.0.1.1413","PSt7-10","180509-002","6/18/2019 6:15:17 AM","0000-00","0","no battery","V"
"07/13/2019","06:53:38","9","default","116269760","OXY_CH9","46.672","min","306.064","μmol/L","Humid","18.494","deg","95121","µV","20.224","°C","1013.000","hPa","36.5","pmil","0","55.690","deg","20.000","°C","100.000","%a.s.","22.400","deg","20.000","°C","962.000","hPa","0.861","-0.02617","0.00035","0","0","13.56","Humid","35.35","0","78.50","295768.81","SABD0002000014","AAV2.0.0.13","3.0.1.1413","PSt7-10","180509-002","6/18/2019 6:15:17 AM","0000-00","0","no battery","V"
"07/13/2019","06:53:39","9","default","116269760","OXY_CH9","46.689","min","306.297","μmol/L","Humid","18.486","deg","95110","µV","20.224","°C","1013.000","hPa","36.5","pmil","0","55.690","deg","20.000","°C","100.000","%a.s.","22.400","deg","20.000","°C","962.000","hPa","0.861","-0.02617","0.00035","0","0","13.56","Humid","35.35","0","78.50","295777.87","SABD0002000014","AAV2.0.0.13","3.0.1.1413","PSt7-10","180509-002","6/18/2019 6:15:17 AM","0000-00","0","no battery","V"
"07/13/2019","06:53:40","9","default","116269760","OXY_CH9","46.705","min","306.097","μmol/L","Humid","18.491","deg","95107","µV","20.230","°C","1013.000","hPa","36.5","pmil","0","55.690","deg","20.000","°C","100.000","%a.s.","22.400","deg","20.000","°C","962.000","hPa","0.861","-0.02617","0.00035","0","0","13.56","Humid","35.35","0","78.50","295768.69","SABD0002000014","AAV2.0.0.13","3.0.1.1413","PSt7-10","180509-002","6/18/2019 6:15:17 AM","0000-00","0","no battery","V"
"07/13/2019","06:53:41","9","default","116269760","OXY_CH9","46.722","min","306.238","μmol/L","Humid","18.488","deg","95104","µV","20.224","°C","1013.000","hPa","36.5","pmil","0","55.690","deg","20.000","°C","100.000","%a.s.","22.400","deg","20.000","°C","962.000","hPa","0.861","-0.02617","0.00035","0","0","13.56","Humid","35.35","0","78.50","295775.28","SABD0002000014","AAV2.0.0.13","3.0.1.1413","PSt7-10","180509-002","6/18/2019 6:15:17 AM","0000-00","0","no battery","V"
"07/13/2019","06:53:42","9","default","116269760","OXY_CH9","46.739","min","306.351","μmol/L","Humid","18.486","deg","95097","µV","20.217","°C","1013.000","hPa","36.5","pmil","0","55.690","deg","20.000","°C","100.000","%a.s.","22.400","deg","20.000","°C","962.000","hPa","0.861","-0.02617","0.00035","0","0","13.56","Humid","35.35","0","78.50","295788.78","SABD0002000014","AAV2.0.0.13","3.0.1.1413","PSt7-10","180509-002","6/18/2019 6:15:17 AM","0000-00","0","no battery","V"
"07/13/2019","06:53:43","9","default","116269760","OXY_CH9","46.756","min","306.409","μmol/L","Humid","18.484","deg","95085","µV","20.217","°C","1013.000","hPa","36.5","pmil","0","55.690","deg","20.000","°C","100.000","%a.s.","22.400","deg","20.000","°C","962.000","hPa","0.861","-0.02617","0.00035","0","0","13.56","Humid","35.35","0","78.50","295773.49","SABD0002000014","AAV2.0.0.13","3.0.1.1413","PSt7-10","180509-002","6/18/2019 6:15:17 AM","0000-00","0","no battery","V"
"07/13/2019","06:53:44","9","default","116269760","OXY_CH9","46.772","min","306.438","μmol/L","Humid","18.483","deg","95077","µV","20.217","°C","1013.000","hPa","36.5","pmil","0","55.690","deg","20.000","°C","100.000","%a.s.","22.400","deg","20.000","°C","962.000","hPa","0.861","-0.02617","0.00035","0","0","13.56","Humid","35.35","0","78.50","295773.10","SABD0002000014","AAV2.0.0.13","3.0.1.1413","PSt7-10","180509-002","6/18/2019 6:15:17 AM","0000-00","0","no battery","V"
"07/13/2019","06:53:45","9","default","116269760","OXY_CH9","46.789","min","306.438","μmol/L","Humid","18.483","deg","95067","µV","20.217","°C","1013.000","hPa","36.5","pmil","0","55.690","deg","20.000","°C","100.000","%a.s.","22.400","deg","20.000","°C","962.000","hPa","0.861","-0.02617","0.00035","0","0","13.56","Humid","35.35","0","78.50","295769.99","SABD0002000014","AAV2.0.0.13","3.0.1.1413","PSt7-10","180509-002","6/18/2019 6:15:17 AM","0000-00","0","no battery","V"
"07/13/2019","06:53:46","9","default","116269760","OXY_CH9","46.806","min","306.380","μmol/L","Humid","18.485","deg","95061","µV","20.217","°C","1013.000","hPa","36.5","pmil","0","55.690","deg","20.000","°C","100.000","%a.s.","22.400","deg","20.000","°C","962.000","hPa","0.861","-0.02617","0.00035","0","0","13.56","Humid","35.35","0","78.50","295764.32","SABD0002000014","AAV2.0.0.13","3.0.1.1413","PSt7-10","180509-002","6/18/2019 6:15:17 AM","0000-00","0","no battery","V"
"07/13/2019","06:53:47","9","default","116269760","OXY_CH9","46.822","min","306.559","μmol/L","Humid","18.477","deg","95044","µV","20.224","°C","1013.000","hPa","36.5","pmil","0","55.690","deg","20.000","°C","100.000","%a.s.","22.400","deg","20.000","°C","962.000","hPa","0.861","-0.02617","0.00035","0","0","13.56","Humid","35.35","0","78.50","295763.95","SABD0002000014","AAV2.0.0.13","3.0.1.1413","PSt7-10","180509-002","6/18/2019 6:15:17 AM","0000-00","0","no battery","V"
"07/13/2019","06:53:48","9","default","116269760","OXY_CH9","46.839","min","306.526","μmol/L","Humid","18.480","deg","95042","µV","20.217","°C","1013.000","hPa","36.5","pmil","0","55.690","deg","20.000","°C","100.000","%a.s.","22.400","deg","20.000","°C","962.000","hPa","0.861","-0.02617","0.00035","0","0","13.56","Humid","35.35","0","78.50","295758.62","SABD0002000014","AAV2.0.0.13","3.0.1.1413","PSt7-10","180509-002","6/18/2019 6:15:17 AM","0000-00","0","no battery","V"
"07/13/2019","06:53:49","9","default","116269760","OXY_CH9","46.856","min","306.647","μmol/L","Humid","18.474","deg","95039","µV","20.224","°C","1013.000","hPa","36.5","pmil","0","55.690","deg","20.000","°C","100.000","%a.s.","22.400","deg","20.000","°C","962.000","hPa","0.861","-0.02617","0.00035","0","0","13.56","Humid","35.35","0","78.50","295777.25","SABD0002000014","AAV2.0.0.13","3.0.1.1413","PSt7-10","180509-002","6/18/2019 6:15:17 AM","0000-00","0","no battery","V"
"07/13/2019","06:53:50","9","default","116269760","OXY_CH9","46.872","min","306.697","μmol/L","Humid","18.476","deg","95025","µV","20.211","°C","1013.000","hPa","36.5","pmil","0","55.690","deg","20.000","°C","100.000","%a.s.","22.400","deg","20.000","°C","962.000","hPa","0.861","-0.02617","0.00035","0","0","13.56","Humid","35.35","0","78.50","295772.56","SABD0002000014","AAV2.0.0.13","3.0.1.1413","PSt7-10","180509-002","6/18/2019 6:15:17 AM","0000-00","0","no battery","V"
"07/13/2019","06:53:51","9","default","116269760","OXY_CH9","46.889","min","306.618","μmol/L","Humid","18.475","deg","95023","µV","20.224","°C","1013.000","hPa","36.5","pmil","0","55.690","deg","20.000","°C","100.000","%a.s.","22.400","deg","20.000","°C","962.000","hPa","0.861","-0.02617","0.00035","0","0","13.56","Humid","35.35","0","78.50","295781.26","SABD0002000014","AAV2.0.0.13","3.0.1.1413","PSt7-10","180509-002","6/18/2019 6:15:17 AM","0000-00","0","no battery","V"
"07/13/2019","06:53:52","9","default","116269760","OXY_CH9","46.905","min","306.701","μmol/L","Humid","18.474","deg","95014","µV","20.217","°C","1013.000","hPa","36.5","pmil","0","55.690","deg","20.000","°C","100.000","%a.s.","22.400","deg","20.000","°C","962.000","hPa","0.861","-0.02617","0.00035","0","0","13.56","Humid","35.35","0","78.50","295769.02","SABD0002000014","AAV2.0.0.13","3.0.1.1413","PSt7-10","180509-002","6/18/2019 6:15:17 AM","0000-00","0","no battery","V"
"07/13/2019","06:53:53","9","default","116269760","OXY_CH9","46.922","min","306.701","μmol/L","Humid","18.474","deg","95011","µV","20.217","°C","1013.000","hPa","36.5","pmil","0","55.690","deg","20.000","°C","100.000","%a.s.","22.400","deg","20.000","°C","962.000","hPa","0.861","-0.02617","0.00035","0","0","13.56","Humid","35.35","0","78.50","295768.82","SABD0002000014","AAV2.0.0.13","3.0.1.1413","PSt7-10","180509-002","6/18/2019 6:15:17 AM","0000-00","0","no battery","V"
"07/13/2019","06:53:54","9","default","116269760","OXY_CH9","46.939","min","306.647","μmol/L","Humid","18.474","deg","95001","µV","20.224","°C","1013.000","hPa","36.5","pmil","0","55.690","deg","20.000","°C","100.000","%a.s.","22.400","deg","20.000","°C","962.000","hPa","0.861","-0.02617","0.00035","0","0","13.56","Humid","35.35","0","78.50","295775.09","SABD0002000014","AAV2.0.0.13","3.0.1.1413","PSt7-10","180509-002","6/18/2019 6:15:17 AM","0000-00","0","no battery","V"
"07/13/2019","06:53:55","9","default","116269760","OXY_CH9","46.955","min","306.764","μmol/L","Humid","18.470","deg","94992","µV","20.224","°C","1013.000","hPa","36.5","pmil","0","55.690","deg","20.000","°C","100.000","%a.s.","22.400","deg","20.000","°C","962.000","hPa","0.861","-0.02617","0.00035","0","0","13.56","Humid","35.35","0","78.50","295746.95","SABD0002000014","AAV2.0.0.13","3.0.1.1413","PSt7-10","180509-002","6/18/2019 6:15:17 AM","0000-00","0","no battery","V"
"07/13/2019","06:53:56","9","default","116269760","OXY_CH9","46.972","min","306.764","μmol/L","Humid","18.470","deg","94985","µV","20.224","°C","1013.000","hPa","36.5","pmil","0","55.690","deg","20.000","°C","100.000","%a.s.","22.400","deg","20.000","°C","962.000","hPa","0.861","-0.02617","0.00035","0","0","13.56","Humid","35.35","0","78.50","295763.24","SABD0002000014","AAV2.0.0.13","3.0.1.1413","PSt7-10","180509-002","6/18/2019 6:15:17 AM","0000-00","0","no battery","V"
"07/13/2019","06:53:57","9","default","116269760","OXY_CH9","46.989","min","306.847","μmol/L","Humid","18.469","deg","94984","µV","20.217","°C","1013.000","hPa","36.5","pmil","0","55.690","deg","20.000","°C","100.000","%a.s.","22.400","deg","20.000","°C","962.000","hPa","0.861","-0.02617","0.00035","0","0","13.56","Humid","35.35","0","78.50","295767.61","SABD0002000014","AAV2.0.0.13","3.0.1.1413","PSt7-10","180509-002","6/18/2019 6:15:17 AM","0000-00","0","no battery","V"
"07/13/2019","06:53:58","9","default","116269760","OXY_CH9","47.006","min","306.847","μmol/L","Humid","18.469","deg","94970","µV","20.217","°C","1013.000","hPa","36.5","pmil","0","55.690","deg","20.000","°C","100.000","%a.s.","22.400","deg","20.000","°C","962.000","hPa","0.861","-0.02617","0.00035","0","0","13.56","Humid","35.35","0","78.50","295761.18","SABD0002000014","AAV2.0.0.13","3.0.1.1413","PSt7-10","180509-002","6/18/2019 6:15:17 AM","0000-00","0","no battery","V"
"07/13/2019","06:53:59","9","default","116269760","OXY_CH9","47.022","min","306.876","μmol/L","Humid","18.468","deg","94967","µV","20.217","°C","1013.000","hPa","36.5","pmil","0","55.690","deg","20.000","°C","100.000","%a.s.","22.400","deg","20.000","°C","962.000","hPa","0.861","-0.02617","0.00035","0","0","13.56","Humid","35.35","0","78.50","295765.41","SABD0002000014","AAV2.0.0.13","3.0.1.1413","PSt7-10","180509-002","6/18/2019 6:15:17 AM","0000-00","0","no battery","V"
"07/13/2019","06:54:00","9","default","116269760","OXY_CH9","47.039","min","306.939","μmol/L","Humid","18.464","deg","94956","µV","20.224","°C","1013.000","hPa","36.5","pmil","0","55.690","deg","20.000","°C","100.000","%a.s.","22.400","deg","20.000","°C","962.000","hPa","0.861","-0.02617","0.00035","0","0","13.56","Humid","35.35","0","78.50","295754.85","SABD0002000014","AAV2.0.0.13","3.0.1.1413","PSt7-10","180509-002","6/18/2019 6:15:17 AM","0000-00","0","no battery","V"
"07/13/2019","06:54:01","9","default","116269760","OXY_CH9","47.055","min","306.939","μmol/L","Humid","18.464","deg","94947","µV","20.224","°C","1013.000","hPa","36.5","pmil","0","55.690","deg","20.000","°C","100.000","%a.s.","22.400","deg","20.000","°C","962.000","hPa","0.861","-0.02617","0.00035","0","0","13.56","Humid","35.35","0","78.50","295768.93","SABD0002000014","AAV2.0.0.13","3.0.1.1413","PSt7-10","180509-002","6/18/2019 6:15:17 AM","0000-00","0","no battery","V"
"07/13/2019","06:54:02","9","default","116269760","OXY_CH9","47.072","min","306.876","μmol/L","Humid","18.468","deg","94945","µV","20.217","°C","1013.000","hPa","36.5","pmil","0","55.690","deg","20.000","°C","100.000","%a.s.","22.400","deg","20.000","°C","962.000","hPa","0.861","-0.02617","0.00035","0","0","13.56","Humid","35.35","0","78.50","295771.73","SABD0002000014","AAV2.0.0.13","3.0.1.1413","PSt7-10","180509-002","6/18/2019 6:15:17 AM","0000-00","0","no battery","V"
"07/13/2019","06:54:03","9","default","116269760","OXY_CH9","47.089","min","306.968","μmol/L","Humid","18.463","deg","94938","µV","20.224","°C","1013.000","hPa","36.5","pmil","0","55.690","deg","20.000","°C","100.000","%a.s.","22.400","deg","20.000","°C","962.000","hPa","0.861","-0.02617","0.00035","0","0","13.56","Humid","35.35","0","78.50","295759.60","SABD0002000014","AAV2.0.0.13","3.0.1.1413","PSt7-10","180509-002","6/18/2019 6:15:17 AM","0000-00","0","no battery","V"
"07/13/2019","06:54:04","9","default","116269760","OXY_CH9","47.105","min","306.939","μmol/L","Humid","18.464","deg","94921","µV","20.224","°C","1013.000","hPa","36.5","pmil","0","55.690","deg","20.000","°C","100.000","%a.s.","22.400","deg","20.000","°C","962.000","hPa","0.861","-0.02617","0.00035","0","0","13.56","Humid","35.35","0","78.50","295760.31","SABD0002000014","AAV2.0.0.13","3.0.1.1413","PSt7-10","180509-002","6/18/2019 6:15:17 AM","0000-00","0","no battery","V"
"07/13/2019","06:54:05","9","default","116269760","OXY_CH9","47.122","min","307.085","μmol/L","Humid","18.459","deg","94923","µV","20.224","°C","1013.000","hPa","36.5","pmil","0","55.690","deg","20.000","°C","100.000","%a.s.","22.400","deg","20.000","°C","962.000","hPa","0.861","-0.02617","0.00035","0","0","13.56","Humid","35.35","0","78.50","295769.00","SABD0002000014","AAV2.0.0.13","3.0.1.1413","PSt7-10","180509-002","6/18/2019 6:15:17 AM","0000-00","0","no battery","V"
"07/13/2019","06:54:06","9","default","116269760","OXY_CH9","47.139","min","307.027","μmol/L","Humid","18.461","deg","94913","µV","20.224","°C","1013.000","hPa","36.5","pmil","0","55.690","deg","20.000","°C","100.000","%a.s.","22.400","deg","20.000","°C","962.000","hPa","0.861","-0.02617","0.00035","0","0","13.56","Humid","35.35","0","78.50","295756.93","SABD0002000014","AAV2.0.0.13","3.0.1.1413","PSt7-10","180509-002","6/18/2019 6:15:17 AM","0000-00","0","no battery","V"
"07/13/2019","06:54:07","9","default","116269760","OXY_CH9","47.155","min","307.144","μmol/L","Humid","18.457","deg","94909","µV","20.224","°C","1013.000","hPa","36.5","pmil","0","55.690","deg","20.000","°C","100.000","%a.s.","22.400","deg","20.000","°C","962.000","hPa","0.861","-0.02617","0.00035","0","0","13.56","Humid","35.35","0","78.50","295769.12","SABD0002000014","AAV2.0.0.13","3.0.1.1413","PSt7-10","180509-002","6/18/2019 6:15:17 AM","0000-00","0","no battery","V"
"07/13/2019","06:54:08","9","default","116269760","OXY_CH9","47.172","min","307.114","μmol/L","Humid","18.458","deg","94905","µV","20.224","°C","1013.000","hPa","36.5","pmil","0","55.690","deg","20.000","°C","100.000","%a.s.","22.400","deg","20.000","°C","962.000","hPa","0.861","-0.02617","0.00035","0","0","13.56","Humid","35.35","0","78.50","295763.59","SABD0002000014","AAV2.0.0.13","3.0.1.1413","PSt7-10","180509-002","6/18/2019 6:15:17 AM","0000-00","0","no battery","V"
"07/13/2019","06:54:09","9","default","116269760","OXY_CH9","47.189","min","307.144","μmol/L","Humid","18.457","deg","94894","µV","20.224","°C","1013.000","hPa","36.5","pmil","0","55.690","deg","20.000","°C","100.000","%a.s.","22.400","deg","20.000","°C","962.000","hPa","0.861","-0.02617","0.00035","0","0","13.56","Humid","35.35","0","78.50","295779.58","SABD0002000014","AAV2.0.0.13","3.0.1.1413","PSt7-10","180509-002","6/18/2019 6:15:17 AM","0000-00","0","no battery","V"
"07/13/2019","06:54:10","9","default","116269760","OXY_CH9","47.206","min","307.265","μmol/L","Humid","18.451","deg","94883","µV","20.230","°C","1013.000","hPa","36.5","pmil","0","55.690","deg","20.000","°C","100.000","%a.s.","22.400","deg","20.000","°C","962.000","hPa","0.861","-0.02617","0.00035","0","0","13.56","Humid","35.35","0","78.50","295774.02","SABD0002000014","AAV2.0.0.13","3.0.1.1413","PSt7-10","180509-002","6/18/2019 6:15:17 AM","0000-00","0","no battery","V"
"07/13/2019","06:54:11","9","default","116269760","OXY_CH9","47.222","min","307.290","μmol/L","Humid","18.452","deg","94873","µV","20.224","°C","1013.000","hPa","36.5","pmil","0","55.690","deg","20.000","°C","100.000","%a.s.","22.400","deg","20.000","°C","962.000","hPa","0.861","-0.02617","0.00035","0","0","13.56","Humid","35.35","0","78.50","295763.82","SABD0002000014","AAV2.0.0.13","3.0.1.1413","PSt7-10","180509-002","6/18/2019 6:15:17 AM","0000-00","0","no battery","V"
"07/13/2019","06:54:12","9","default","116269760","OXY_CH9","47.239","min","307.261","μmol/L","Humid","18.453","deg","94868","µV","20.224","°C","1013.000","hPa","36.5","pmil","0","55.690","deg","20.000","°C","100.000","%a.s.","22.400","deg","20.000","°C","962.000","hPa","0.861","-0.02617","0.00035","0","0","13.56","Humid","35.35","0","78.50","295759.79","SABD0002000014","AAV2.0.0.13","3.0.1.1413","PSt7-10","180509-002","6/18/2019 6:15:17 AM","0000-00","0","no battery","V"
"07/13/2019","06:54:13","9","default","116269760","OXY_CH9","47.256","min","307.290","μmol/L","Humid","18.452","deg","94858","µV","20.224","°C","1013.000","hPa","36.5","pmil","0","55.690","deg","20.000","°C","100.000","%a.s.","22.400","deg","20.000","°C","962.000","hPa","0.861","-0.02617","0.00035","0","0","13.56","Humid","35.35","0","78.50","295760.81","SABD0002000014","AAV2.0.0.13","3.0.1.1413","PSt7-10","180509-002","6/18/2019 6:15:17 AM","0000-00","0","no battery","V"
"07/13/2019","06:54:14","9","default","116269760","OXY_CH9","47.272","min","307.407","μmol/L","Humid","18.448","deg","94850","µV","20.224","°C","1013.000","hPa","36.5","pmil","0","55.690","deg","20.000","°C","100.000","%a.s.","22.400","deg","20.000","°C","962.000","hPa","0.861","-0.02617","0.00035","0","0","13.56","Humid","35.35","0","78.50","295769.67","SABD0002000014","AAV2.0.0.13","3.0.1.1413","PSt7-10","180509-002","6/18/2019 6:15:17 AM","0000-00","0","no battery","V"
"07/13/2019","06:54:15","9","default","116269760","OXY_CH9","47.289","min","307.432","μmol/L","Humid","18.449","deg","94833","µV","20.217","°C","1013.000","hPa","36.5","pmil","0","55.690","deg","20.000","°C","100.000","%a.s.","22.400","deg","20.000","°C","962.000","hPa","0.861","-0.02617","0.00035","0","0","13.56","Humid","35.35","0","78.50","295751.97","SABD0002000014","AAV2.0.0.13","3.0.1.1413","PSt7-10","180509-002","6/18/2019 6:15:17 AM","0000-00","0","no battery","V"
"07/13/2019","06:54:16","9","default","116269760","OXY_CH9","47.306","min","307.520","μmol/L","Humid","18.446","deg","94830","µV","20.217","°C","1013.000","hPa","36.5","pmil","0","55.690","deg","20.000","°C","100.000","%a.s.","22.400","deg","20.000","°C","962.000","hPa","0.861","-0.02617","0.00035","0","0","13.56","Humid","35.35","0","78.50","295746.09","SABD0002000014","AAV2.0.0.13","3.0.1.1413","PSt7-10","180509-002","6/18/2019 6:15:17 AM","0000-00","0","no battery","V"
"07/13/2019","06:54:17","9","default","116269760","OXY_CH9","47.322","min","307.491","μmol/L","Humid","18.447","deg","94831","µV","20.217","°C","1013.000","hPa","36.5","pmil","0","55.690","deg","20.000","°C","100.000","%a.s.","22.400","deg","20.000","°C","962.000","hPa","0.861","-0.02617","0.00035","0","0","13.56","Humid","35.35","0","78.50","295758.84","SABD0002000014","AAV2.0.0.13","3.0.1.1413","PSt7-10","180509-002","6/18/2019 6:15:17 AM","0000-00","0","no battery","V"
"07/13/2019","06:54:18","9","default","116269760","OXY_CH9","47.339","min","307.579","μmol/L","Humid","18.444","deg","94819","µV","20.217","°C","1013.000","hPa","36.5","pmil","0","55.690","deg","20.000","°C","100.000","%a.s.","22.400","deg","20.000","°C","962.000","hPa","0.861","-0.02617","0.00035","0","0","13.56","Humid","35.35","0","78.50","295755.51","SABD0002000014","AAV2.0.0.13","3.0.1.1413","PSt7-10","180509-002","6/18/2019 6:15:17 AM","0000-00","0","no battery","V"
"07/13/2019","06:54:19","9","default","116269760","OXY_CH9","47.356","min","307.520","μmol/L","Humid","18.446","deg","94809","µV","20.217","°C","1013.000","hPa","36.5","pmil","0","55.690","deg","20.000","°C","100.000","%a.s.","22.400","deg","20.000","°C","962.000","hPa","0.861","-0.02617","0.00035","0","0","13.56","Humid","35.35","0","78.50","295759.19","SABD0002000014","AAV2.0.0.13","3.0.1.1413","PSt7-10","180509-002","6/18/2019 6:15:17 AM","0000-00","0","no battery","V"
"07/13/2019","06:54:20","9","default","116269760","OXY_CH9","47.372","min","307.642","μmol/L","Humid","18.440","deg","94797","µV","20.224","°C","1013.000","hPa","36.5","pmil","0","55.690","deg","20.000","°C","100.000","%a.s.","22.400","deg","20.000","°C","962.000","hPa","0.861","-0.02617","0.00035","0","0","13.56","Humid","35.35","0","78.50","295747.28","SABD0002000014","AAV2.0.0.13","3.0.1.1413","PSt7-10","180509-002","6/18/2019 6:15:17 AM","0000-00","0","no battery","V"
"07/13/2019","06:54:21","9","default","116269760","OXY_CH9","47.389","min","307.730","μmol/L","Humid","18.437","deg","94804","µV","20.224","°C","1013.000","hPa","36.5","pmil","0","55.690","deg","20.000","°C","100.000","%a.s.","22.400","deg","20.000","°C","962.000","hPa","0.861","-0.02617","0.00035","0","0","13.56","Humid","35.35","0","78.50","295769.31","SABD0002000014","AAV2.0.0.13","3.0.1.1413","PSt7-10","180509-002","6/18/2019 6:15:17 AM","0000-00","0","no battery","V"
"07/13/2019","06:54:22","9","default","116269760","OXY_CH9","47.406","min","307.700","μmol/L","Humid","18.438","deg","94788","µV","20.224","°C","1013.000","hPa","36.5","pmil","0","55.690","deg","20.000","°C","100.000","%a.s.","22.400","deg","20.000","°C","962.000","hPa","0.861","-0.02617","0.00035","0","0","13.56","Humid","35.35","0","78.50","295753.83","SABD0002000014","AAV2.0.0.13","3.0.1.1413","PSt7-10","180509-002","6/18/2019 6:15:17 AM","0000-00","0","no battery","V"
"07/13/2019","06:54:23","9","default","116269760","OXY_CH9","47.422","min","307.587","μmol/L","Humid","18.440","deg","94782","µV","20.230","°C","1013.000","hPa","36.5","pmil","0","55.690","deg","20.000","°C","100.000","%a.s.","22.400","deg","20.000","°C","962.000","hPa","0.861","-0.02617","0.00035","0","0","13.56","Humid","35.35","0","78.50","295746.38","SABD0002000014","AAV2.0.0.13","3.0.1.1413","PSt7-10","180509-002","6/18/2019 6:15:17 AM","0000-00","0","no battery","V"
"07/13/2019","06:54:24","9","default","116269760","OXY_CH9","47.439","min","307.788","μmol/L","Humid","18.435","deg","94776","µV","20.224","°C","1013.000","hPa","36.5","pmil","0","55.690","deg","20.000","°C","100.000","%a.s.","22.400","deg","20.000","°C","962.000","hPa","0.861","-0.02617","0.00035","0","0","13.56","Humid","35.35","0","78.50","295759.87","SABD0002000014","AAV2.0.0.13","3.0.1.1413","PSt7-10","180509-002","6/18/2019 6:15:17 AM","0000-00","0","no battery","V"
"07/13/2019","06:54:25","9","default","116269760","OXY_CH9","47.456","min","307.847","μmol/L","Humid","18.433","deg","94763","µV","20.224","°C","1013.000","hPa","36.5","pmil","0","55.690","deg","20.000","°C","100.000","%a.s.","22.400","deg","20.000","°C","962.000","hPa","0.861","-0.02617","0.00035","0","0","13.56","Humid","35.35","0","78.50","295765.28","SABD0002000014","AAV2.0.0.13","3.0.1.1413","PSt7-10","180509-002","6/18/2019 6:15:17 AM","0000-00","0","no battery","V"
"07/13/2019","06:54:26","9","default","116269760","OXY_CH9","47.472","min","307.818","μmol/L","Humid","18.434","deg","94757","µV","20.224","°C","1013.000","hPa","36.5","pmil","0","55.690","deg","20.000","°C","100.000","%a.s.","22.400","deg","20.000","°C","962.000","hPa","0.861","-0.02617","0.00035","0","0","13.56","Humid","35.35","0","78.50","295757.29","SABD0002000014","AAV2.0.0.13","3.0.1.1413","PSt7-10","180509-002","6/18/2019 6:15:17 AM","0000-00","0","no battery","V"
"07/13/2019","06:54:27","9","default","116269760","OXY_CH9","47.489","min","307.994","μmol/L","Humid","18.428","deg","94743","µV","20.224","°C","1013.000","hPa","36.5","pmil","0","55.690","deg","20.000","°C","100.000","%a.s.","22.400","deg","20.000","°C","962.000","hPa","0.861","-0.02617","0.00035","0","0","13.56","Humid","35.35","0","78.50","295769.09","SABD0002000014","AAV2.0.0.13","3.0.1.1413","PSt7-10","180509-002","6/18/2019 6:15:17 AM","0000-00","0","no battery","V"
"07/13/2019","06:54:28","9","default","116269760","OXY_CH9","47.505","min","308.082","μmol/L","Humid","18.425","deg","94739","µV","20.224","°C","1013.000","hPa","36.5","pmil","0","55.690","deg","20.000","°C","100.000","%a.s.","22.400","deg","20.000","°C","962.000","hPa","0.861","-0.02617","0.00035","0","0","13.56","Humid","35.35","0","78.50","295762.81","SABD0002000014","AAV2.0.0.13","3.0.1.1413","PSt7-10","180509-002","6/18/2019 6:15:17 AM","0000-00","0","no battery","V"
"07/13/2019","06:54:29","9","default","116269760","OXY_CH9","47.522","min","307.940","μmol/L","Humid","18.428","deg","94730","µV","20.230","°C","1013.000","hPa","36.5","pmil","0","55.690","deg","20.000","°C","100.000","%a.s.","22.400","deg","20.000","°C","962.000","hPa","0.861","-0.02617","0.00035","0","0","13.56","Humid","35.35","0","78.50","295758.78","SABD0002000014","AAV2.0.0.13","3.0.1.1413","PSt7-10","180509-002","6/18/2019 6:15:17 AM","0000-00","0","no battery","V"
"07/13/2019","06:54:30","9","default","116269760","OXY_CH9","47.539","min","308.078","μmol/L","Humid","18.427","deg","94718","µV","20.217","°C","1013.000","hPa","36.5","pmil","0","55.690","deg","20.000","°C","100.000","%a.s.","22.400","deg","20.000","°C","962.000","hPa","0.861","-0.02617","0.00035","0","0","13.56","Humid","35.35","0","78.50","295763.60","SABD0002000014","AAV2.0.0.13","3.0.1.1413","PSt7-10","180509-002","6/18/2019 6:15:17 AM","0000-00","0","no battery","V"
"07/13/2019","06:54:31","9","default","116269760","OXY_CH9","47.556","min","308.107","μmol/L","Humid","18.426","deg","94716","µV","20.217","°C","1013.000","hPa","36.5","pmil","0","55.690","deg","20.000","°C","100.000","%a.s.","22.400","deg","20.000","°C","962.000","hPa","0.861","-0.02617","0.00035","0","0","13.56","Humid","35.35","0","78.50","295770.41","SABD0002000014","AAV2.0.0.13","3.0.1.1413","PSt7-10","180509-002","6/18/2019 6:15:17 AM","0000-00","0","no battery","V"
"07/13/2019","06:54:32","9","default","116269760","OXY_CH9","47.572","min","308.082","μmol/L","Humid","18.425","deg","94709","µV","20.224","°C","1013.000","hPa","36.5","pmil","0","55.690","deg","20.000","°C","100.000","%a.s.","22.400","deg","20.000","°C","962.000","hPa","0.861","-0.02617","0.00035","0","0","13.56","Humid","35.35","0","78.50","295772.50","SABD0002000014","AAV2.0.0.13","3.0.1.1413","PSt7-10","180509-002","6/18/2019 6:15:17 AM","0000-00","0","no battery","V"
"07/13/2019","06:54:33","9","default","116269760","OXY_CH9","47.589","min","308.254","μmol/L","Humid","18.421","deg","94689","µV","20.217","°C","1013.000","hPa","36.5","pmil","0","55.690","deg","20.000","°C","100.000","%a.s.","22.400","deg","20.000","°C","962.000","hPa","0.861","-0.02617","0.00035","0","0","13.56","Humid","35.35","0","78.50","295749.40","SABD0002000014","AAV2.0.0.13","3.0.1.1413","PSt7-10","180509-002","6/18/2019 6:15:17 AM","0000-00","0","no battery","V"
"07/13/2019","06:54:34","9","default","116269760","OXY_CH9","47.606","min","308.200","μmol/L","Humid","18.421","deg","94692","µV","20.224","°C","1013.000","hPa","36.5","pmil","0","55.690","deg","20.000","°C","100.000","%a.s.","22.400","deg","20.000","°C","962.000","hPa","0.861","-0.02617","0.00035","0","0","13.56","Humid","35.35","0","78.50","295749.43","SABD0002000014","AAV2.0.0.13","3.0.1.1413","PSt7-10","180509-002","6/18/2019 6:15:17 AM","0000-00","0","no battery","V"
"07/13/2019","06:54:35","9","default","116269760","OXY_CH9","47.622","min","308.229","μmol/L","Humid","18.420","deg","94682","µV","20.224","°C","1013.000","hPa","36.5","pmil","0","55.690","deg","20.000","°C","100.000","%a.s.","22.400","deg","20.000","°C","962.000","hPa","0.861","-0.02617","0.00035","0","0","13.56","Humid","35.35","0","78.50","295753.98","SABD0002000014","AAV2.0.0.13","3.0.1.1413","PSt7-10","180509-002","6/18/2019 6:15:17 AM","0000-00","0","no battery","V"
"07/13/2019","06:54:36","9","default","116269760","OXY_CH9","47.639","min","308.288","μmol/L","Humid","18.418","deg","94675","µV","20.224","°C","1013.000","hPa","36.5","pmil","0","55.690","deg","20.000","°C","100.000","%a.s.","22.400","deg","20.000","°C","962.000","hPa","0.861","-0.02617","0.00035","0","0","13.56","Humid","35.35","0","78.50","295760.53","SABD0002000014","AAV2.0.0.13","3.0.1.1413","PSt7-10","180509-002","6/18/2019 6:15:17 AM","0000-00","0","no battery","V"
"07/13/2019","06:54:37","9","default","116269760","OXY_CH9","47.656","min","308.342","μmol/L","Humid","18.418","deg","94663","µV","20.217","°C","1013.000","hPa","36.5","pmil","0","55.690","deg","20.000","°C","100.000","%a.s.","22.400","deg","20.000","°C","962.000","hPa","0.861","-0.02617","0.00035","0","0","13.56","Humid","35.35","0","78.50","295749.92","SABD0002000014","AAV2.0.0.13","3.0.1.1413","PSt7-10","180509-002","6/18/2019 6:15:17 AM","0000-00","0","no battery","V"
"07/13/2019","06:54:38","9","default","116269760","OXY_CH9","47.672","min","308.376","μmol/L","Humid","18.415","deg","94663","µV","20.224","°C","1013.000","hPa","36.5","pmil","0","55.690","deg","20.000","°C","100.000","%a.s.","22.400","deg","20.000","°C","962.000","hPa","0.861","-0.02617","0.00035","0","0","13.56","Humid","35.35","0","78.50","295755.55","SABD0002000014","AAV2.0.0.13","3.0.1.1413","PSt7-10","180509-002","6/18/2019 6:15:17 AM","0000-00","0","no battery","V"
"07/13/2019","06:54:39","9","default","116269760","OXY_CH9","47.689","min","308.347","μmol/L","Humid","18.416","deg","94649","µV","20.224","°C","1013.000","hPa","36.5","pmil","0","55.690","deg","20.000","°C","100.000","%a.s.","22.400","deg","20.000","°C","962.000","hPa","0.861","-0.02617","0.00035","0","0","13.56","Humid","35.35","0","78.50","295755.39","SABD0002000014","AAV2.0.0.13","3.0.1.1413","PSt7-10","180509-002","6/18/2019 6:15:17 AM","0000-00","0","no battery","V"
"07/13/2019","06:54:40","9","default","116269760","OXY_CH9","47.706","min","308.263","μmol/L","Humid","18.417","deg","94651","µV","20.230","°C","1013.000","hPa","36.5","pmil","0","55.690","deg","20.000","°C","100.000","%a.s.","22.400","deg","20.000","°C","962.000","hPa","0.861","-0.02617","0.00035","0","0","13.56","Humid","35.35","0","78.50","295768.21","SABD0002000014","AAV2.0.0.13","3.0.1.1413","PSt7-10","180509-002","6/18/2019 6:15:17 AM","0000-00","0","no battery","V"
"07/13/2019","06:54:41","9","default","116269760","OXY_CH9","47.722","min","308.351","μmol/L","Humid","18.414","deg","94642","µV","20.230","°C","1013.000","hPa","36.5","pmil","0","55.690","deg","20.000","°C","100.000","%a.s.","22.400","deg","20.000","°C","962.000","hPa","0.861","-0.02617","0.00035","0","0","13.56","Humid","35.35","0","78.50","295752.38","SABD0002000014","AAV2.0.0.13","3.0.1.1413","PSt7-10","180509-002","6/18/2019 6:15:17 AM","0000-00","0","no battery","V"
"07/13/2019","06:54:42","9","default","116269760","OXY_CH9","47.739","min","308.464","μmol/L","Humid","18.412","deg","94626","µV","20.224","°C","1013.000","hPa","36.5","pmil","0","55.690","deg","20.000","°C","100.000","%a.s.","22.400","deg","20.000","°C","962.000","hPa","0.861","-0.02617","0.00035","0","0","13.56","Humid","35.35","0","78.50","295755.58","SABD0002000014","AAV2.0.0.13","3.0.1.1413","PSt7-10","180509-002","6/18/2019 6:15:17 AM","0000-00","0","no battery","V"
"07/13/2019","06:54:43","9","default","116269760","OXY_CH9","47.756","min","308.435","μmol/L","Humid","18.413","deg","94628","µV","20.224","°C","1013.000","hPa","36.5","pmil","0","55.690","deg","20.000","°C","100.000","%a.s.","22.400","deg","20.000","°C","962.000","hPa","0.861","-0.02617","0.00035","0","0","13.56","Humid","35.35","0","78.50","295756.74","SABD0002000014","AAV2.0.0.13","3.0.1.1413","PSt7-10","180509-002","6/18/2019 6:15:17 AM","0000-00","0","no battery","V"
"07/13/2019","06:54:44","9","default","116269760","OXY_CH9","47.772","min","308.695","μmol/L","Humid","18.406","deg","94622","µV","20.217","°C","1013.000","hPa","36.5","pmil","0","55.690","deg","20.000","°C","100.000","%a.s.","22.400","deg","20.000","°C","962.000","hPa","0.861","-0.02617","0.00035","0","0","13.56","Humid","35.35","0","78.50","295762.18","SABD0002000014","AAV2.0.0.13","3.0.1.1413","PSt7-10","180509-002","6/18/2019 6:15:17 AM","0000-00","0","no battery","V"
"07/13/2019","06:54:45","9","default","116269760","OXY_CH9","47.789","min","308.494","μmol/L","Humid","18.411","deg","94614","µV","20.224","°C","1013.000","hPa","36.5","pmil","0","55.690","deg","20.000","°C","100.000","%a.s.","22.400","deg","20.000","°C","962.000","hPa","0.861","-0.02617","0.00035","0","0","13.56","Humid","35.35","0","78.50","295765.11","SABD0002000014","AAV2.0.0.13","3.0.1.1413","PSt7-10","180509-002","6/18/2019 6:15:17 AM","0000-00","0","no battery","V"
"07/13/2019","06:54:46","9","default","116269760","OXY_CH9","47.805","min","308.582","μmol/L","Humid","18.408","deg","94611","µV","20.224","°C","1013.000","hPa","36.5","pmil","0","55.690","deg","20.000","°C","100.000","%a.s.","22.400","deg","20.000","°C","962.000","hPa","0.861","-0.02617","0.00035","0","0","13.56","Humid","35.35","0","78.50","295762.88","SABD0002000014","AAV2.0.0.13","3.0.1.1413","PSt7-10","180509-002","6/18/2019 6:15:17 AM","0000-00","0","no battery","V"
"07/13/2019","06:54:47","9","default","116269760","OXY_CH9","47.822","min","308.498","μmol/L","Humid","18.409","deg","94606","µV","20.230","°C","1013.000","hPa","36.5","pmil","0","55.690","deg","20.000","°C","100.000","%a.s.","22.400","deg","20.000","°C","962.000","hPa","0.861","-0.02617","0.00035","0","0","13.56","Humid","35.35","0","78.50","295752.13","SABD0002000014","AAV2.0.0.13","3.0.1.1413","PSt7-10","180509-002","6/18/2019 6:15:17 AM","0000-00","0","no battery","V"
"07/13/2019","06:54:48","9","default","116269760","OXY_CH9","47.839","min","308.616","μmol/L","Humid","18.405","deg","94600","µV","20.230","°C","1013.000","hPa","36.5","pmil","0","55.690","deg","20.000","°C","100.000","%a.s.","22.400","deg","20.000","°C","962.000","hPa","0.861","-0.02617","0.00035","0","0","13.56","Humid","35.35","0","78.50","295766.75","SABD0002000014","AAV2.0.0.13","3.0.1.1413","PSt7-10","180509-002","6/18/2019 6:15:17 AM","0000-00","0","no battery","V"
"07/13/2019","06:54:49","9","default","116269760","OXY_CH9","47.855","min","308.729","μmol/L","Humid","18.403","deg","94590","µV","20.224","°C","1013.000","hPa","36.5","pmil","0","55.690","deg","20.000","°C","100.000","%a.s.","22.400","deg","20.000","°C","962.000","hPa","0.861","-0.02617","0.00035","0","0","13.56","Humid","35.35","0","78.50","295755.71","SABD0002000014","AAV2.0.0.13","3.0.1.1413","PSt7-10","180509-002","6/18/2019 6:15:17 AM","0000-00","0","no battery","V"
"07/13/2019","06:54:50","9","default","116269760","OXY_CH9","47.872","min","308.759","μmol/L","Humid","18.402","deg","94580","µV","20.224","°C","1013.000","hPa","36.5","pmil","0","55.690","deg","20.000","°C","100.000","%a.s.","22.400","deg","20.000","°C","962.000","hPa","0.861","-0.02617","0.00035","0","0","13.56","Humid","35.35","0","78.50","295759.69","SABD0002000014","AAV2.0.0.13","3.0.1.1413","PSt7-10","180509-002","6/18/2019 6:15:17 AM","0000-00","0","no battery","V"
"07/13/2019","06:54:51","9","default","116269760","OXY_CH9","47.889","min","308.675","μmol/L","Humid","18.403","deg","94573","µV","20.230","°C","1013.000","hPa","36.5","pmil","0","55.690","deg","20.000","°C","100.000","%a.s.","22.400","deg","20.000","°C","962.000","hPa","0.861","-0.02617","0.00035","0","0","13.56","Humid","35.35","0","78.50","295766.54","SABD0002000014","AAV2.0.0.13","3.0.1.1413","PSt7-10","180509-002","6/18/2019 6:15:17 AM","0000-00","0","no battery","V"
"07/13/2019","06:54:52","9","default","116269760","OXY_CH9","47.906","min","308.818","μmol/L","Humid","18.400","deg","94562","µV","20.224","°C","1013.000","hPa","36.5","pmil","0","55.690","deg","20.000","°C","100.000","%a.s.","22.400","deg","20.000","°C","962.000","hPa","0.861","-0.02617","0.00035","0","0","13.56","Humid","35.35","0","78.50","295754.20","SABD0002000014","AAV2.0.0.13","3.0.1.1413","PSt7-10","180509-002","6/18/2019 6:15:17 AM","0000-00","0","no battery","V"
"07/13/2019","06:54:53","9","default","116269760","OXY_CH9","47.922","min","308.818","μmol/L","Humid","18.400","deg","94558","µV","20.224","°C","1013.000","hPa","36.5","pmil","0","55.690","deg","20.000","°C","100.000","%a.s.","22.400","deg","20.000","°C","962.000","hPa","0.861","-0.02617","0.00035","0","0","13.56","Humid","35.35","0","78.50","295766.96","SABD0002000014","AAV2.0.0.13","3.0.1.1413","PSt7-10","180509-002","6/18/2019 6:15:17 AM","0000-00","0","no battery","V"
"07/13/2019","06:54:54","9","default","116269760","OXY_CH9","47.939","min","308.936","μmol/L","Humid","18.396","deg","94555","µV","20.224","°C","1013.000","hPa","36.5","pmil","0","55.690","deg","20.000","°C","100.000","%a.s.","22.400","deg","20.000","°C","962.000","hPa","0.861","-0.02617","0.00035","0","0","13.56","Humid","35.35","0","78.50","295760.07","SABD0002000014","AAV2.0.0.13","3.0.1.1413","PSt7-10","180509-002","6/18/2019 6:15:17 AM","0000-00","0","no battery","V"
"07/13/2019","06:54:55","9","default","116269760","OXY_CH9","47.955","min","308.822","μmol/L","Humid","18.398","deg","94544","µV","20.230","°C","1013.000","hPa","36.5","pmil","0","55.690","deg","20.000","°C","100.000","%a.s.","22.400","deg","20.000","°C","962.000","hPa","0.861","-0.02617","0.00035","0","0","13.56","Humid","35.35","0","78.50","295759.89","SABD0002000014","AAV2.0.0.13","3.0.1.1413","PSt7-10","180509-002","6/18/2019 6:15:17 AM","0000-00","0","no battery","V"
"07/13/2019","06:54:56","9","default","116269760","OXY_CH9","47.972","min","308.734","μmol/L","Humid","18.401","deg","94542","µV","20.230","°C","1013.000","hPa","36.5","pmil","0","55.690","deg","20.000","°C","100.000","%a.s.","22.400","deg","20.000","°C","962.000","hPa","0.861","-0.02617","0.00035","0","0","13.56","Humid","35.35","0","78.50","295765.51","SABD0002000014","AAV2.0.0.13","3.0.1.1413","PSt7-10","180509-002","6/18/2019 6:15:17 AM","0000-00","0","no battery","V"
"07/13/2019","06:54:57","9","default","116269760","OXY_CH9","47.989","min","308.852","μmol/L","Humid","18.397","deg","94538","µV","20.230","°C","1013.000","hPa","36.5","pmil","0","55.690","deg","20.000","°C","100.000","%a.s.","22.400","deg","20.000","°C","962.000","hPa","0.861","-0.02617","0.00035","0","0","13.56","Humid","35.35","0","78.50","295752.67","SABD0002000014","AAV2.0.0.13","3.0.1.1413","PSt7-10","180509-002","6/18/2019 6:15:17 AM","0000-00","0","no battery","V"
"07/13/2019","06:54:58","9","default","116269760","OXY_CH9","48.006","min","308.936","μmol/L","Humid","18.396","deg","94529","µV","20.224","°C","1013.000","hPa","36.5","pmil","0","55.690","deg","20.000","°C","100.000","%a.s.","22.400","deg","20.000","°C","962.000","hPa","0.861","-0.02617","0.00035","0","0","13.56","Humid","35.35","0","78.50","295754.71","SABD0002000014","AAV2.0.0.13","3.0.1.1413","PSt7-10","180509-002","6/18/2019 6:15:17 AM","0000-00","0","no battery","V"
"07/13/2019","06:54:59","9","default","116269760","OXY_CH9","48.023","min","309.079","μmol/L","Humid","18.393","deg","94521","µV","20.217","°C","1013.000","hPa","36.5","pmil","0","55.690","deg","20.000","°C","100.000","%a.s.","22.400","deg","20.000","°C","962.000","hPa","0.861","-0.02617","0.00035","0","0","13.56","Humid","35.35","0","78.50","295751.44","SABD0002000014","AAV2.0.0.13","3.0.1.1413","PSt7-10","180509-002","6/18/2019 6:15:17 AM","0000-00","0","no battery","V"
"07/13/2019","06:55:00","9","default","116269760","OXY_CH9","48.039","min","308.965","μmol/L","Humid","18.395","deg","94520","µV","20.224","°C","1013.000","hPa","36.5","pmil","0","55.690","deg","20.000","°C","100.000","%a.s.","22.400","deg","20.000","°C","962.000","hPa","0.861","-0.02617","0.00035","0","0","13.56","Humid","35.35","0","78.50","295750.00","SABD0002000014","AAV2.0.0.13","3.0.1.1413","PSt7-10","180509-002","6/18/2019 6:15:17 AM","0000-00","0","no battery","V"
"07/13/2019","06:55:01","9","default","116269760","OXY_CH9","48.056","min","309.029","μmol/L","Humid","18.391","deg","94510","µV","20.230","°C","1013.000","hPa","36.5","pmil","0","55.690","deg","20.000","°C","100.000","%a.s.","22.400","deg","20.000","°C","962.000","hPa","0.861","-0.02617","0.00035","0","0","13.56","Humid","35.35","0","78.50","295754.92","SABD0002000014","AAV2.0.0.13","3.0.1.1413","PSt7-10","180509-002","6/18/2019 6:15:17 AM","0000-00","0","no battery","V"
"07/13/2019","06:55:02","9","default","116269760","OXY_CH9","48.072","min","309.108","μmol/L","Humid","18.392","deg","94507","µV","20.217","°C","1013.000","hPa","36.5","pmil","0","55.690","deg","20.000","°C","100.000","%a.s.","22.400","deg","20.000","°C","962.000","hPa","0.861","-0.02617","0.00035","0","0","13.56","Humid","35.35","0","78.50","295753.87","SABD0002000014","AAV2.0.0.13","3.0.1.1413","PSt7-10","180509-002","6/18/2019 6:15:17 AM","0000-00","0","no battery","V"
"07/13/2019","06:55:03","9","default","116269760","OXY_CH9","48.089","min","309.024","μmol/L","Humid","18.393","deg","94497","µV","20.224","°C","1013.000","hPa","36.5","pmil","0","55.690","deg","20.000","°C","100.000","%a.s.","22.400","deg","20.000","°C","962.000","hPa","0.861","-0.02617","0.00035","0","0","13.56","Humid","35.35","0","78.50","295743.85","SABD0002000014","AAV2.0.0.13","3.0.1.1413","PSt7-10","180509-002","6/18/2019 6:15:17 AM","0000-00","0","no battery","V"
"07/13/2019","06:55:04","9","default","116269760","OXY_CH9","48.106","min","309.256","μmol/L","Humid","18.387","deg","94484","µV","20.217","°C","1013.000","hPa","36.5","pmil","0","55.690","deg","20.000","°C","100.000","%a.s.","22.400","deg","20.000","°C","962.000","hPa","0.861","-0.02617","0.00035","0","0","13.56","Humid","35.35","0","78.50","295749.26","SABD0002000014","AAV2.0.0.13","3.0.1.1413","PSt7-10","180509-002","6/18/2019 6:15:17 AM","0000-00","0","no battery","V"
"07/13/2019","06:55:05","9","default","116269760","OXY_CH9","48.122","min","309.147","μmol/L","Humid","18.387","deg","94474","µV","20.230","°C","1013.000","hPa","36.5","pmil","0","55.690","deg","20.000","°C","100.000","%a.s.","22.400","deg","20.000","°C","962.000","hPa","0.861","-0.02617","0.00035","0","0","13.56","Humid","35.35","0","78.50","295755.84","SABD0002000014","AAV2.0.0.13","3.0.1.1413","PSt7-10","180509-002","6/18/2019 6:15:17 AM","0000-00","0","no battery","V"
"07/13/2019","06:55:06","9","default","116269760","OXY_CH9","48.139","min","309.201","μmol/L","Humid","18.387","deg","94463","µV","20.224","°C","1013.000","hPa","36.5","pmil","0","55.690","deg","20.000","°C","100.000","%a.s.","22.400","deg","20.000","°C","962.000","hPa","0.861","-0.02617","0.00035","0","0","13.56","Humid","35.35","0","78.50","295738.99","SABD0002000014","AAV2.0.0.13","3.0.1.1413","PSt7-10","180509-002","6/18/2019 6:15:17 AM","0000-00","0","no battery","V"
"07/13/2019","06:55:07","9","default","116269760","OXY_CH9","48.155","min","309.349","μmol/L","Humid","18.382","deg","94455","µV","20.224","°C","1013.000","hPa","36.5","pmil","0","55.690","deg","20.000","°C","100.000","%a.s.","22.400","deg","20.000","°C","962.000","hPa","0.861","-0.02617","0.00035","0","0","13.56","Humid","35.35","0","78.50","295750.33","SABD0002000014","AAV2.0.0.13","3.0.1.1413","PSt7-10","180509-002","6/18/2019 6:15:17 AM","0000-00","0","no battery","V"
"07/13/2019","06:55:08","9","default","116269760","OXY_CH9","48.172","min","309.379","μmol/L","Humid","18.381","deg","94447","µV","20.224","°C","1013.000","hPa","36.5","pmil","0","55.690","deg","20.000","°C","100.000","%a.s.","22.400","deg","20.000","°C","962.000","hPa","0.861","-0.02617","0.00035","0","0","13.56","Humid","35.35","0","78.50","295754.13","SABD0002000014","AAV2.0.0.13","3.0.1.1413","PSt7-10","180509-002","6/18/2019 6:15:17 AM","0000-00","0","no battery","V"
"07/13/2019","06:55:09","9","default","116269760","OXY_CH9","48.189","min","309.349","μmol/L","Humid","18.382","deg","94436","µV","20.224","°C","1013.000","hPa","36.5","pmil","0","55.690","deg","20.000","°C","100.000","%a.s.","22.400","deg","20.000","°C","962.000","hPa","0.861","-0.02617","0.00035","0","0","13.56","Humid","35.35","0","78.50","295753.89","SABD0002000014","AAV2.0.0.13","3.0.1.1413","PSt7-10","180509-002","6/18/2019 6:15:17 AM","0000-00","0","no battery","V"
"07/13/2019","06:55:10","9","default","116269760","OXY_CH9","48.205","min","309.413","μmol/L","Humid","18.378","deg","94431","µV","20.230","°C","1013.000","hPa","36.5","pmil","0","55.690","deg","20.000","°C","100.000","%a.s.","22.400","deg","20.000","°C","962.000","hPa","0.861","-0.02617","0.00035","0","0","13.56","Humid","35.35","0","78.50","295749.84","SABD0002000014","AAV2.0.0.13","3.0.1.1413","PSt7-10","180509-002","6/18/2019 6:15:17 AM","0000-00","0","no battery","V"
"07/13/2019","06:55:11","9","default","116269760","OXY_CH9","48.222","min","309.442","μmol/L","Humid","18.377","deg","94431","µV","20.230","°C","1013.000","hPa","36.5","pmil","0","55.690","deg","20.000","°C","100.000","%a.s.","22.400","deg","20.000","°C","962.000","hPa","0.861","-0.02617","0.00035","0","0","13.56","Humid","35.35","0","78.50","295743.02","SABD0002000014","AAV2.0.0.13","3.0.1.1413","PSt7-10","180509-002","6/18/2019 6:15:17 AM","0000-00","0","no battery","V"
"07/13/2019","06:55:12","9","default","116269760","OXY_CH9","48.239","min","309.526","μmol/L","Humid","18.376","deg","94424","µV","20.224","°C","1013.000","hPa","36.5","pmil","0","55.690","deg","20.000","°C","100.000","%a.s.","22.400","deg","20.000","°C","962.000","hPa","0.861","-0.02617","0.00035","0","0","13.56","Humid","35.35","0","78.50","295761.23","SABD0002000014","AAV2.0.0.13","3.0.1.1413","PSt7-10","180509-002","6/18/2019 6:15:17 AM","0000-00","0","no battery","V"
"07/13/2019","06:55:13","9","default","116269760","OXY_CH9","48.256","min","309.442","μmol/L","Humid","18.377","deg","94406","µV","20.230","°C","1013.000","hPa","36.5","pmil","0","55.690","deg","20.000","°C","100.000","%a.s.","22.400","deg","20.000","°C","962.000","hPa","0.861","-0.02617","0.00035","0","0","13.56","Humid","35.35","0","78.50","295742.23","SABD0002000014","AAV2.0.0.13","3.0.1.1413","PSt7-10","180509-002","6/18/2019 6:15:17 AM","0000-00","0","no battery","V"
"07/13/2019","06:55:14","9","default","116269760","OXY_CH9","48.272","min","309.408","μmol/L","Humid","18.380","deg","94394","µV","20.224","°C","1013.000","hPa","36.5","pmil","0","55.690","deg","20.000","°C","100.000","%a.s.","22.400","deg","20.000","°C","962.000","hPa","0.861","-0.02617","0.00035","0","0","13.56","Humid","35.35","0","78.50","295748.30","SABD0002000014","AAV2.0.0.13","3.0.1.1413","PSt7-10","180509-002","6/18/2019 6:15:17 AM","0000-00","0","no battery","V"
"07/13/2019","06:55:15","9","default","116269760","OXY_CH9","48.289","min","309.649","μmol/L","Humid","18.370","deg","94394","µV","20.230","°C","1013.000","hPa","36.5","pmil","0","55.690","deg","20.000","°C","100.000","%a.s.","22.400","deg","20.000","°C","962.000","hPa","0.861","-0.02617","0.00035","0","0","13.56","Humid","35.35","0","78.50","295755.30","SABD0002000014","AAV2.0.0.13","3.0.1.1413","PSt7-10","180509-002","6/18/2019 6:15:17 AM","0000-00","0","no battery","V"
"07/13/2019","06:55:16","9","default","116269760","OXY_CH9","48.306","min","309.733","μmol/L","Humid","18.369","deg","94387","µV","20.224","°C","1013.000","hPa","36.5","pmil","0","55.690","deg","20.000","°C","100.000","%a.s.","22.400","deg","20.000","°C","962.000","hPa","0.861","-0.02617","0.00035","0","0","13.56","Humid","35.35","0","78.50","295750.81","SABD0002000014","AAV2.0.0.13","3.0.1.1413","PSt7-10","180509-002","6/18/2019 6:15:17 AM","0000-00","0","no battery","V"
"07/13/2019","06:55:17","9","default","116269760","OXY_CH9","48.322","min","309.679","μmol/L","Humid","18.369","deg","94375","µV","20.230","°C","1013.000","hPa","36.5","pmil","0","55.690","deg","20.000","°C","100.000","%a.s.","22.400","deg","20.000","°C","962.000","hPa","0.861","-0.02617","0.00035","0","0","13.56","Humid","35.35","0","78.50","295755.04","SABD0002000014","AAV2.0.0.13","3.0.1.1413","PSt7-10","180509-002","6/18/2019 6:15:17 AM","0000-00","0","no battery","V"
"07/13/2019","06:55:18","9","default","116269760","OXY_CH9","48.339","min","309.704","μmol/L","Humid","18.370","deg","94370","µV","20.224","°C","1013.000","hPa","36.5","pmil","0","55.690","deg","20.000","°C","100.000","%a.s.","22.400","deg","20.000","°C","962.000","hPa","0.861","-0.02617","0.00035","0","0","13.56","Humid","35.35","0","78.50","295770.17","SABD0002000014","AAV2.0.0.13","3.0.1.1413","PSt7-10","180509-002","6/18/2019 6:15:17 AM","0000-00","0","no battery","V"
"07/13/2019","06:55:19","9","default","116269760","OXY_CH9","48.355","min","309.590","μmol/L","Humid","18.372","deg","94359","µV","20.230","°C","1013.000","hPa","36.5","pmil","0","55.690","deg","20.000","°C","100.000","%a.s.","22.400","deg","20.000","°C","962.000","hPa","0.861","-0.02617","0.00035","0","0","13.56","Humid","35.35","0","78.50","295757.01","SABD0002000014","AAV2.0.0.13","3.0.1.1413","PSt7-10","180509-002","6/18/2019 6:15:17 AM","0000-00","0","no battery","V"
"07/13/2019","06:55:20","9","default","116269760","OXY_CH9","48.372","min","309.852","μmol/L","Humid","18.365","deg","94355","µV","20.224","°C","1013.000","hPa","36.5","pmil","0","55.690","deg","20.000","°C","100.000","%a.s.","22.400","deg","20.000","°C","962.000","hPa","0.861","-0.02617","0.00035","0","0","13.56","Humid","35.35","0","78.50","295752.56","SABD0002000014","AAV2.0.0.13","3.0.1.1413","PSt7-10","180509-002","6/18/2019 6:15:17 AM","0000-00","0","no battery","V"
"07/13/2019","06:55:21","9","default","116269760","OXY_CH9","48.389","min","309.822","μmol/L","Humid","18.366","deg","94346","µV","20.224","°C","1013.000","hPa","36.5","pmil","0","55.690","deg","20.000","°C","100.000","%a.s.","22.400","deg","20.000","°C","962.000","hPa","0.861","-0.02617","0.00035","0","0","13.56","Humid","35.35","0","78.50","295756.08","SABD0002000014","AAV2.0.0.13","3.0.1.1413","PSt7-10","180509-002","6/18/2019 6:15:17 AM","0000-00","0","no battery","V"
"07/13/2019","06:55:22","9","default","116269760","OXY_CH9","48.406","min","309.945","μmol/L","Humid","18.360","deg","94341","µV","20.230","°C","1013.000","hPa","36.5","pmil","0","55.690","deg","20.000","°C","100.000","%a.s.","22.400","deg","20.000","°C","962.000","hPa","0.861","-0.02617","0.00035","0","0","13.56","Humid","35.35","0","78.50","295768.25","SABD0002000014","AAV2.0.0.13","3.0.1.1413","PSt7-10","180509-002","6/18/2019 6:15:17 AM","0000-00","0","no battery","V"
"07/13/2019","06:55:23","9","default","116269760","OXY_CH9","48.423","min","309.970","μmol/L","Humid","18.361","deg","94336","µV","20.224","°C","1013.000","hPa","36.5","pmil","0","55.690","deg","20.000","°C","100.000","%a.s.","22.400","deg","20.000","°C","962.000","hPa","0.861","-0.02617","0.00035","0","0","13.56","Humid","35.35","0","78.50","295766.57","SABD0002000014","AAV2.0.0.13","3.0.1.1413","PSt7-10","180509-002","6/18/2019 6:15:17 AM","0000-00","0","no battery","V"
"07/13/2019","06:55:24","9","default","116269760","OXY_CH9","48.439","min","309.822","μmol/L","Humid","18.366","deg","94326","µV","20.224","°C","1013.000","hPa","36.5","pmil","0","55.690","deg","20.000","°C","100.000","%a.s.","22.400","deg","20.000","°C","962.000","hPa","0.861","-0.02617","0.00035","0","0","13.56","Humid","35.35","0","78.50","295744.93","SABD0002000014","AAV2.0.0.13","3.0.1.1413","PSt7-10","180509-002","6/18/2019 6:15:17 AM","0000-00","0","no battery","V"
"07/13/2019","06:55:25","9","default","116269760","OXY_CH9","48.456","min","310.030","μmol/L","Humid","18.359","deg","94319","µV","20.224","°C","1013.000","hPa","36.5","pmil","0","55.690","deg","20.000","°C","100.000","%a.s.","22.400","deg","20.000","°C","962.000","hPa","0.861","-0.02617","0.00035","0","0","13.56","Humid","35.35","0","78.50","295746.09","SABD0002000014","AAV2.0.0.13","3.0.1.1413","PSt7-10","180509-002","6/18/2019 6:15:17 AM","0000-00","0","no battery","V"
"07/13/2019","06:55:26","9","default","116269760","OXY_CH9","48.473","min","310.114","μmol/L","Humid","18.358","deg","94307","µV","20.217","°C","1013.000","hPa","36.5","pmil","0","55.690","deg","20.000","°C","100.000","%a.s.","22.400","deg","20.000","°C","962.000","hPa","0.861","-0.02617","0.00035","0","0","13.56","Humid","35.35","0","78.50","295750.04","SABD0002000014","AAV2.0.0.13","3.0.1.1413","PSt7-10","180509-002","6/18/2019 6:15:17 AM","0000-00","0","no battery","V"
"07/13/2019","06:55:27","9","default","116269760","OXY_CH9","48.489","min","310.093","μmol/L","Humid","18.355","deg","94301","µV","20.230","°C","1013.000","hPa","36.5","pmil","0","55.690","deg","20.000","°C","100.000","%a.s.","22.400","deg","20.000","°C","962.000","hPa","0.861","-0.02617","0.00035","0","0","13.56","Humid","35.35","0","78.50","295740.65","SABD0002000014","AAV2.0.0.13","3.0.1.1413","PSt7-10","180509-002","6/18/2019 6:15:17 AM","0000-00","0","no battery","V"
"07/13/2019","06:55:28","9","default","116269760","OXY_CH9","48.506","min","310.089","μmol/L","Humid","18.357","deg","94289","µV","20.224","°C","1013.000","hPa","36.5","pmil","0","55.690","deg","20.000","°C","100.000","%a.s.","22.400","deg","20.000","°C","962.000","hPa","0.861","-0.02617","0.00035","0","0","13.56","Humid","35.35","0","78.50","295752.85","SABD0002000014","AAV2.0.0.13","3.0.1.1413","PSt7-10","180509-002","6/18/2019 6:15:17 AM","0000-00","0","no battery","V"
"07/13/2019","06:55:29","9","default","116269760","OXY_CH9","48.523","min","310.203","μmol/L","Humid","18.355","deg","94288","µV","20.217","°C","1013.000","hPa","36.5","pmil","0","55.690","deg","20.000","°C","100.000","%a.s.","22.400","deg","20.000","°C","962.000","hPa","0.861","-0.02617","0.00035","0","0","13.56","Humid","35.35","0","78.50","295748.27","SABD0002000014","AAV2.0.0.13","3.0.1.1413","PSt7-10","180509-002","6/18/2019 6:15:17 AM","0000-00","0","no battery","V"
"07/13/2019","06:55:30","9","default","116269760","OXY_CH9","48.539","min","310.262","μmol/L","Humid","18.353","deg","94279","µV","20.217","°C","1013.000","hPa","36.5","pmil","0","55.690","deg","20.000","°C","100.000","%a.s.","22.400","deg","20.000","°C","962.000","hPa","0.861","-0.02617","0.00035","0","0","13.56","Humid","35.35","0","78.50","295758.31","SABD0002000014","AAV2.0.0.13","3.0.1.1413","PSt7-10","180509-002","6/18/2019 6:15:17 AM","0000-00","0","no battery","V"
"07/13/2019","06:55:31","9","default","116269760","OXY_CH9","48.555","min","310.153","μmol/L","Humid","18.353","deg","94274","µV","20.230","°C","1013.000","hPa","36.5","pmil","0","55.690","deg","20.000","°C","100.000","%a.s.","22.400","deg","20.000","°C","962.000","hPa","0.861","-0.02617","0.00035","0","0","13.56","Humid","35.35","0","78.50","295750.53","SABD0002000014","AAV2.0.0.13","3.0.1.1413","PSt7-10","180509-002","6/18/2019 6:15:17 AM","0000-00","0","no battery","V"
"07/13/2019","06:55:32","9","default","116269760","OXY_CH9","48.572","min","310.207","μmol/L","Humid","18.353","deg","94267","µV","20.224","°C","1013.000","hPa","36.5","pmil","0","55.690","deg","20.000","°C","100.000","%a.s.","22.400","deg","20.000","°C","962.000","hPa","0.861","-0.02617","0.00035","0","0","13.56","Humid","35.35","0","78.50","295742.17","SABD0002000014","AAV2.0.0.13","3.0.1.1413","PSt7-10","180509-002","6/18/2019 6:15:17 AM","0000-00","0","no battery","V"
"07/13/2019","06:55:33","9","default","116269760","OXY_CH9","48.589","min","310.356","μmol/L","Humid","18.348","deg","94257","µV","20.224","°C","1013.000","hPa","36.5","pmil","0","55.690","deg","20.000","°C","100.000","%a.s.","22.400","deg","20.000","°C","962.000","hPa","0.861","-0.02617","0.00035","0","0","13.56","Humid","35.35","0","78.50","295744.45","SABD0002000014","AAV2.0.0.13","3.0.1.1413","PSt7-10","180509-002","6/18/2019 6:15:17 AM","0000-00","0","no battery","V"
"07/13/2019","06:55:34","9","default","116269760","OXY_CH9","48.606","min","310.153","μmol/L","Humid","18.353","deg","94250","µV","20.230","°C","1013.000","hPa","36.5","pmil","0","55.690","deg","20.000","°C","100.000","%a.s.","22.400","deg","20.000","°C","962.000","hPa","0.861","-0.02617","0.00035","0","0","13.56","Humid","35.35","0","78.50","295746.56","SABD0002000014","AAV2.0.0.13","3.0.1.1413","PSt7-10","180509-002","6/18/2019 6:15:17 AM","0000-00","0","no battery","V"
"07/13/2019","06:55:35","9","default","116269760","OXY_CH9","48.623","min","310.385","μmol/L","Humid","18.347","deg","94242","µV","20.224","°C","1013.000","hPa","36.5","pmil","0","55.690","deg","20.000","°C","100.000","%a.s.","22.400","deg","20.000","°C","962.000","hPa","0.861","-0.02617","0.00035","0","0","13.56","Humid","35.35","0","78.50","295746.91","SABD0002000014","AAV2.0.0.13","3.0.1.1413","PSt7-10","180509-002","6/18/2019 6:15:17 AM","0000-00","0","no battery","V"
"07/13/2019","06:55:36","9","default","116269760","OXY_CH9","48.639","min","310.242","μmol/L","Humid","18.350","deg","94229","µV","20.230","°C","1013.000","hPa","36.5","pmil","0","55.690","deg","20.000","°C","100.000","%a.s.","22.400","deg","20.000","°C","962.000","hPa","0.861","-0.02617","0.00035","0","0","13.56","Humid","35.35","0","78.50","295733.44","SABD0002000014","AAV2.0.0.13","3.0.1.1413","PSt7-10","180509-002","6/18/2019 6:15:17 AM","0000-00","0","no battery","V"
"07/13/2019","06:55:37","9","default","116269760","OXY_CH9","48.656","min","310.271","μmol/L","Humid","18.349","deg","94230","µV","20.230","°C","1013.000","hPa","36.5","pmil","0","55.690","deg","20.000","°C","100.000","%a.s.","22.400","deg","20.000","°C","962.000","hPa","0.861","-0.02617","0.00035","0","0","13.56","Humid","35.35","0","78.50","295740.07","SABD0002000014","AAV2.0.0.13","3.0.1.1413","PSt7-10","180509-002","6/18/2019 6:15:17 AM","0000-00","0","no battery","V"
"07/13/2019","06:55:38","9","default","116269760","OXY_CH9","48.672","min","310.534","μmol/L","Humid","18.342","deg","94223","µV","20.224","°C","1013.000","hPa","36.5","pmil","0","55.690","deg","20.000","°C","100.000","%a.s.","22.400","deg","20.000","°C","962.000","hPa","0.861","-0.02617","0.00035","0","0","13.56","Humid","35.35","0","78.50","295752.42","SABD0002000014","AAV2.0.0.13","3.0.1.1413","PSt7-10","180509-002","6/18/2019 6:15:17 AM","0000-00","0","no battery","V"
"07/13/2019","06:55:39","9","default","116269760","OXY_CH9","48.689","min","310.623","μmol/L","Humid","18.339","deg","94213","µV","20.224","°C","1013.000","hPa","36.5","pmil","0","55.690","deg","20.000","°C","100.000","%a.s.","22.400","deg","20.000","°C","962.000","hPa","0.861","-0.02617","0.00035","0","0","13.56","Humid","35.35","0","78.50","295765.49","SABD0002000014","AAV2.0.0.13","3.0.1.1413","PSt7-10","180509-002","6/18/2019 6:15:17 AM","0000-00","0","no battery","V"
"07/13/2019","06:55:40","9","default","116269760","OXY_CH9","48.706","min","310.593","μmol/L","Humid","18.340","deg","94206","µV","20.224","°C","1013.000","hPa","36.5","pmil","0","55.690","deg","20.000","°C","100.000","%a.s.","22.400","deg","20.000","°C","962.000","hPa","0.861","-0.02617","0.00035","0","0","13.56","Humid","35.35","0","78.50","295761.44","SABD0002000014","AAV2.0.0.13","3.0.1.1413","PSt7-10","180509-002","6/18/2019 6:15:17 AM","0000-00","0","no battery","V"
"07/13/2019","06:55:41","9","default","116269760","OXY_CH9","48.722","min","310.539","μmol/L","Humid","18.340","deg","94197","µV","20.230","°C","1013.000","hPa","36.5","pmil","0","55.690","deg","20.000","°C","100.000","%a.s.","22.400","deg","20.000","°C","962.000","hPa","0.861","-0.02617","0.00035","0","0","13.56","Humid","35.35","0","78.50","295749.41","SABD0002000014","AAV2.0.0.13","3.0.1.1413","PSt7-10","180509-002","6/18/2019 6:15:17 AM","0000-00","0","no battery","V"
"07/13/2019","06:55:42","9","default","116269760","OXY_CH9","48.739","min","310.539","μmol/L","Humid","18.340","deg","94184","µV","20.230","°C","1013.000","hPa","36.5","pmil","0","55.690","deg","20.000","°C","100.000","%a.s.","22.400","deg","20.000","°C","962.000","hPa","0.861","-0.02617","0.00035","0","0","13.56","Humid","35.35","0","78.50","295732.20","SABD0002000014","AAV2.0.0.13","3.0.1.1413","PSt7-10","180509-002","6/18/2019 6:15:17 AM","0000-00","0","no battery","V"
"07/13/2019","06:55:43","9","default","116269760","OXY_CH9","48.756","min","310.721","μmol/L","Humid","18.332","deg","94180","µV","20.236","°C","1013.000","hPa","36.5","pmil","0","55.690","deg","20.000","°C","100.000","%a.s.","22.400","deg","20.000","°C","962.000","hPa","0.861","-0.02617","0.00035","0","0","13.56","Humid","35.35","0","78.50","295763.26","SABD0002000014","AAV2.0.0.13","3.0.1.1413","PSt7-10","180509-002","6/18/2019 6:15:17 AM","0000-00","0","no battery","V"
"07/13/2019","06:55:44","9","default","116269760","OXY_CH9","48.772","min","310.573","μmol/L","Humid","18.337","deg","94179","µV","20.236","°C","1013.000","hPa","36.5","pmil","0","55.690","deg","20.000","°C","100.000","%a.s.","22.400","deg","20.000","°C","962.000","hPa","0.861","-0.02617","0.00035","0","0","13.56","Humid","35.35","0","78.50","295743.82","SABD0002000014","AAV2.0.0.13","3.0.1.1413","PSt7-10","180509-002","6/18/2019 6:15:17 AM","0000-00","0","no battery","V"
"07/13/2019","06:55:45","9","default","116269760","OXY_CH9","48.789","min","310.568","μmol/L","Humid","18.339","deg","94172","µV","20.230","°C","1013.000","hPa","36.5","pmil","0","55.690","deg","20.000","°C","100.000","%a.s.","22.400","deg","20.000","°C","962.000","hPa","0.861","-0.02617","0.00035","0","0","13.56","Humid","35.35","0","78.50","295740.02","SABD0002000014","AAV2.0.0.13","3.0.1.1413","PSt7-10","180509-002","6/18/2019 6:15:17 AM","0000-00","0","no battery","V"
"07/13/2019","06:55:46","9","default","116269760","OXY_CH9","48.806","min","310.742","μmol/L","Humid","18.335","deg","94156","µV","20.224","°C","1013.000","hPa","36.5","pmil","0","55.690","deg","20.000","°C","100.000","%a.s.","22.400","deg","20.000","°C","962.000","hPa","0.861","-0.02617","0.00035","0","0","13.56","Humid","35.35","0","78.50","295740.69","SABD0002000014","AAV2.0.0.13","3.0.1.1413","PSt7-10","180509-002","6/18/2019 6:15:17 AM","0000-00","0","no battery","V"
"07/13/2019","06:55:47","9","default","116269760","OXY_CH9","48.823","min","310.682","μmol/L","Humid","18.337","deg","94151","µV","20.224","°C","1013.000","hPa","36.5","pmil","0","55.690","deg","20.000","°C","100.000","%a.s.","22.400","deg","20.000","°C","962.000","hPa","0.861","-0.02617","0.00035","0","0","13.56","Humid","35.35","0","78.50","295739.38","SABD0002000014","AAV2.0.0.13","3.0.1.1413","PSt7-10","180509-002","6/18/2019 6:15:17 AM","0000-00","0","no battery","V"
"07/13/2019","06:55:48","9","default","116269760","OXY_CH9","48.839","min","310.861","μmol/L","Humid","18.331","deg","94149","µV","20.224","°C","1013.000","hPa","36.5","pmil","0","55.690","deg","20.000","°C","100.000","%a.s.","22.400","deg","20.000","°C","962.000","hPa","0.861","-0.02617","0.00035","0","0","13.56","Humid","35.35","0","78.50","295735.37","SABD0002000014","AAV2.0.0.13","3.0.1.1413","PSt7-10","180509-002","6/18/2019 6:15:17 AM","0000-00","0","no battery","V"
"07/13/2019","06:55:49","9","default","116269760","OXY_CH9","48.856","min","310.687","μmol/L","Humid","18.335","deg","94138","µV","20.230","°C","1013.000","hPa","36.5","pmil","0","55.690","deg","20.000","°C","100.000","%a.s.","22.400","deg","20.000","°C","962.000","hPa","0.861","-0.02617","0.00035","0","0","13.56","Humid","35.35","0","78.50","295752.51","SABD0002000014","AAV2.0.0.13","3.0.1.1413","PSt7-10","180509-002","6/18/2019 6:15:17 AM","0000-00","0","no battery","V"
"07/13/2019","06:55:50","9","default","116269760","OXY_CH9","48.872","min","310.865","μmol/L","Humid","18.329","deg","94131","µV","20.230","°C","1013.000","hPa","36.5","pmil","0","55.690","deg","20.000","°C","100.000","%a.s.","22.400","deg","20.000","°C","962.000","hPa","0.861","-0.02617","0.00035","0","0","13.56","Humid","35.35","0","78.50","295751.48","SABD0002000014","AAV2.0.0.13","3.0.1.1413","PSt7-10","180509-002","6/18/2019 6:15:17 AM","0000-00","0","no battery","V"
"07/13/2019","06:55:51","9","default","116269760","OXY_CH9","48.889","min","311.039","μmol/L","Humid","18.325","deg","94117","µV","20.224","°C","1013.000","hPa","36.5","pmil","0","55.690","deg","20.000","°C","100.000","%a.s.","22.400","deg","20.000","°C","962.000","hPa","0.861","-0.02617","0.00035","0","0","13.56","Humid","35.35","0","78.50","295748.64","SABD0002000014","AAV2.0.0.13","3.0.1.1413","PSt7-10","180509-002","6/18/2019 6:15:17 AM","0000-00","0","no battery","V"
"07/13/2019","06:55:52","9","default","116269760","OXY_CH9","48.906","min","310.925","μmol/L","Humid","18.327","deg","94112","µV","20.230","°C","1013.000","hPa","36.5","pmil","0","55.690","deg","20.000","°C","100.000","%a.s.","22.400","deg","20.000","°C","962.000","hPa","0.861","-0.02617","0.00035","0","0","13.56","Humid","35.35","0","78.50","295749.19","SABD0002000014","AAV2.0.0.13","3.0.1.1413","PSt7-10","180509-002","6/18/2019 6:15:17 AM","0000-00","0","no battery","V"
"07/13/2019","06:55:53","9","default","116269760","OXY_CH9","48.922","min","311.065","μmol/L","Humid","18.326","deg","94103","µV","20.217","°C","1013.000","hPa","36.5","pmil","0","55.690","deg","20.000","°C","100.000","%a.s.","22.400","deg","20.000","°C","962.000","hPa","0.861","-0.02617","0.00035","0","0","13.56","Humid","35.35","0","78.50","295737.37","SABD0002000014","AAV2.0.0.13","3.0.1.1413","PSt7-10","180509-002","6/18/2019 6:15:17 AM","0000-00","0","no battery","V"
"07/13/2019","06:55:54","9","default","116269760","OXY_CH9","48.939","min","311.044","μmol/L","Humid","18.323","deg","94097","µV","20.230","°C","1013.000","hPa","36.5","pmil","0","55.690","deg","20.000","°C","100.000","%a.s.","22.400","deg","20.000","°C","962.000","hPa","0.861","-0.02617","0.00035","0","0","13.56","Humid","35.35","0","78.50","295733.97","SABD0002000014","AAV2.0.0.13","3.0.1.1413","PSt7-10","180509-002","6/18/2019 6:15:17 AM","0000-00","0","no battery","V"
"07/13/2019","06:55:55","9","default","116269760","OXY_CH9","48.955","min","311.044","μmol/L","Humid","18.323","deg","94085","µV","20.230","°C","1013.000","hPa","36.5","pmil","0","55.690","deg","20.000","°C","100.000","%a.s.","22.400","deg","20.000","°C","962.000","hPa","0.861","-0.02617","0.00035","0","0","13.56","Humid","35.35","0","78.50","295746.11","SABD0002000014","AAV2.0.0.13","3.0.1.1413","PSt7-10","180509-002","6/18/2019 6:15:17 AM","0000-00","0","no battery","V"
"07/13/2019","06:55:56","9","default","116269760","OXY_CH9","48.972","min","311.074","μmol/L","Humid","18.322","deg","94088","µV","20.230","°C","1013.000","hPa","36.5","pmil","0","55.690","deg","20.000","°C","100.000","%a.s.","22.400","deg","20.000","°C","962.000","hPa","0.861","-0.02617","0.00035","0","0","13.56","Humid","35.35","0","78.50","295750.87","SABD0002000014","AAV2.0.0.13","3.0.1.1413","PSt7-10","180509-002","6/18/2019 6:15:17 AM","0000-00","0","no battery","V"
"07/13/2019","06:55:57","9","default","116269760","OXY_CH9","48.989","min","311.193","μmol/L","Humid","18.318","deg","94077","µV","20.230","°C","1013.000","hPa","36.5","pmil","0","55.690","deg","20.000","°C","100.000","%a.s.","22.400","deg","20.000","°C","962.000","hPa","0.861","-0.02617","0.00035","0","0","13.56","Humid","35.35","0","78.50","295763.00","SABD0002000014","AAV2.0.0.13","3.0.1.1413","PSt7-10","180509-002","6/18/2019 6:15:17 AM","0000-00","0","no battery","V"
"07/13/2019","06:55:58","9","default","116269760","OXY_CH9","49.006","min","311.074","μmol/L","Humid","18.322","deg","94068","µV","20.230","°C","1013.000","hPa","36.5","pmil","0","55.690","deg","20.000","°C","100.000","%a.s.","22.400","deg","20.000","°C","962.000","hPa","0.861","-0.02617","0.00035","0","0","13.56","Humid","35.35","0","78.50","295747.18","SABD0002000014","AAV2.0.0.13","3.0.1.1413","PSt7-10","180509-002","6/18/2019 6:15:17 AM","0000-00","0","no battery","V"
"07/13/2019","06:55:59","9","default","116269760","OXY_CH9","49.022","min","311.193","μmol/L","Humid","18.318","deg","94060","µV","20.230","°C","1013.000","hPa","36.5","pmil","0","55.690","deg","20.000","°C","100.000","%a.s.","22.400","deg","20.000","°C","962.000","hPa","0.861","-0.02617","0.00035","0","0","13.56","Humid","35.35","0","78.50","295752.86","SABD0002000014","AAV2.0.0.13","3.0.1.1413","PSt7-10","180509-002","6/18/2019 6:15:17 AM","0000-00","0","no battery","V"
"07/13/2019","06:56:00","9","default","116269760","OXY_CH9","49.039","min","311.218","μmol/L","Humid","18.319","deg","94056","µV","20.224","°C","1013.000","hPa","36.5","pmil","0","55.690","deg","20.000","°C","100.000","%a.s.","22.400","deg","20.000","°C","962.000","hPa","0.861","-0.02617","0.00035","0","0","13.56","Humid","35.35","0","78.50","295747.65","SABD0002000014","AAV2.0.0.13","3.0.1.1413","PSt7-10","180509-002","6/18/2019 6:15:17 AM","0000-00","0","no battery","V"
"07/13/2019","06:56:01","9","default","116269760","OXY_CH9","49.055","min","311.248","μmol/L","Humid","18.318","deg","94042","µV","20.224","°C","1013.000","hPa","36.5","pmil","0","55.690","deg","20.000","°C","100.000","%a.s.","22.400","deg","20.000","°C","962.000","hPa","0.861","-0.02617","0.00035","0","0","13.56","Humid","35.35","0","78.50","295733.56","SABD0002000014","AAV2.0.0.13","3.0.1.1413","PSt7-10","180509-002","6/18/2019 6:15:17 AM","0000-00","0","no battery","V"
"07/13/2019","06:56:02","9","default","116269760","OXY_CH9","49.072","min","311.198","μmol/L","Humid","18.316","deg","94054","µV","20.236","°C","1013.000","hPa","36.5","pmil","0","55.690","deg","20.000","°C","100.000","%a.s.","22.400","deg","20.000","°C","962.000","hPa","0.861","-0.02617","0.00035","0","0","13.56","Humid","35.35","0","78.50","295751.68","SABD0002000014","AAV2.0.0.13","3.0.1.1413","PSt7-10","180509-002","6/18/2019 6:15:17 AM","0000-00","0","no battery","V"
"07/13/2019","06:56:03","9","default","116269760","OXY_CH9","49.089","min","311.342","μmol/L","Humid","18.313","deg","94034","µV","20.230","°C","1013.000","hPa","36.5","pmil","0","55.690","deg","20.000","°C","100.000","%a.s.","22.400","deg","20.000","°C","962.000","hPa","0.861","-0.02617","0.00035","0","0","13.56","Humid","35.35","0","78.50","295737.30","SABD0002000014","AAV2.0.0.13","3.0.1.1413","PSt7-10","180509-002","6/18/2019 6:15:17 AM","0000-00","0","no battery","V"
"07/13/2019","06:56:04","9","default","116269760","OXY_CH9","49.105","min","311.278","μmol/L","Humid","18.317","deg","94034","µV","20.224","°C","1013.000","hPa","36.5","pmil","0","55.690","deg","20.000","°C","100.000","%a.s.","22.400","deg","20.000","°C","962.000","hPa","0.861","-0.02617","0.00035","0","0","13.56","Humid","35.35","0","78.50","295756.97","SABD0002000014","AAV2.0.0.13","3.0.1.1413","PSt7-10","180509-002","6/18/2019 6:15:17 AM","0000-00","0","no battery","V"
"07/13/2019","06:56:05","9","default","116269760","OXY_CH9","49.122","min","311.431","μmol/L","Humid","18.310","deg","94022","µV","20.230","°C","1013.000","hPa","36.5","pmil","0","55.690","deg","20.000","°C","100.000","%a.s.","22.400","deg","20.000","°C","962.000","hPa","0.861","-0.02617","0.00035","0","0","13.56","Humid","35.35","0","78.50","295766.13","SABD0002000014","AAV2.0.0.13","3.0.1.1413","PSt7-10","180509-002","6/18/2019 6:15:17 AM","0000-00","0","no battery","V"
"07/13/2019","06:56:06","9","default","116269760","OXY_CH9","49.139","min","311.372","μmol/L","Humid","18.312","deg","94011","µV","20.230","°C","1013.000","hPa","36.5","pmil","0","55.690","deg","20.000","°C","100.000","%a.s.","22.400","deg","20.000","°C","962.000","hPa","0.861","-0.02617","0.00035","0","0","13.56","Humid","35.35","0","78.50","295739.68","SABD0002000014","AAV2.0.0.13","3.0.1.1413","PSt7-10","180509-002","6/18/2019 6:15:17 AM","0000-00","0","no battery","V"
"07/13/2019","06:56:07","9","default","116269760","OXY_CH9","49.156","min","311.456","μmol/L","Humid","18.311","deg","94011","µV","20.224","°C","1013.000","hPa","36.5","pmil","0","55.690","deg","20.000","°C","100.000","%a.s.","22.400","deg","20.000","°C","962.000","hPa","0.861","-0.02617","0.00035","0","0","13.56","Humid","35.35","0","78.50","295753.56","SABD0002000014","AAV2.0.0.13","3.0.1.1413","PSt7-10","180509-002","6/18/2019 6:15:17 AM","0000-00","0","no battery","V"
"07/13/2019","06:56:08","9","default","116269760","OXY_CH9","49.172","min","311.546","μmol/L","Humid","18.308","deg","93988","µV","20.224","°C","1013.000","hPa","36.5","pmil","0","55.690","deg","20.000","°C","100.000","%a.s.","22.400","deg","20.000","°C","962.000","hPa","0.861","-0.02617","0.00035","0","0","13.56","Humid","35.35","0","78.50","295749.97","SABD0002000014","AAV2.0.0.13","3.0.1.1413","PSt7-10","180509-002","6/18/2019 6:15:17 AM","0000-00","0","no battery","V"
"07/13/2019","06:56:09","9","default","116269760","OXY_CH9","49.189","min","311.376","μmol/L","Humid","18.310","deg","93983","µV","20.236","°C","1013.000","hPa","36.5","pmil","0","55.690","deg","20.000","°C","100.000","%a.s.","22.400","deg","20.000","°C","962.000","hPa","0.861","-0.02617","0.00035","0","0","13.56","Humid","35.35","0","78.50","295761.56","SABD0002000014","AAV2.0.0.13","3.0.1.1413","PSt7-10","180509-002","6/18/2019 6:15:17 AM","0000-00","0","no battery","V"
"07/13/2019","06:56:10","9","default","116269760","OXY_CH9","49.206","min","311.546","μmol/L","Humid","18.308","deg","93979","µV","20.224","°C","1013.000","hPa","36.5","pmil","0","55.690","deg","20.000","°C","100.000","%a.s.","22.400","deg","20.000","°C","962.000","hPa","0.861","-0.02617","0.00035","0","0","13.56","Humid","35.35","0","78.50","295765.34","SABD0002000014","AAV2.0.0.13","3.0.1.1413","PSt7-10","180509-002","6/18/2019 6:15:17 AM","0000-00","0","no battery","V"
"07/13/2019","06:56:11","9","default","116269760","OXY_CH9","49.222","min","311.546","μmol/L","Humid","18.308","deg","93975","µV","20.224","°C","1013.000","hPa","36.5","pmil","0","55.690","deg","20.000","°C","100.000","%a.s.","22.400","deg","20.000","°C","962.000","hPa","0.861","-0.02617","0.00035","0","0","13.56","Humid","35.35","0","78.50","295748.63","SABD0002000014","AAV2.0.0.13","3.0.1.1413","PSt7-10","180509-002","6/18/2019 6:15:17 AM","0000-00","0","no battery","V"
"07/13/2019","06:56:12","9","default","116269760","OXY_CH9","49.239","min","311.635","μmol/L","Humid","18.305","deg","93968","µV","20.224","°C","1013.000","hPa","36.5","pmil","0","55.690","deg","20.000","°C","100.000","%a.s.","22.400","deg","20.000","°C","962.000","hPa","0.861","-0.02617","0.00035","0","0","13.56","Humid","35.35","0","78.50","295759.11","SABD0002000014","AAV2.0.0.13","3.0.1.1413","PSt7-10","180509-002","6/18/2019 6:15:17 AM","0000-00","0","no battery","V"
"07/13/2019","06:56:13","9","default","116269760","OXY_CH9","49.256","min","311.730","μmol/L","Humid","18.300","deg","93964","µV","20.230","°C","1013.000","hPa","36.5","pmil","0","55.690","deg","20.000","°C","100.000","%a.s.","22.400","deg","20.000","°C","962.000","hPa","0.861","-0.02617","0.00035","0","0","13.56","Humid","35.35","0","78.50","295752.92","SABD0002000014","AAV2.0.0.13","3.0.1.1413","PSt7-10","180509-002","6/18/2019 6:15:17 AM","0000-00","0","no battery","V"
"07/13/2019","06:56:14","9","default","116269760","OXY_CH9","49.273","min","311.640","μmol/L","Humid","18.303","deg","93955","µV","20.230","°C","1013.000","hPa","36.5","pmil","0","55.690","deg","20.000","°C","100.000","%a.s.","22.400","deg","20.000","°C","962.000","hPa","0.861","-0.02617","0.00035","0","0","13.56","Humid","35.35","0","78.50","295756.64","SABD0002000014","AAV2.0.0.13","3.0.1.1413","PSt7-10","180509-002","6/18/2019 6:15:17 AM","0000-00","0","no battery","V"
"07/13/2019","06:56:15","9","default","116269760","OXY_CH9","49.289","min","311.789","μmol/L","Humid","18.298","deg","93941","µV","20.230","°C","1013.000","hPa","36.5","pmil","0","55.690","deg","20.000","°C","100.000","%a.s.","22.400","deg","20.000","°C","962.000","hPa","0.861","-0.02617","0.00035","0","0","13.56","Humid","35.35","0","78.50","295750.60","SABD0002000014","AAV2.0.0.13","3.0.1.1413","PSt7-10","180509-002","6/18/2019 6:15:17 AM","0000-00","0","no battery","V"
"07/13/2019","06:56:16","9","default","116269760","OXY_CH9","49.306","min","311.909","μmol/L","Humid","18.294","deg","93944","µV","20.230","°C","1013.000","hPa","36.5","pmil","0","55.690","deg","20.000","°C","100.000","%a.s.","22.400","deg","20.000","°C","962.000","hPa","0.861","-0.02617","0.00035","0","0","13.56","Humid","35.35","0","78.50","295762.58","SABD0002000014","AAV2.0.0.13","3.0.1.1413","PSt7-10","180509-002","6/18/2019 6:15:17 AM","0000-00","0","no battery","V"
"07/13/2019","06:56:17","9","default","116269760","OXY_CH9","49.323","min","311.730","μmol/L","Humid","18.300","deg","93930","µV","20.230","°C","1013.000","hPa","36.5","pmil","0","55.690","deg","20.000","°C","100.000","%a.s.","22.400","deg","20.000","°C","962.000","hPa","0.861","-0.02617","0.00035","0","0","13.56","Humid","35.35","0","78.50","295757.11","SABD0002000014","AAV2.0.0.13","3.0.1.1413","PSt7-10","180509-002","6/18/2019 6:15:17 AM","0000-00","0","no battery","V"
"07/13/2019","06:56:18","9","default","116269760","OXY_CH9","49.339","min","311.849","μmol/L","Humid","18.296","deg","93924","µV","20.230","°C","1013.000","hPa","36.5","pmil","0","55.690","deg","20.000","°C","100.000","%a.s.","22.400","deg","20.000","°C","962.000","hPa","0.861","-0.02617","0.00035","0","0","13.56","Humid","35.35","0","78.50","295750.02","SABD0002000014","AAV2.0.0.13","3.0.1.1413","PSt7-10","180509-002","6/18/2019 6:15:17 AM","0000-00","0","no battery","V"
"07/13/2019","06:56:19","9","default","116269760","OXY_CH9","49.356","min","311.939","μmol/L","Humid","18.293","deg","93923","µV","20.230","°C","1013.000","hPa","36.5","pmil","0","55.690","deg","20.000","°C","100.000","%a.s.","22.400","deg","20.000","°C","962.000","hPa","0.861","-0.02617","0.00035","0","0","13.56","Humid","35.35","0","78.50","295762.87","SABD0002000014","AAV2.0.0.13","3.0.1.1413","PSt7-10","180509-002","6/18/2019 6:15:17 AM","0000-00","0","no battery","V"
"07/13/2019","06:56:20","9","default","116269760","OXY_CH9","49.372","min","311.874","μmol/L","Humid","18.297","deg","93912","µV","20.224","°C","1013.000","hPa","36.5","pmil","0","55.690","deg","20.000","°C","100.000","%a.s.","22.400","deg","20.000","°C","962.000","hPa","0.861","-0.02617","0.00035","0","0","13.56","Humid","35.35","0","78.50","295759.52","SABD0002000014","AAV2.0.0.13","3.0.1.1413","PSt7-10","180509-002","6/18/2019 6:15:17 AM","0000-00","0","no battery","V"
"07/13/2019","06:56:21","9","default","116269760","OXY_CH9","49.389","min","311.909","μmol/L","Humid","18.294","deg","93906","µV","20.230","°C","1013.000","hPa","36.5","pmil","0","55.690","deg","20.000","°C","100.000","%a.s.","22.400","deg","20.000","°C","962.000","hPa","0.861","-0.02617","0.00035","0","0","13.56","Humid","35.35","0","78.50","295767.88","SABD0002000014","AAV2.0.0.13","3.0.1.1413","PSt7-10","180509-002","6/18/2019 6:15:17 AM","0000-00","0","no battery","V"
"07/13/2019","06:56:22","9","default","116269760","OXY_CH9","49.405","min","312.024","μmol/L","Humid","18.292","deg","93890","µV","20.224","°C","1013.000","hPa","36.5","pmil","0","55.690","deg","20.000","°C","100.000","%a.s.","22.400","deg","20.000","°C","962.000","hPa","0.861","-0.02617","0.00035","0","0","13.56","Humid","35.35","0","78.50","295758.12","SABD0002000014","AAV2.0.0.13","3.0.1.1413","PSt7-10","180509-002","6/18/2019 6:15:17 AM","0000-00","0","no battery","V"
"07/13/2019","06:56:23","9","default","116269760","OXY_CH9","49.422","min","311.939","μmol/L","Humid","18.293","deg","93889","µV","20.230","°C","1013.000","hPa","36.5","pmil","0","55.690","deg","20.000","°C","100.000","%a.s.","22.400","deg","20.000","°C","962.000","hPa","0.861","-0.02617","0.00035","0","0","13.56","Humid","35.35","0","78.50","295749.57","SABD0002000014","AAV2.0.0.13","3.0.1.1413","PSt7-10","180509-002","6/18/2019 6:15:17 AM","0000-00","0","no battery","V"
"07/13/2019","06:56:24","9","default","116269760","OXY_CH9","49.438","min","312.058","μmol/L","Humid","18.289","deg","93889","µV","20.230","°C","1013.000","hPa","36.5","pmil","0","55.690","deg","20.000","°C","100.000","%a.s.","22.400","deg","20.000","°C","962.000","hPa","0.861","-0.02617","0.00035","0","0","13.56","Humid","35.35","0","78.50","295759.93","SABD0002000014","AAV2.0.0.13","3.0.1.1413","PSt7-10","180509-002","6/18/2019 6:15:17 AM","0000-00","0","no battery","V"
"07/13/2019","06:56:25","9","default","116269760","OXY_CH9","49.456","min","312.093","μmol/L","Humid","18.286","deg","93874","µV","20.236","°C","1013.000","hPa","36.5","pmil","0","55.690","deg","20.000","°C","100.000","%a.s.","22.400","deg","20.000","°C","962.000","hPa","0.861","-0.02617","0.00035","0","0","13.56","Humid","35.35","0","78.50","295746.81","SABD0002000014","AAV2.0.0.13","3.0.1.1413","PSt7-10","180509-002","6/18/2019 6:15:17 AM","0000-00","0","no battery","V"
"07/13/2019","06:56:26","9","default","116269760","OXY_CH9","49.472","min","312.088","μmol/L","Humid","18.288","deg","93871","µV","20.230","°C","1013.000","hPa","36.5","pmil","0","55.690","deg","20.000","°C","100.000","%a.s.","22.400","deg","20.000","°C","962.000","hPa","0.861","-0.02617","0.00035","0","0","13.56","Humid","35.35","0","78.50","295753.72","SABD0002000014","AAV2.0.0.13","3.0.1.1413","PSt7-10","180509-002","6/18/2019 6:15:17 AM","0000-00","0","no battery","V"
"07/13/2019","06:56:27","9","default","116269760","OXY_CH9","49.489","min","312.178","μmol/L","Humid","18.285","deg","93862","µV","20.230","°C","1013.000","hPa","36.5","pmil","0","55.690","deg","20.000","°C","100.000","%a.s.","22.400","deg","20.000","°C","962.000","hPa","0.861","-0.02617","0.00035","0","0","13.56","Humid","35.35","0","78.50","295744.56","SABD0002000014","AAV2.0.0.13","3.0.1.1413","PSt7-10","180509-002","6/18/2019 6:15:17 AM","0000-00","0","no battery","V"
"07/13/2019","06:56:28","9","default","116269760","OXY_CH9","49.506","min","312.088","μmol/L","Humid","18.288","deg","93859","µV","20.230","°C","1013.000","hPa","36.5","pmil","0","55.690","deg","20.000","°C","100.000","%a.s.","22.400","deg","20.000","°C","962.000","hPa","0.861","-0.02617","0.00035","0","0","13.56","Humid","35.35","0","78.50","295755.03","SABD0002000014","AAV2.0.0.13","3.0.1.1413","PSt7-10","180509-002","6/18/2019 6:15:17 AM","0000-00","0","no battery","V"
"07/13/2019","06:56:29","9","default","116269760","OXY_CH9","49.522","min","312.208","μmol/L","Humid","18.284","deg","93847","µV","20.230","°C","1013.000","hPa","36.5","pmil","0","55.690","deg","20.000","°C","100.000","%a.s.","22.400","deg","20.000","°C","962.000","hPa","0.861","-0.02617","0.00035","0","0","13.56","Humid","35.35","0","78.50","295751.07","SABD0002000014","AAV2.0.0.13","3.0.1.1413","PSt7-10","180509-002","6/18/2019 6:15:17 AM","0000-00","0","no battery","V"
"07/13/2019","06:56:30","9","default","116269760","OXY_CH9","49.539","min","312.357","μmol/L","Humid","18.279","deg","93843","µV","20.230","°C","1013.000","hPa","36.5","pmil","0","55.690","deg","20.000","°C","100.000","%a.s.","22.400","deg","20.000","°C","962.000","hPa","0.861","-0.02617","0.00035","0","0","13.56","Humid","35.35","0","78.50","295750.02","SABD0002000014","AAV2.0.0.13","3.0.1.1413","PSt7-10","180509-002","6/18/2019 6:15:17 AM","0000-00","0","no battery","V"
"07/13/2019","06:56:31","9","default","116269760","OXY_CH9","49.555","min","312.328","μmol/L","Humid","18.280","deg","93833","µV","20.230","°C","1013.000","hPa","36.5","pmil","0","55.690","deg","20.000","°C","100.000","%a.s.","22.400","deg","20.000","°C","962.000","hPa","0.861","-0.02617","0.00035","0","0","13.56","Humid","35.35","0","78.50","295751.59","SABD0002000014","AAV2.0.0.13","3.0.1.1413","PSt7-10","180509-002","6/18/2019 6:15:17 AM","0000-00","0","no battery","V"
"07/13/2019","06:56:32","9","default","116269760","OXY_CH9","49.572","min","312.507","μmol/L","Humid","18.274","deg","93821","µV","20.230","°C","1013.000","hPa","36.5","pmil","0","55.690","deg","20.000","°C","100.000","%a.s.","22.400","deg","20.000","°C","962.000","hPa","0.861","-0.02617","0.00035","0","0","13.56","Humid","35.35","0","78.50","295750.59","SABD0002000014","AAV2.0.0.13","3.0.1.1413","PSt7-10","180509-002","6/18/2019 6:15:17 AM","0000-00","0","no battery","V"
"07/13/2019","06:56:33","9","default","116269760","OXY_CH9","49.589","min","312.417","μmol/L","Humid","18.277","deg","93814","µV","20.230","°C","1013.000","hPa","36.5","pmil","0","55.690","deg","20.000","°C","100.000","%a.s.","22.400","deg","20.000","°C","962.000","hPa","0.861","-0.02617","0.00035","0","0","13.56","Humid","35.35","0","78.50","295743.51","SABD0002000014","AAV2.0.0.13","3.0.1.1413","PSt7-10","180509-002","6/18/2019 6:15:17 AM","0000-00","0","no battery","V"
"07/13/2019","06:56:34","9","default","116269760","OXY_CH9","49.605","min","312.507","μmol/L","Humid","18.274","deg","93806","µV","20.230","°C","1013.000","hPa","36.5","pmil","0","55.690","deg","20.000","°C","100.000","%a.s.","22.400","deg","20.000","°C","962.000","hPa","0.861","-0.02617","0.00035","0","0","13.56","Humid","35.35","0","78.50","295748.53","SABD0002000014","AAV2.0.0.13","3.0.1.1413","PSt7-10","180509-002","6/18/2019 6:15:17 AM","0000-00","0","no battery","V"
"07/13/2019","06:56:35","9","default","116269760","OXY_CH9","49.622","min","312.512","μmol/L","Humid","18.272","deg","93794","µV","20.236","°C","1013.000","hPa","36.5","pmil","0","55.690","deg","20.000","°C","100.000","%a.s.","22.400","deg","20.000","°C","962.000","hPa","0.861","-0.02617","0.00035","0","0","13.56","Humid","35.35","0","78.50","295742.56","SABD0002000014","AAV2.0.0.13","3.0.1.1413","PSt7-10","180509-002","6/18/2019 6:15:17 AM","0000-00","0","no battery","V"
"07/13/2019","06:56:36","9","default","116269760","OXY_CH9","49.639","min","312.447","μmol/L","Humid","18.276","deg","93790","µV","20.230","°C","1013.000","hPa","36.5","pmil","0","55.690","deg","20.000","°C","100.000","%a.s.","22.400","deg","20.000","°C","962.000","hPa","0.861","-0.02617","0.00035","0","0","13.56","Humid","35.35","0","78.50","295739.84","SABD0002000014","AAV2.0.0.13","3.0.1.1413","PSt7-10","180509-002","6/18/2019 6:15:17 AM","0000-00","0","no battery","V"
"07/13/2019","06:56:37","9","default","116269760","OXY_CH9","49.655","min","312.507","μmol/L","Humid","18.274","deg","93784","µV","20.230","°C","1013.000","hPa","36.5","pmil","0","55.690","deg","20.000","°C","100.000","%a.s.","22.400","deg","20.000","°C","962.000","hPa","0.861","-0.02617","0.00035","0","0","13.56","Humid","35.35","0","78.50","295741.79","SABD0002000014","AAV2.0.0.13","3.0.1.1413","PSt7-10","180509-002","6/18/2019 6:15:17 AM","0000-00","0","no battery","V"
"07/13/2019","06:56:38","9","default","116269760","OXY_CH9","49.672","min","312.562","μmol/L","Humid","18.274","deg","93777","µV","20.224","°C","1013.000","hPa","36.5","pmil","0","55.690","deg","20.000","°C","100.000","%a.s.","22.400","deg","20.000","°C","962.000","hPa","0.861","-0.02617","0.00035","0","0","13.56","Humid","35.35","0","78.50","295742.26","SABD0002000014","AAV2.0.0.13","3.0.1.1413","PSt7-10","180509-002","6/18/2019 6:15:17 AM","0000-00","0","no battery","V"
"07/13/2019","06:56:39","9","default","116269760","OXY_CH9","49.690","min","312.592","μmol/L","Humid","18.273","deg","93763","µV","20.224","°C","1013.000","hPa","36.5","pmil","0","55.690","deg","20.000","°C","100.000","%a.s.","22.400","deg","20.000","°C","962.000","hPa","0.861","-0.02617","0.00035","0","0","13.56","Humid","35.35","0","78.50","295744.27","SABD0002000014","AAV2.0.0.13","3.0.1.1413","PSt7-10","180509-002","6/18/2019 6:15:17 AM","0000-00","0","no battery","V"
"07/13/2019","06:56:40","9","default","116269760","OXY_CH9","49.706","min","312.657","μmol/L","Humid","18.269","deg","93752","µV","20.230","°C","1013.000","hPa","36.5","pmil","0","55.690","deg","20.000","°C","100.000","%a.s.","22.400","deg","20.000","°C","962.000","hPa","0.861","-0.02617","0.00035","0","0","13.56","Humid","35.35","0","78.50","295737.70","SABD0002000014","AAV2.0.0.13","3.0.1.1413","PSt7-10","180509-002","6/18/2019 6:15:17 AM","0000-00","0","no battery","V"
"07/13/2019","06:56:41","9","default","116269760","OXY_CH9","49.722","min","312.747","μmol/L","Humid","18.266","deg","93752","µV","20.230","°C","1013.000","hPa","36.5","pmil","0","55.690","deg","20.000","°C","100.000","%a.s.","22.400","deg","20.000","°C","962.000","hPa","0.861","-0.02617","0.00035","0","0","13.56","Humid","35.35","0","78.50","295731.29","SABD0002000014","AAV2.0.0.13","3.0.1.1413","PSt7-10","180509-002","6/18/2019 6:15:17 AM","0000-00","0","no battery","V"
"07/13/2019","06:56:42","9","default","116269760","OXY_CH9","49.739","min","312.777","μmol/L","Humid","18.265","deg","93740","µV","20.230","°C","1013.000","hPa","36.5","pmil","0","55.690","deg","20.000","°C","100.000","%a.s.","22.400","deg","20.000","°C","962.000","hPa","0.861","-0.02617","0.00035","0","0","13.56","Humid","35.35","0","78.50","295738.42","SABD0002000014","AAV2.0.0.13","3.0.1.1413","PSt7-10","180509-002","6/18/2019 6:15:17 AM","0000-00","0","no battery","V"
"07/13/2019","06:56:43","9","default","116269760","OXY_CH9","49.755","min","312.752","μmol/L","Humid","18.264","deg","93735","µV","20.236","°C","1013.000","hPa","36.5","pmil","0","55.690","deg","20.000","°C","100.000","%a.s.","22.400","deg","20.000","°C","962.000","hPa","0.861","-0.02617","0.00035","0","0","13.56","Humid","35.35","0","78.50","295733.52","SABD0002000014","AAV2.0.0.13","3.0.1.1413","PSt7-10","180509-002","6/18/2019 6:15:17 AM","0000-00","0","no battery","V"
"07/13/2019","06:56:44","9","default","116269760","OXY_CH9","49.773","min","312.867","μmol/L","Humid","18.262","deg","93731","µV","20.230","°C","1013.000","hPa","36.5","pmil","0","55.690","deg","20.000","°C","100.000","%a.s.","22.400","deg","20.000","°C","962.000","hPa","0.861","-0.02617","0.00035","0","0","13.56","Humid","35.35","0","78.50","295736.08","SABD0002000014","AAV2.0.0.13","3.0.1.1413","PSt7-10","180509-002","6/18/2019 6:15:17 AM","0000-00","0","no battery","V"
"07/13/2019","06:56:45","9","default","116269760","OXY_CH9","49.789","min","312.782","μmol/L","Humid","18.263","deg","93725","µV","20.236","°C","1013.000","hPa","36.5","pmil","0","55.690","deg","20.000","°C","100.000","%a.s.","22.400","deg","20.000","°C","962.000","hPa","0.861","-0.02617","0.00035","0","0","13.56","Humid","35.35","0","78.50","295743.55","SABD0002000014","AAV2.0.0.13","3.0.1.1413","PSt7-10","180509-002","6/18/2019 6:15:17 AM","0000-00","0","no battery","V"
"07/13/2019","06:56:46","9","default","116269760","OXY_CH9","49.806","min","312.897","μmol/L","Humid","18.261","deg","93715","µV","20.230","°C","1013.000","hPa","36.5","pmil","0","55.690","deg","20.000","°C","100.000","%a.s.","22.400","deg","20.000","°C","962.000","hPa","0.861","-0.02617","0.00035","0","0","13.56","Humid","35.35","0","78.50","295741.45","SABD0002000014","AAV2.0.0.13","3.0.1.1413","PSt7-10","180509-002","6/18/2019 6:15:17 AM","0000-00","0","no battery","V"
"07/13/2019","06:56:47","9","default","116269760","OXY_CH9","49.822","min","312.807","μmol/L","Humid","18.264","deg","93713","µV","20.230","°C","1013.000","hPa","36.5","pmil","0","55.690","deg","20.000","°C","100.000","%a.s.","22.400","deg","20.000","°C","962.000","hPa","0.861","-0.02617","0.00035","0","0","13.56","Humid","35.35","0","78.50","295753.74","SABD0002000014","AAV2.0.0.13","3.0.1.1413","PSt7-10","180509-002","6/18/2019 6:15:17 AM","0000-00","0","no battery","V"
"07/13/2019","06:56:48","9","default","116269760","OXY_CH9","49.839","min","313.042","μmol/L","Humid","18.258","deg","93704","µV","20.224","°C","1013.000","hPa","36.5","pmil","0","55.690","deg","20.000","°C","100.000","%a.s.","22.400","deg","20.000","°C","962.000","hPa","0.861","-0.02617","0.00035","0","0","13.56","Humid","35.35","0","78.50","295752.57","SABD0002000014","AAV2.0.0.13","3.0.1.1413","PSt7-10","180509-002","6/18/2019 6:15:17 AM","0000-00","0","no battery","V"
"07/13/2019","06:56:49","9","default","116269760","OXY_CH9","49.856","min","313.047","μmol/L","Humid","18.256","deg","93699","µV","20.230","°C","1013.000","hPa","36.5","pmil","0","55.690","deg","20.000","°C","100.000","%a.s.","22.400","deg","20.000","°C","962.000","hPa","0.861","-0.02617","0.00035","0","0","13.56","Humid","35.35","0","78.50","295742.36","SABD0002000014","AAV2.0.0.13","3.0.1.1413","PSt7-10","180509-002","6/18/2019 6:15:17 AM","0000-00","0","no battery","V"
"07/13/2019","06:56:50","9","default","116269760","OXY_CH9","49.872","min","312.846","μmol/L","Humid","18.259","deg","93683","µV","20.242","°C","1013.000","hPa","36.5","pmil","0","55.690","deg","20.000","°C","100.000","%a.s.","22.400","deg","20.000","°C","962.000","hPa","0.861","-0.02617","0.00035","0","0","13.56","Humid","35.35","0","78.50","295728.48","SABD0002000014","AAV2.0.0.13","3.0.1.1413","PSt7-10","180509-002","6/18/2019 6:15:17 AM","0000-00","0","no battery","V"
"07/13/2019","06:56:51","9","default","116269760","OXY_CH9","49.889","min","313.017","μmol/L","Humid","18.257","deg","93683","µV","20.230","°C","1013.000","hPa","36.5","pmil","0","55.690","deg","20.000","°C","100.000","%a.s.","22.400","deg","20.000","°C","962.000","hPa","0.861","-0.02617","0.00035","0","0","13.56","Humid","35.35","0","78.50","295731.97","SABD0002000014","AAV2.0.0.13","3.0.1.1413","PSt7-10","180509-002","6/18/2019 6:15:17 AM","0000-00","0","no battery","V"
"07/13/2019","06:56:52","9","default","116269760","OXY_CH9","49.906","min","313.107","μmol/L","Humid","18.254","deg","93666","µV","20.230","°C","1013.000","hPa","36.5","pmil","0","55.690","deg","20.000","°C","100.000","%a.s.","22.400","deg","20.000","°C","962.000","hPa","0.861","-0.02617","0.00035","0","0","13.56","Humid","35.35","0","78.50","295735.32","SABD0002000014","AAV2.0.0.13","3.0.1.1413","PSt7-10","180509-002","6/18/2019 6:15:17 AM","0000-00","0","no battery","V"
"07/13/2019","06:56:53","9","default","116269760","OXY_CH9","49.922","min","313.107","μmol/L","Humid","18.254","deg","93666","µV","20.230","°C","1013.000","hPa","36.5","pmil","0","55.690","deg","20.000","°C","100.000","%a.s.","22.400","deg","20.000","°C","962.000","hPa","0.861","-0.02617","0.00035","0","0","13.56","Humid","35.35","0","78.50","295741.87","SABD0002000014","AAV2.0.0.13","3.0.1.1413","PSt7-10","180509-002","6/18/2019 6:15:17 AM","0000-00","0","no battery","V"
"07/13/2019","06:56:54","9","default","116269760","OXY_CH9","49.939","min","313.227","μmol/L","Humid","18.250","deg","93653","µV","20.230","°C","1013.000","hPa","36.5","pmil","0","55.690","deg","20.000","°C","100.000","%a.s.","22.400","deg","20.000","°C","962.000","hPa","0.861","-0.02617","0.00035","0","0","13.56","Humid","35.35","0","78.50","295734.15","SABD0002000014","AAV2.0.0.13","3.0.1.1413","PSt7-10","180509-002","6/18/2019 6:15:17 AM","0000-00","0","no battery","V"
"07/13/2019","06:56:55","9","default","116269760","OXY_CH9","49.955","min","313.107","μmol/L","Humid","18.254","deg","93651","µV","20.230","°C","1013.000","hPa","36.5","pmil","0","55.690","deg","20.000","°C","100.000","%a.s.","22.400","deg","20.000","°C","962.000","hPa","0.861","-0.02617","0.00035","0","0","13.56","Humid","35.35","0","78.50","295733.72","SABD0002000014","AAV2.0.0.13","3.0.1.1413","PSt7-10","180509-002","6/18/2019 6:15:17 AM","0000-00","0","no battery","V"
"07/13/2019","06:56:56","9","default","116269760","OXY_CH9","49.972","min","313.142","μmol/L","Humid","18.251","deg","93642","µV","20.236","°C","1013.000","hPa","36.5","pmil","0","55.690","deg","20.000","°C","100.000","%a.s.","22.400","deg","20.000","°C","962.000","hPa","0.861","-0.02617","0.00035","0","0","13.56","Humid","35.35","0","78.50","295740.20","SABD0002000014","AAV2.0.0.13","3.0.1.1413","PSt7-10","180509-002","6/18/2019 6:15:17 AM","0000-00","0","no battery","V"
"07/13/2019","06:56:57","9","default","116269760","OXY_CH9","49.989","min","313.202","μmol/L","Humid","18.249","deg","93639","µV","20.236","°C","1013.000","hPa","36.5","pmil","0","55.690","deg","20.000","°C","100.000","%a.s.","22.400","deg","20.000","°C","962.000","hPa","0.861","-0.02617","0.00035","0","0","13.56","Humid","35.35","0","78.50","295737.52","SABD0002000014","AAV2.0.0.13","3.0.1.1413","PSt7-10","180509-002","6/18/2019 6:15:17 AM","0000-00","0","no battery","V"
"07/13/2019","06:56:58","9","default","116269760","OXY_CH9","50.005","min","313.317","μmol/L","Humid","18.247","deg","93635","µV","20.230","°C","1013.000","hPa","36.5","pmil","0","55.690","deg","20.000","°C","100.000","%a.s.","22.400","deg","20.000","°C","962.000","hPa","0.861","-0.02617","0.00035","0","0","13.56","Humid","35.35","0","78.50","295737.96","SABD0002000014","AAV2.0.0.13","3.0.1.1413","PSt7-10","180509-002","6/18/2019 6:15:17 AM","0000-00","0","no battery","V"
"07/13/2019","06:56:59","9","default","116269760","OXY_CH9","50.022","min","313.313","μmol/L","Humid","18.249","deg","93623","µV","20.224","°C","1013.000","hPa","36.5","pmil","0","55.690","deg","20.000","°C","100.000","%a.s.","22.400","deg","20.000","°C","962.000","hPa","0.861","-0.02617","0.00035","0","0","13.56","Humid","35.35","0","78.50","295748.63","SABD0002000014","AAV2.0.0.13","3.0.1.1413","PSt7-10","180509-002","6/18/2019 6:15:17 AM","0000-00","0","no battery","V"
"07/13/2019","06:57:00","9","default","116269760","OXY_CH9","50.039","min","313.347","μmol/L","Humid","18.246","deg","93614","µV","20.230","°C","1013.000","hPa","36.5","pmil","0","55.690","deg","20.000","°C","100.000","%a.s.","22.400","deg","20.000","°C","962.000","hPa","0.861","-0.02617","0.00035","0","0","13.56","Humid","35.35","0","78.50","295737.38","SABD0002000014","AAV2.0.0.13","3.0.1.1413","PSt7-10","180509-002","6/18/2019 6:15:17 AM","0000-00","0","no battery","V"
"07/13/2019","06:57:01","9","default","116269760","OXY_CH9","50.055","min","313.378","μmol/L","Humid","18.245","deg","93612","µV","20.230","°C","1013.000","hPa","36.5","pmil","0","55.690","deg","20.000","°C","100.000","%a.s.","22.400","deg","20.000","°C","962.000","hPa","0.861","-0.02617","0.00035","0","0","13.56","Humid","35.35","0","78.50","295734.35","SABD0002000014","AAV2.0.0.13","3.0.1.1413","PSt7-10","180509-002","6/18/2019 6:15:17 AM","0000-00","0","no battery","V"
"07/13/2019","06:57:02","9","default","116269760","OXY_CH9","50.072","min","313.468","μmol/L","Humid","18.242","deg","93610","µV","20.230","°C","1013.000","hPa","36.5","pmil","0","55.690","deg","20.000","°C","100.000","%a.s.","22.400","deg","20.000","°C","962.000","hPa","0.861","-0.02617","0.00035","0","0","13.56","Humid","35.35","0","78.50","295733.52","SABD0002000014","AAV2.0.0.13","3.0.1.1413","PSt7-10","180509-002","6/18/2019 6:15:17 AM","0000-00","0","no battery","V"
"07/13/2019","06:57:03","9","default","116269760","OXY_CH9","50.089","min","313.412","μmol/L","Humid","18.242","deg","93605","µV","20.236","°C","1013.000","hPa","36.5","pmil","0","55.690","deg","20.000","°C","100.000","%a.s.","22.400","deg","20.000","°C","962.000","hPa","0.861","-0.02617","0.00035","0","0","13.56","Humid","35.35","0","78.50","295741.75","SABD0002000014","AAV2.0.0.13","3.0.1.1413","PSt7-10","180509-002","6/18/2019 6:15:17 AM","0000-00","0","no battery","V"
"07/13/2019","06:57:04","9","default","116269760","OXY_CH9","50.105","min","313.613","μmol/L","Humid","18.239","deg","93597","µV","20.224","°C","1013.000","hPa","36.5","pmil","0","55.690","deg","20.000","°C","100.000","%a.s.","22.400","deg","20.000","°C","962.000","hPa","0.861","-0.02617","0.00035","0","0","13.56","Humid","35.35","0","78.50","295723.18","SABD0002000014","AAV2.0.0.13","3.0.1.1413","PSt7-10","180509-002","6/18/2019 6:15:17 AM","0000-00","0","no battery","V"
"07/13/2019","06:57:05","9","default","116269760","OXY_CH9","50.122","min","313.498","μmol/L","Humid","18.241","deg","93589","µV","20.230","°C","1013.000","hPa","36.5","pmil","0","55.690","deg","20.000","°C","100.000","%a.s.","22.400","deg","20.000","°C","962.000","hPa","0.861","-0.02617","0.00035","0","0","13.56","Humid","35.35","0","78.50","295731.36","SABD0002000014","AAV2.0.0.13","3.0.1.1413","PSt7-10","180509-002","6/18/2019 6:15:17 AM","0000-00","0","no battery","V"
"07/13/2019","06:57:06","9","default","116269760","OXY_CH9","50.139","min","313.563","μmol/L","Humid","18.237","deg","93577","µV","20.236","°C","1013.000","hPa","36.5","pmil","0","55.690","deg","20.000","°C","100.000","%a.s.","22.400","deg","20.000","°C","962.000","hPa","0.861","-0.02617","0.00035","0","0","13.56","Humid","35.35","0","78.50","295746.11","SABD0002000014","AAV2.0.0.13","3.0.1.1413","PSt7-10","180509-002","6/18/2019 6:15:17 AM","0000-00","0","no battery","V"
"07/13/2019","06:57:07","9","default","116269760","OXY_CH9","50.156","min","313.653","μmol/L","Humid","18.234","deg","93571","µV","20.236","°C","1013.000","hPa","36.5","pmil","0","55.690","deg","20.000","°C","100.000","%a.s.","22.400","deg","20.000","°C","962.000","hPa","0.861","-0.02617","0.00035","0","0","13.56","Humid","35.35","0","78.50","295738.09","SABD0002000014","AAV2.0.0.13","3.0.1.1413","PSt7-10","180509-002","6/18/2019 6:15:17 AM","0000-00","0","no battery","V"
"07/13/2019","06:57:08","9","default","116269760","OXY_CH9","50.172","min","313.533","μmol/L","Humid","18.238","deg","93563","µV","20.236","°C","1013.000","hPa","36.5","pmil","0","55.690","deg","20.000","°C","100.000","%a.s.","22.400","deg","20.000","°C","962.000","hPa","0.861","-0.02617","0.00035","0","0","13.56","Humid","35.35","0","78.50","295729.02","SABD0002000014","AAV2.0.0.13","3.0.1.1413","PSt7-10","180509-002","6/18/2019 6:15:17 AM","0000-00","0","no battery","V"
"07/13/2019","06:57:09","9","default","116269760","OXY_CH9","50.189","min","313.648","μmol/L","Humid","18.236","deg","93551","µV","20.230","°C","1013.000","hPa","36.5","pmil","0","55.690","deg","20.000","°C","100.000","%a.s.","22.400","deg","20.000","°C","962.000","hPa","0.861","-0.02617","0.00035","0","0","13.56","Humid","35.35","0","78.50","295728.28","SABD0002000014","AAV2.0.0.13","3.0.1.1413","PSt7-10","180509-002","6/18/2019 6:15:17 AM","0000-00","0","no battery","V"
"07/13/2019","06:57:10","9","default","116269760","OXY_CH9","50.205","min","313.678","μmol/L","Humid","18.235","deg","93547","µV","20.230","°C","1013.000","hPa","36.5","pmil","0","55.690","deg","20.000","°C","100.000","%a.s.","22.400","deg","20.000","°C","962.000","hPa","0.861","-0.02617","0.00035","0","0","13.56","Humid","35.35","0","78.50","295736.36","SABD0002000014","AAV2.0.0.13","3.0.1.1413","PSt7-10","180509-002","6/18/2019 6:15:17 AM","0000-00","0","no battery","V"
"07/13/2019","06:57:11","9","default","116269760","OXY_CH9","50.222","min","313.683","μmol/L","Humid","18.233","deg","93542","µV","20.236","°C","1013.000","hPa","36.5","pmil","0","55.690","deg","20.000","°C","100.000","%a.s.","22.400","deg","20.000","°C","962.000","hPa","0.861","-0.02617","0.00035","0","0","13.56","Humid","35.35","0","78.50","295733.92","SABD0002000014","AAV2.0.0.13","3.0.1.1413","PSt7-10","180509-002","6/18/2019 6:15:17 AM","0000-00","0","no battery","V"
"07/13/2019","06:57:12","9","default","116269760","OXY_CH9","50.239","min","313.769","μmol/L","Humid","18.232","deg","93531","µV","20.230","°C","1013.000","hPa","36.5","pmil","0","55.690","deg","20.000","°C","100.000","%a.s.","22.400","deg","20.000","°C","962.000","hPa","0.861","-0.02617","0.00035","0","0","13.56","Humid","35.35","0","78.50","295744.16","SABD0002000014","AAV2.0.0.13","3.0.1.1413","PSt7-10","180509-002","6/18/2019 6:15:17 AM","0000-00","0","no battery","V"
"07/13/2019","06:57:13","9","default","116269760","OXY_CH9","50.256","min","313.859","μmol/L","Humid","18.229","deg","93519","µV","20.230","°C","1013.000","hPa","36.5","pmil","0","55.690","deg","20.000","°C","100.000","%a.s.","22.400","deg","20.000","°C","962.000","hPa","0.861","-0.02617","0.00035","0","0","13.56","Humid","35.35","0","78.50","295730.47","SABD0002000014","AAV2.0.0.13","3.0.1.1413","PSt7-10","180509-002","6/18/2019 6:15:17 AM","0000-00","0","no battery","V"
"07/13/2019","06:57:14","9","default","116269760","OXY_CH9","50.272","min","314.035","μmol/L","Humid","18.225","deg","93515","µV","20.224","°C","1013.000","hPa","36.5","pmil","0","55.690","deg","20.000","°C","100.000","%a.s.","22.400","deg","20.000","°C","962.000","hPa","0.861","-0.02617","0.00035","0","0","13.56","Humid","35.35","0","78.50","295739.83","SABD0002000014","AAV2.0.0.13","3.0.1.1413","PSt7-10","180509-002","6/18/2019 6:15:17 AM","0000-00","0","no battery","V"
"07/13/2019","06:57:15","9","default","116269760","OXY_CH9","50.289","min","313.985","μmol/L","Humid","18.223","deg","93511","µV","20.236","°C","1013.000","hPa","36.5","pmil","0","55.690","deg","20.000","°C","100.000","%a.s.","22.400","deg","20.000","°C","962.000","hPa","0.861","-0.02617","0.00035","0","0","13.56","Humid","35.35","0","78.50","295731.54","SABD0002000014","AAV2.0.0.13","3.0.1.1413","PSt7-10","180509-002","6/18/2019 6:15:17 AM","0000-00","0","no battery","V"
"07/13/2019","06:57:16","9","default","116269760","OXY_CH9","50.305","min","313.834","μmol/L","Humid","18.228","deg","93497","µV","20.236","°C","1013.000","hPa","36.5","pmil","0","55.690","deg","20.000","°C","100.000","%a.s.","22.400","deg","20.000","°C","962.000","hPa","0.861","-0.02617","0.00035","0","0","13.56","Humid","35.35","0","78.50","295733.19","SABD0002000014","AAV2.0.0.13","3.0.1.1413","PSt7-10","180509-002","6/18/2019 6:15:17 AM","0000-00","0","no battery","V"
"07/13/2019","06:57:17","9","default","116269760","OXY_CH9","50.322","min","313.950","μmol/L","Humid","18.226","deg","93491","µV","20.230","°C","1013.000","hPa","36.5","pmil","0","55.690","deg","20.000","°C","100.000","%a.s.","22.400","deg","20.000","°C","962.000","hPa","0.861","-0.02617","0.00035","0","0","13.56","Humid","35.35","0","78.50","295731.80","SABD0002000014","AAV2.0.0.13","3.0.1.1413","PSt7-10","180509-002","6/18/2019 6:15:17 AM","0000-00","0","no battery","V"
"07/13/2019","06:57:18","9","default","116269760","OXY_CH9","50.339","min","314.015","μmol/L","Humid","18.222","deg","93483","µV","20.236","°C","1013.000","hPa","36.5","pmil","0","55.690","deg","20.000","°C","100.000","%a.s.","22.400","deg","20.000","°C","962.000","hPa","0.861","-0.02617","0.00035","0","0","13.56","Humid","35.35","0","78.50","295749.32","SABD0002000014","AAV2.0.0.13","3.0.1.1413","PSt7-10","180509-002","6/18/2019 6:15:17 AM","0000-00","0","no battery","V"
"07/13/2019","06:57:19","9","default","116269760","OXY_CH9","50.355","min","314.070","μmol/L","Humid","18.222","deg","93480","µV","20.230","°C","1013.000","hPa","36.5","pmil","0","55.690","deg","20.000","°C","100.000","%a.s.","22.400","deg","20.000","°C","962.000","hPa","0.861","-0.02617","0.00035","0","0","13.56","Humid","35.35","0","78.50","295739.26","SABD0002000014","AAV2.0.0.13","3.0.1.1413","PSt7-10","180509-002","6/18/2019 6:15:17 AM","0000-00","0","no battery","V"
"07/13/2019","06:57:20","9","default","116269760","OXY_CH9","50.372","min","314.100","μmol/L","Humid","18.221","deg","93470","µV","20.230","°C","1013.000","hPa","36.5","pmil","0","55.690","deg","20.000","°C","100.000","%a.s.","22.400","deg","20.000","°C","962.000","hPa","0.861","-0.02617","0.00035","0","0","13.56","Humid","35.35","0","78.50","295743.84","SABD0002000014","AAV2.0.0.13","3.0.1.1413","PSt7-10","180509-002","6/18/2019 6:15:17 AM","0000-00","0","no battery","V"
"07/13/2019","06:57:21","9","default","116269760","OXY_CH9","50.389","min","314.135","μmol/L","Humid","18.218","deg","93457","µV","20.236","°C","1013.000","hPa","36.5","pmil","0","55.690","deg","20.000","°C","100.000","%a.s.","22.400","deg","20.000","°C","962.000","hPa","0.861","-0.02617","0.00035","0","0","13.56","Humid","35.35","0","78.50","295741.58","SABD0002000014","AAV2.0.0.13","3.0.1.1413","PSt7-10","180509-002","6/18/2019 6:15:17 AM","0000-00","0","no battery","V"
"07/13/2019","06:57:22","9","default","116269760","OXY_CH9","50.405","min","314.161","μmol/L","Humid","18.219","deg","93448","µV","20.230","°C","1013.000","hPa","36.5","pmil","0","55.690","deg","20.000","°C","100.000","%a.s.","22.400","deg","20.000","°C","962.000","hPa","0.861","-0.02617","0.00035","0","0","13.56","Humid","35.35","0","78.50","295726.08","SABD0002000014","AAV2.0.0.13","3.0.1.1413","PSt7-10","180509-002","6/18/2019 6:15:17 AM","0000-00","0","no battery","V"
"07/13/2019","06:57:23","9","default","116269760","OXY_CH9","50.422","min","314.191","μmol/L","Humid","18.218","deg","93443","µV","20.230","°C","1013.000","hPa","36.5","pmil","0","55.690","deg","20.000","°C","100.000","%a.s.","22.400","deg","20.000","°C","962.000","hPa","0.861","-0.02617","0.00035","0","0","13.56","Humid","35.35","0","78.50","295739.01","SABD0002000014","AAV2.0.0.13","3.0.1.1413","PSt7-10","180509-002","6/18/2019 6:15:17 AM","0000-00","0","no battery","V"
"07/13/2019","06:57:24","9","default","116269760","OXY_CH9","50.439","min","314.166","μmol/L","Humid","18.217","deg","93438","µV","20.236","°C","1013.000","hPa","36.5","pmil","0","55.690","deg","20.000","°C","100.000","%a.s.","22.400","deg","20.000","°C","962.000","hPa","0.861","-0.02617","0.00035","0","0","13.56","Humid","35.35","0","78.50","295749.14","SABD0002000014","AAV2.0.0.13","3.0.1.1413","PSt7-10","180509-002","6/18/2019 6:15:17 AM","0000-00","0","no battery","V"
"07/13/2019","06:57:25","9","default","116269760","OXY_CH9","50.456","min","314.342","μmol/L","Humid","18.213","deg","93422","µV","20.230","°C","1013.000","hPa","36.5","pmil","0","55.690","deg","20.000","°C","100.000","%a.s.","22.400","deg","20.000","°C","962.000","hPa","0.861","-0.02617","0.00035","0","0","13.56","Humid","35.35","0","78.50","295723.08","SABD0002000014","AAV2.0.0.13","3.0.1.1413","PSt7-10","180509-002","6/18/2019 6:15:17 AM","0000-00","0","no battery","V"
"07/13/2019","06:57:26","9","default","116269760","OXY_CH9","50.473","min","314.312","μmol/L","Humid","18.214","deg","93425","µV","20.230","°C","1013.000","hPa","36.5","pmil","0","55.690","deg","20.000","°C","100.000","%a.s.","22.400","deg","20.000","°C","962.000","hPa","0.861","-0.02617","0.00035","0","0","13.56","Humid","35.35","0","78.50","295728.26","SABD0002000014","AAV2.0.0.13","3.0.1.1413","PSt7-10","180509-002","6/18/2019 6:15:17 AM","0000-00","0","no battery","V"
"07/13/2019","06:57:27","9","default","116269760","OXY_CH9","50.489","min","314.281","μmol/L","Humid","18.215","deg","93412","µV","20.230","°C","1013.000","hPa","36.5","pmil","0","55.690","deg","20.000","°C","100.000","%a.s.","22.400","deg","20.000","°C","962.000","hPa","0.861","-0.02617","0.00035","0","0","13.56","Humid","35.35","0","78.50","295732.99","SABD0002000014","AAV2.0.0.13","3.0.1.1413","PSt7-10","180509-002","6/18/2019 6:15:17 AM","0000-00","0","no battery","V"
"07/13/2019","06:57:28","9","default","116269760","OXY_CH9","50.505","min","314.407","μmol/L","Humid","18.209","deg","93410","µV","20.236","°C","1013.000","hPa","36.5","pmil","0","55.690","deg","20.000","°C","100.000","%a.s.","22.400","deg","20.000","°C","962.000","hPa","0.861","-0.02617","0.00035","0","0","13.56","Humid","35.35","0","78.50","295738.48","SABD0002000014","AAV2.0.0.13","3.0.1.1413","PSt7-10","180509-002","6/18/2019 6:15:17 AM","0000-00","0","no battery","V"
"07/13/2019","06:57:29","9","default","116269760","OXY_CH9","50.522","min","314.286","μmol/L","Humid","18.213","deg","93406","µV","20.236","°C","1013.000","hPa","36.5","pmil","0","55.690","deg","20.000","°C","100.000","%a.s.","22.400","deg","20.000","°C","962.000","hPa","0.861","-0.02617","0.00035","0","0","13.56","Humid","35.35","0","78.50","295734.59","SABD0002000014","AAV2.0.0.13","3.0.1.1413","PSt7-10","180509-002","6/18/2019 6:15:17 AM","0000-00","0","no battery","V"
"07/13/2019","06:57:30","9","default","116269760","OXY_CH9","50.539","min","314.402","μmol/L","Humid","18.211","deg","93393","µV","20.230","°C","1013.000","hPa","36.5","pmil","0","55.690","deg","20.000","°C","100.000","%a.s.","22.400","deg","20.000","°C","962.000","hPa","0.861","-0.02617","0.00035","0","0","13.56","Humid","35.35","0","78.50","295744.86","SABD0002000014","AAV2.0.0.13","3.0.1.1413","PSt7-10","180509-002","6/18/2019 6:15:17 AM","0000-00","0","no battery","V"
"07/13/2019","06:57:31","9","default","116269760","OXY_CH9","50.555","min","314.377","μmol/L","Humid","18.210","deg","93392","µV","20.236","°C","1013.000","hPa","36.5","pmil","0","55.690","deg","20.000","°C","100.000","%a.s.","22.400","deg","20.000","°C","962.000","hPa","0.861","-0.02617","0.00035","0","0","13.56","Humid","35.35","0","78.50","295724.35","SABD0002000014","AAV2.0.0.13","3.0.1.1413","PSt7-10","180509-002","6/18/2019 6:15:17 AM","0000-00","0","no battery","V"
"07/13/2019","06:57:32","9","default","116269760","OXY_CH9","50.572","min","314.523","μmol/L","Humid","18.207","deg","93375","µV","20.230","°C","1013.000","hPa","36.5","pmil","0","55.690","deg","20.000","°C","100.000","%a.s.","22.400","deg","20.000","°C","962.000","hPa","0.861","-0.02617","0.00035","0","0","13.56","Humid","35.35","0","78.50","295728.29","SABD0002000014","AAV2.0.0.13","3.0.1.1413","PSt7-10","180509-002","6/18/2019 6:15:17 AM","0000-00","0","no battery","V"
"07/13/2019","06:57:33","9","default","116269760","OXY_CH9","50.589","min","314.407","μmol/L","Humid","18.209","deg","93375","µV","20.236","°C","1013.000","hPa","36.5","pmil","0","55.690","deg","20.000","°C","100.000","%a.s.","22.400","deg","20.000","°C","962.000","hPa","0.861","-0.02617","0.00035","0","0","13.56","Humid","35.35","0","78.50","295727.09","SABD0002000014","AAV2.0.0.13","3.0.1.1413","PSt7-10","180509-002","6/18/2019 6:15:17 AM","0000-00","0","no battery","V"
"07/13/2019","06:57:34","9","default","116269760","OXY_CH9","50.606","min","314.588","μmol/L","Humid","18.203","deg","93369","µV","20.236","°C","1013.000","hPa","36.5","pmil","0","55.690","deg","20.000","°C","100.000","%a.s.","22.400","deg","20.000","°C","962.000","hPa","0.861","-0.02617","0.00035","0","0","13.56","Humid","35.35","0","78.50","295736.73","SABD0002000014","AAV2.0.0.13","3.0.1.1413","PSt7-10","180509-002","6/18/2019 6:15:17 AM","0000-00","0","no battery","V"
"07/13/2019","06:57:35","9","default","116269760","OXY_CH9","50.622","min","314.558","μmol/L","Humid","18.204","deg","93359","µV","20.236","°C","1013.000","hPa","36.5","pmil","0","55.690","deg","20.000","°C","100.000","%a.s.","22.400","deg","20.000","°C","962.000","hPa","0.861","-0.02617","0.00035","0","0","13.56","Humid","35.35","0","78.50","295725.19","SABD0002000014","AAV2.0.0.13","3.0.1.1413","PSt7-10","180509-002","6/18/2019 6:15:17 AM","0000-00","0","no battery","V"
"07/13/2019","06:57:36","9","default","116269760","OXY_CH9","50.639","min","314.740","μmol/L","Humid","18.198","deg","93354","µV","20.236","°C","1013.000","hPa","36.5","pmil","0","55.690","deg","20.000","°C","100.000","%a.s.","22.400","deg","20.000","°C","962.000","hPa","0.861","-0.02617","0.00035","0","0","13.56","Humid","35.35","0","78.50","295730.16","SABD0002000014","AAV2.0.0.13","3.0.1.1413","PSt7-10","180509-002","6/18/2019 6:15:17 AM","0000-00","0","no battery","V"
"07/13/2019","06:57:37","9","default","116269760","OXY_CH9","50.656","min","314.679","μmol/L","Humid","18.200","deg","93349","µV","20.236","°C","1013.000","hPa","36.5","pmil","0","55.690","deg","20.000","°C","100.000","%a.s.","22.400","deg","20.000","°C","962.000","hPa","0.861","-0.02617","0.00035","0","0","13.56","Humid","35.35","0","78.50","295730.56","SABD0002000014","AAV2.0.0.13","3.0.1.1413","PSt7-10","180509-002","6/18/2019 6:15:17 AM","0000-00","0","no battery","V"
"07/13/2019","06:57:38","9","default","116269760","OXY_CH9","50.672","min","314.765","μmol/L","Humid","18.199","deg","93342","µV","20.230","°C","1013.000","hPa","36.5","pmil","0","55.690","deg","20.000","°C","100.000","%a.s.","22.400","deg","20.000","°C","962.000","hPa","0.861","-0.02617","0.00035","0","0","13.56","Humid","35.35","0","78.50","295726.46","SABD0002000014","AAV2.0.0.13","3.0.1.1413","PSt7-10","180509-002","6/18/2019 6:15:17 AM","0000-00","0","no battery","V"
"07/13/2019","06:57:39","9","default","116269760","OXY_CH9","50.689","min","314.709","μmol/L","Humid","18.199","deg","93337","µV","20.236","°C","1013.000","hPa","36.5","pmil","0","55.690","deg","20.000","°C","100.000","%a.s.","22.400","deg","20.000","°C","962.000","hPa","0.861","-0.02617","0.00035","0","0","13.56","Humid","35.35","0","78.50","295740.42","SABD0002000014","AAV2.0.0.13","3.0.1.1413","PSt7-10","180509-002","6/18/2019 6:15:17 AM","0000-00","0","no battery","V"
"07/13/2019","06:57:40","9","default","116269760","OXY_CH9","50.707","min","314.740","μmol/L","Humid","18.198","deg","93329","µV","20.236","°C","1013.000","hPa","36.5","pmil","0","55.690","deg","20.000","°C","100.000","%a.s.","22.400","deg","20.000","°C","962.000","hPa","0.861","-0.02617","0.00035","0","0","13.56","Humid","35.35","0","78.50","295737.51","SABD0002000014","AAV2.0.0.13","3.0.1.1413","PSt7-10","180509-002","6/18/2019 6:15:17 AM","0000-00","0","no battery","V"
"07/13/2019","06:57:41","9","default","116269760","OXY_CH9","50.722","min","314.861","μmol/L","Humid","18.194","deg","93314","µV","20.236","°C","1013.000","hPa","36.5","pmil","0","55.690","deg","20.000","°C","100.000","%a.s.","22.400","deg","20.000","°C","962.000","hPa","0.861","-0.02617","0.00035","0","0","13.56","Humid","35.35","0","78.50","295710.86","SABD0002000014","AAV2.0.0.13","3.0.1.1413","PSt7-10","180509-002","6/18/2019 6:15:17 AM","0000-00","0","no battery","V"
"07/13/2019","06:57:42","9","default","116269760","OXY_CH9","50.739","min","314.921","μmol/L","Humid","18.192","deg","93313","µV","20.236","°C","1013.000","hPa","36.5","pmil","0","55.690","deg","20.000","°C","100.000","%a.s.","22.400","deg","20.000","°C","962.000","hPa","0.861","-0.02617","0.00035","0","0","13.56","Humid","35.35","0","78.50","295727.00","SABD0002000014","AAV2.0.0.13","3.0.1.1413","PSt7-10","180509-002","6/18/2019 6:15:17 AM","0000-00","0","no battery","V"
"07/13/2019","06:57:43","9","default","116269760","OXY_CH9","50.755","min","314.861","μmol/L","Humid","18.194","deg","93303","µV","20.236","°C","1013.000","hPa","36.5","pmil","0","55.690","deg","20.000","°C","100.000","%a.s.","22.400","deg","20.000","°C","962.000","hPa","0.861","-0.02617","0.00035","0","0","13.56","Humid","35.35","0","78.50","295716.56","SABD0002000014","AAV2.0.0.13","3.0.1.1413","PSt7-10","180509-002","6/18/2019 6:15:17 AM","0000-00","0","no battery","V"
"07/13/2019","06:57:44","9","default","116269760","OXY_CH9","50.772","min","315.098","μmol/L","Humid","18.188","deg","93288","µV","20.230","°C","1013.000","hPa","36.5","pmil","0","55.690","deg","20.000","°C","100.000","%a.s.","22.400","deg","20.000","°C","962.000","hPa","0.861","-0.02617","0.00035","0","0","13.56","Humid","35.35","0","78.50","295734.87","SABD0002000014","AAV2.0.0.13","3.0.1.1413","PSt7-10","180509-002","6/18/2019 6:15:17 AM","0000-00","0","no battery","V"
"07/13/2019","06:57:45","9","default","116269760","OXY_CH9","50.789","min","315.007","μmol/L","Humid","18.191","deg","93288","µV","20.230","°C","1013.000","hPa","36.5","pmil","0","55.690","deg","20.000","°C","100.000","%a.s.","22.400","deg","20.000","°C","962.000","hPa","0.861","-0.02617","0.00035","0","0","13.56","Humid","35.35","0","78.50","295729.98","SABD0002000014","AAV2.0.0.13","3.0.1.1413","PSt7-10","180509-002","6/18/2019 6:15:17 AM","0000-00","0","no battery","V"
"07/13/2019","06:57:46","9","default","116269760","OXY_CH9","50.805","min","315.007","μmol/L","Humid","18.191","deg","93277","µV","20.230","°C","1013.000","hPa","36.5","pmil","0","55.690","deg","20.000","°C","100.000","%a.s.","22.400","deg","20.000","°C","962.000","hPa","0.861","-0.02617","0.00035","0","0","13.56","Humid","35.35","0","78.50","295740.43","SABD0002000014","AAV2.0.0.13","3.0.1.1413","PSt7-10","180509-002","6/18/2019 6:15:17 AM","0000-00","0","no battery","V"
"07/13/2019","06:57:47","9","default","116269760","OXY_CH9","50.823","min","315.037","μmol/L","Humid","18.190","deg","93272","µV","20.230","°C","1013.000","hPa","36.5","pmil","0","55.690","deg","20.000","°C","100.000","%a.s.","22.400","deg","20.000","°C","962.000","hPa","0.861","-0.02617","0.00035","0","0","13.56","Humid","35.35","0","78.50","295736.28","SABD0002000014","AAV2.0.0.13","3.0.1.1413","PSt7-10","180509-002","6/18/2019 6:15:17 AM","0000-00","0","no battery","V"
"07/13/2019","06:57:48","9","default","116269760","OXY_CH9","50.839","min","315.244","μmol/L","Humid","18.185","deg","93269","µV","20.224","°C","1013.000","hPa","36.5","pmil","0","55.690","deg","20.000","°C","100.000","%a.s.","22.400","deg","20.000","°C","962.000","hPa","0.861","-0.02617","0.00035","0","0","13.56","Humid","35.35","0","78.50","295732.63","SABD0002000014","AAV2.0.0.13","3.0.1.1413","PSt7-10","180509-002","6/18/2019 6:15:17 AM","0000-00","0","no battery","V"
"07/13/2019","06:57:49","9","default","116269760","OXY_CH9","50.856","min","315.189","μmol/L","Humid","18.185","deg","93258","µV","20.230","°C","1013.000","hPa","36.5","pmil","0","55.690","deg","20.000","°C","100.000","%a.s.","22.400","deg","20.000","°C","962.000","hPa","0.861","-0.02617","0.00035","0","0","13.56","Humid","35.35","0","78.50","295734.82","SABD0002000014","AAV2.0.0.13","3.0.1.1413","PSt7-10","180509-002","6/18/2019 6:15:17 AM","0000-00","0","no battery","V"
"07/13/2019","06:57:50","9","default","116269760","OXY_CH9","50.873","min","315.133","μmol/L","Humid","18.185","deg","93245","µV","20.236","°C","1013.000","hPa","36.5","pmil","0","55.690","deg","20.000","°C","100.000","%a.s.","22.400","deg","20.000","°C","962.000","hPa","0.861","-0.02617","0.00035","0","0","13.56","Humid","35.35","0","78.50","295741.79","SABD0002000014","AAV2.0.0.13","3.0.1.1413","PSt7-10","180509-002","6/18/2019 6:15:17 AM","0000-00","0","no battery","V"
"07/13/2019","06:57:51","9","default","116269760","OXY_CH9","50.889","min","315.108","μmol/L","Humid","18.184","deg","93250","µV","20.242","°C","1013.000","hPa","36.5","pmil","0","55.690","deg","20.000","°C","100.000","%a.s.","22.400","deg","20.000","°C","962.000","hPa","0.861","-0.02617","0.00035","0","0","13.56","Humid","35.35","0","78.50","295737.56","SABD0002000014","AAV2.0.0.13","3.0.1.1413","PSt7-10","180509-002","6/18/2019 6:15:17 AM","0000-00","0","no battery","V"
"07/13/2019","06:57:52","9","default","116269760","OXY_CH9","50.906","min","315.401","μmol/L","Humid","18.178","deg","93232","µV","20.230","°C","1013.000","hPa","36.5","pmil","0","55.690","deg","20.000","°C","100.000","%a.s.","22.400","deg","20.000","°C","962.000","hPa","0.861","-0.02617","0.00035","0","0","13.56","Humid","35.35","0","78.50","295747.50","SABD0002000014","AAV2.0.0.13","3.0.1.1413","PSt7-10","180509-002","6/18/2019 6:15:17 AM","0000-00","0","no battery","V"
"07/13/2019","06:57:53","9","default","116269760","OXY_CH9","50.923","min","315.406","μmol/L","Humid","18.176","deg","93225","µV","20.236","°C","1013.000","hPa","36.5","pmil","0","55.690","deg","20.000","°C","100.000","%a.s.","22.400","deg","20.000","°C","962.000","hPa","0.861","-0.02617","0.00035","0","0","13.56","Humid","35.35","0","78.50","295730.73","SABD0002000014","AAV2.0.0.13","3.0.1.1413","PSt7-10","180509-002","6/18/2019 6:15:17 AM","0000-00","0","no battery","V"
"07/13/2019","06:57:54","9","default","116269760","OXY_CH9","50.939","min","315.315","μmol/L","Humid","18.179","deg","93218","µV","20.236","°C","1013.000","hPa","36.5","pmil","0","55.690","deg","20.000","°C","100.000","%a.s.","22.400","deg","20.000","°C","962.000","hPa","0.861","-0.02617","0.00035","0","0","13.56","Humid","35.35","0","78.50","295745.80","SABD0002000014","AAV2.0.0.13","3.0.1.1413","PSt7-10","180509-002","6/18/2019 6:15:17 AM","0000-00","0","no battery","V"
"07/13/2019","06:57:55","9","default","116269760","OXY_CH9","50.956","min","315.259","μmol/L","Humid","18.179","deg","93209","µV","20.242","°C","1013.000","hPa","36.5","pmil","0","55.690","deg","20.000","°C","100.000","%a.s.","22.400","deg","20.000","°C","962.000","hPa","0.861","-0.02617","0.00035","0","0","13.56","Humid","35.35","0","78.50","295734.61","SABD0002000014","AAV2.0.0.13","3.0.1.1413","PSt7-10","180509-002","6/18/2019 6:15:17 AM","0000-00","0","no battery","V"
"07/13/2019","06:57:56","9","default","116269760","OXY_CH9","50.973","min","315.376","μmol/L","Humid","18.177","deg","93207","µV","20.236","°C","1013.000","hPa","36.5","pmil","0","55.690","deg","20.000","°C","100.000","%a.s.","22.400","deg","20.000","°C","962.000","hPa","0.861","-0.02617","0.00035","0","0","13.56","Humid","35.35","0","78.50","295729.95","SABD0002000014","AAV2.0.0.13","3.0.1.1413","PSt7-10","180509-002","6/18/2019 6:15:17 AM","0000-00","0","no battery","V"
"07/13/2019","06:57:57","9","default","116269760","OXY_CH9","50.990","min","315.290","μmol/L","Humid","18.178","deg","93198","µV","20.242","°C","1013.000","hPa","36.5","pmil","0","55.690","deg","20.000","°C","100.000","%a.s.","22.400","deg","20.000","°C","962.000","hPa","0.861","-0.02617","0.00035","0","0","13.56","Humid","35.35","0","78.50","295722.59","SABD0002000014","AAV2.0.0.13","3.0.1.1413","PSt7-10","180509-002","6/18/2019 6:15:17 AM","0000-00","0","no battery","V"
"07/13/2019","06:57:58","9","default","116269760","OXY_CH9","51.006","min","315.441","μmol/L","Humid","18.173","deg","93191","µV","20.242","°C","1013.000","hPa","36.5","pmil","0","55.690","deg","20.000","°C","100.000","%a.s.","22.400","deg","20.000","°C","962.000","hPa","0.861","-0.02617","0.00035","0","0","13.56","Humid","35.35","0","78.50","295730.58","SABD0002000014","AAV2.0.0.13","3.0.1.1413","PSt7-10","180509-002","6/18/2019 6:15:17 AM","0000-00","0","no battery","V"
"07/13/2019","06:57:59","9","default","116269760","OXY_CH9","51.022","min","315.492","μmol/L","Humid","18.175","deg","93179","µV","20.230","°C","1013.000","hPa","36.5","pmil","0","55.690","deg","20.000","°C","100.000","%a.s.","22.400","deg","20.000","°C","962.000","hPa","0.861","-0.02617","0.00035","0","0","13.56","Humid","35.35","0","78.50","295737.38","SABD0002000014","AAV2.0.0.13","3.0.1.1413","PSt7-10","180509-002","6/18/2019 6:15:17 AM","0000-00","0","no battery","V"
"07/13/2019","06:58:00","9","default","116269760","OXY_CH9","51.039","min","315.411","μmol/L","Humid","18.174","deg","93179","µV","20.242","°C","1013.000","hPa","36.5","pmil","0","55.690","deg","20.000","°C","100.000","%a.s.","22.400","deg","20.000","°C","962.000","hPa","0.861","-0.02617","0.00035","0","0","13.56","Humid","35.35","0","78.50","295727.89","SABD0002000014","AAV2.0.0.13","3.0.1.1413","PSt7-10","180509-002","6/18/2019 6:15:17 AM","0000-00","0","no battery","V"
"07/13/2019","06:58:01","9","default","116269760","OXY_CH9","51.056","min","315.709","μmol/L","Humid","18.166","deg","93181","µV","20.236","°C","1013.000","hPa","36.5","pmil","0","55.690","deg","20.000","°C","100.000","%a.s.","22.400","deg","20.000","°C","962.000","hPa","0.861","-0.02617","0.00035","0","0","13.56","Humid","35.35","0","78.50","295741.25","SABD0002000014","AAV2.0.0.13","3.0.1.1413","PSt7-10","180509-002","6/18/2019 6:15:17 AM","0000-00","0","no battery","V"
"07/13/2019","06:58:02","9","default","116269760","OXY_CH9","51.072","min","315.613","μmol/L","Humid","18.171","deg","93159","µV","20.230","°C","1013.000","hPa","36.5","pmil","0","55.690","deg","20.000","°C","100.000","%a.s.","22.400","deg","20.000","°C","962.000","hPa","0.861","-0.02617","0.00035","0","0","13.56","Humid","35.35","0","78.50","295720.96","SABD0002000014","AAV2.0.0.13","3.0.1.1413","PSt7-10","180509-002","6/18/2019 6:15:17 AM","0000-00","0","no battery","V"
"07/13/2019","06:58:03","9","default","116269760","OXY_CH9","51.089","min","315.674","μmol/L","Humid","18.169","deg","93158","µV","20.230","°C","1013.000","hPa","36.5","pmil","0","55.690","deg","20.000","°C","100.000","%a.s.","22.400","deg","20.000","°C","962.000","hPa","0.861","-0.02617","0.00035","0","0","13.56","Humid","35.35","0","78.50","295720.40","SABD0002000014","AAV2.0.0.13","3.0.1.1413","PSt7-10","180509-002","6/18/2019 6:15:17 AM","0000-00","0","no battery","V"
"07/13/2019","06:58:04","9","default","116269760","OXY_CH9","51.106","min","315.618","μmol/L","Humid","18.169","deg","93149","µV","20.236","°C","1013.000","hPa","36.5","pmil","0","55.690","deg","20.000","°C","100.000","%a.s.","22.400","deg","20.000","°C","962.000","hPa","0.861","-0.02617","0.00035","0","0","13.56","Humid","35.35","0","78.50","295736.77","SABD0002000014","AAV2.0.0.13","3.0.1.1413","PSt7-10","180509-002","6/18/2019 6:15:17 AM","0000-00","0","no battery","V"
"07/13/2019","06:58:05","9","default","116269760","OXY_CH9","51.122","min","315.735","μmol/L","Humid","18.167","deg","93144","µV","20.230","°C","1013.000","hPa","36.5","pmil","0","55.690","deg","20.000","°C","100.000","%a.s.","22.400","deg","20.000","°C","962.000","hPa","0.861","-0.02617","0.00035","0","0","13.56","Humid","35.35","0","78.50","295725.50","SABD0002000014","AAV2.0.0.13","3.0.1.1413","PSt7-10","180509-002","6/18/2019 6:15:17 AM","0000-00","0","no battery","V"
"07/13/2019","06:58:06","9","default","116269760","OXY_CH9","51.139","min","315.740","μmol/L","Humid","18.165","deg","93134","µV","20.236","°C","1013.000","hPa","36.5","pmil","0","55.690","deg","20.000","°C","100.000","%a.s.","22.400","deg","20.000","°C","962.000","hPa","0.861","-0.02617","0.00035","0","0","13.56","Humid","35.35","0","78.50","295731.95","SABD0002000014","AAV2.0.0.13","3.0.1.1413","PSt7-10","180509-002","6/18/2019 6:15:17 AM","0000-00","0","no battery","V"
"07/13/2019","06:58:07","9","default","116269760","OXY_CH9","51.155","min","315.826","μmol/L","Humid","18.164","deg","93126","µV","20.230","°C","1013.000","hPa","36.5","pmil","0","55.690","deg","20.000","°C","100.000","%a.s.","22.400","deg","20.000","°C","962.000","hPa","0.861","-0.02617","0.00035","0","0","13.56","Humid","35.35","0","78.50","295730.55","SABD0002000014","AAV2.0.0.13","3.0.1.1413","PSt7-10","180509-002","6/18/2019 6:15:17 AM","0000-00","0","no battery","V"
"07/13/2019","06:58:08","9","default","116269760","OXY_CH9","51.172","min","315.887","μmol/L","Humid","18.162","deg","93126","µV","20.230","°C","1013.000","hPa","36.5","pmil","0","55.690","deg","20.000","°C","100.000","%a.s.","22.400","deg","20.000","°C","962.000","hPa","0.861","-0.02617","0.00035","0","0","13.56","Humid","35.35","0","78.50","295728.28","SABD0002000014","AAV2.0.0.13","3.0.1.1413","PSt7-10","180509-002","6/18/2019 6:15:17 AM","0000-00","0","no battery","V"
"07/13/2019","06:58:09","9","default","116269760","OXY_CH9","51.189","min","315.831","μmol/L","Humid","18.162","deg","93119","µV","20.236","°C","1013.000","hPa","36.5","pmil","0","55.690","deg","20.000","°C","100.000","%a.s.","22.400","deg","20.000","°C","962.000","hPa","0.861","-0.02617","0.00035","0","0","13.56","Humid","35.35","0","78.50","295732.49","SABD0002000014","AAV2.0.0.13","3.0.1.1413","PSt7-10","180509-002","6/18/2019 6:15:17 AM","0000-00","0","no battery","V"
"07/13/2019","06:58:10","9","default","116269760","OXY_CH9","51.206","min","315.801","μmol/L","Humid","18.163","deg","93118","µV","20.236","°C","1013.000","hPa","36.5","pmil","0","55.690","deg","20.000","°C","100.000","%a.s.","22.400","deg","20.000","°C","962.000","hPa","0.861","-0.02617","0.00035","0","0","13.56","Humid","35.35","0","78.50","295734.57","SABD0002000014","AAV2.0.0.13","3.0.1.1413","PSt7-10","180509-002","6/18/2019 6:15:17 AM","0000-00","0","no battery","V"
"07/13/2019","06:58:11","9","default","116269760","OXY_CH9","51.222","min","315.831","μmol/L","Humid","18.162","deg","93102","µV","20.236","°C","1013.000","hPa","36.5","pmil","0","55.690","deg","20.000","°C","100.000","%a.s.","22.400","deg","20.000","°C","962.000","hPa","0.861","-0.02617","0.00035","0","0","13.56","Humid","35.35","0","78.50","295734.87","SABD0002000014","AAV2.0.0.13","3.0.1.1413","PSt7-10","180509-002","6/18/2019 6:15:17 AM","0000-00","0","no battery","V"
"07/13/2019","06:58:12","9","default","116269760","OXY_CH9","51.239","min","316.013","μmol/L","Humid","18.156","deg","93093","µV","20.236","°C","1013.000","hPa","36.5","pmil","0","55.690","deg","20.000","°C","100.000","%a.s.","22.400","deg","20.000","°C","962.000","hPa","0.861","-0.02617","0.00035","0","0","13.56","Humid","35.35","0","78.50","295745.75","SABD0002000014","AAV2.0.0.13","3.0.1.1413","PSt7-10","180509-002","6/18/2019 6:15:17 AM","0000-00","0","no battery","V"
"07/13/2019","06:58:13","9","default","116269760","OXY_CH9","51.256","min","316.008","μmol/L","Humid","18.158","deg","93081","µV","20.230","°C","1013.000","hPa","36.5","pmil","0","55.690","deg","20.000","°C","100.000","%a.s.","22.400","deg","20.000","°C","962.000","hPa","0.861","-0.02617","0.00035","0","0","13.56","Humid","35.35","0","78.50","295731.87","SABD0002000014","AAV2.0.0.13","3.0.1.1413","PSt7-10","180509-002","6/18/2019 6:15:17 AM","0000-00","0","no battery","V"
"07/13/2019","06:58:14","9","default","116269760","OXY_CH9","51.272","min","315.953","μmol/L","Humid","18.158","deg","93084","µV","20.236","°C","1013.000","hPa","36.5","pmil","0","55.690","deg","20.000","°C","100.000","%a.s.","22.400","deg","20.000","°C","962.000","hPa","0.861","-0.02617","0.00035","0","0","13.56","Humid","35.35","0","78.50","295740.50","SABD0002000014","AAV2.0.0.13","3.0.1.1413","PSt7-10","180509-002","6/18/2019 6:15:17 AM","0000-00","0","no battery","V"
"07/13/2019","06:58:15","9","default","116269760","OXY_CH9","51.289","min","316.160","μmol/L","Humid","18.153","deg","93069","µV","20.230","°C","1013.000","hPa","36.5","pmil","0","55.690","deg","20.000","°C","100.000","%a.s.","22.400","deg","20.000","°C","962.000","hPa","0.861","-0.02617","0.00035","0","0","13.56","Humid","35.35","0","78.50","295728.73","SABD0002000014","AAV2.0.0.13","3.0.1.1413","PSt7-10","180509-002","6/18/2019 6:15:17 AM","0000-00","0","no battery","V"
"07/13/2019","06:58:16","9","default","116269760","OXY_CH9","51.306","min","315.983","μmol/L","Humid","18.157","deg","93074","µV","20.236","°C","1013.000","hPa","36.5","pmil","0","55.690","deg","20.000","°C","100.000","%a.s.","22.400","deg","20.000","°C","962.000","hPa","0.861","-0.02617","0.00035","0","0","13.56","Humid","35.35","0","78.50","295740.24","SABD0002000014","AAV2.0.0.13","3.0.1.1413","PSt7-10","180509-002","6/18/2019 6:15:17 AM","0000-00","0","no battery","V"
"07/13/2019","06:58:17","9","default","116269760","OXY_CH9","51.323","min","315.927","μmol/L","Humid","18.157","deg","93056","µV","20.242","°C","1013.000","hPa","36.5","pmil","0","55.690","deg","20.000","°C","100.000","%a.s.","22.400","deg","20.000","°C","962.000","hPa","0.861","-0.02617","0.00035","0","0","13.56","Humid","35.35","0","78.50","295740.25","SABD0002000014","AAV2.0.0.13","3.0.1.1413","PSt7-10","180509-002","6/18/2019 6:15:17 AM","0000-00","0","no battery","V"
"07/13/2019","06:58:18","9","default","116269760","OXY_CH9","51.339","min","316.282","μmol/L","Humid","18.149","deg","93048","µV","20.230","°C","1013.000","hPa","36.5","pmil","0","55.690","deg","20.000","°C","100.000","%a.s.","22.400","deg","20.000","°C","962.000","hPa","0.861","-0.02617","0.00035","0","0","13.56","Humid","35.35","0","78.50","295734.38","SABD0002000014","AAV2.0.0.13","3.0.1.1413","PSt7-10","180509-002","6/18/2019 6:15:17 AM","0000-00","0","no battery","V"
"07/13/2019","06:58:19","9","default","116269760","OXY_CH9","51.356","min","316.100","μmol/L","Humid","18.155","deg","93042","µV","20.230","°C","1013.000","hPa","36.5","pmil","0","55.690","deg","20.000","°C","100.000","%a.s.","22.400","deg","20.000","°C","962.000","hPa","0.861","-0.02617","0.00035","0","0","13.56","Humid","35.35","0","78.50","295728.30","SABD0002000014","AAV2.0.0.13","3.0.1.1413","PSt7-10","180509-002","6/18/2019 6:15:17 AM","0000-00","0","no battery","V"
"07/13/2019","06:58:20","9","default","116269760","OXY_CH9","51.372","min","316.226","μmol/L","Humid","18.149","deg","93037","µV","20.236","°C","1013.000","hPa","36.5","pmil","0","55.690","deg","20.000","°C","100.000","%a.s.","22.400","deg","20.000","°C","962.000","hPa","0.861","-0.02617","0.00035","0","0","13.56","Humid","35.35","0","78.50","295731.78","SABD0002000014","AAV2.0.0.13","3.0.1.1413","PSt7-10","180509-002","6/18/2019 6:15:17 AM","0000-00","0","no battery","V"
"07/13/2019","06:58:21","9","default","116269760","OXY_CH9","51.389","min","316.409","μmol/L","Humid","18.143","deg","93031","µV","20.236","°C","1013.000","hPa","36.5","pmil","0","55.690","deg","20.000","°C","100.000","%a.s.","22.400","deg","20.000","°C","962.000","hPa","0.861","-0.02617","0.00035","0","0","13.56","Humid","35.35","0","78.50","295742.38","SABD0002000014","AAV2.0.0.13","3.0.1.1413","PSt7-10","180509-002","6/18/2019 6:15:17 AM","0000-00","0","no battery","V"
"07/13/2019","06:58:22","9","default","116269760","OXY_CH9","51.406","min","316.404","μmol/L","Humid","18.145","deg","93011","µV","20.230","°C","1013.000","hPa","36.5","pmil","0","55.690","deg","20.000","°C","100.000","%a.s.","22.400","deg","20.000","°C","962.000","hPa","0.861","-0.02617","0.00035","0","0","13.56","Humid","35.35","0","78.50","295732.50","SABD0002000014","AAV2.0.0.13","3.0.1.1413","PSt7-10","180509-002","6/18/2019 6:15:17 AM","0000-00","0","no battery","V"
"07/13/2019","06:58:23","9","default","116269760","OXY_CH9","51.422","min","316.526","μmol/L","Humid","18.141","deg","93010","µV","20.230","°C","1013.000","hPa","36.5","pmil","0","55.690","deg","20.000","°C","100.000","%a.s.","22.400","deg","20.000","°C","962.000","hPa","0.861","-0.02617","0.00035","0","0","13.56","Humid","35.35","0","78.50","295721.18","SABD0002000014","AAV2.0.0.13","3.0.1.1413","PSt7-10","180509-002","6/18/2019 6:15:17 AM","0000-00","0","no battery","V"
"07/13/2019","06:58:24","9","default","116269760","OXY_CH9","51.439","min","316.379","μmol/L","Humid","18.144","deg","93000","µV","20.236","°C","1013.000","hPa","36.5","pmil","0","55.690","deg","20.000","°C","100.000","%a.s.","22.400","deg","20.000","°C","962.000","hPa","0.861","-0.02617","0.00035","0","0","13.56","Humid","35.35","0","78.50","295742.46","SABD0002000014","AAV2.0.0.13","3.0.1.1413","PSt7-10","180509-002","6/18/2019 6:15:17 AM","0000-00","0","no battery","V"
"07/13/2019","06:58:25","9","default","116269760","OXY_CH9","51.455","min","316.282","μmol/L","Humid","18.149","deg","92986","µV","20.230","°C","1013.000","hPa","36.5","pmil","0","55.690","deg","20.000","°C","100.000","%a.s.","22.400","deg","20.000","°C","962.000","hPa","0.861","-0.02617","0.00035","0","0","13.56","Humid","35.35","0","78.50","295728.52","SABD0002000014","AAV2.0.0.13","3.0.1.1413","PSt7-10","180509-002","6/18/2019 6:15:17 AM","0000-00","0","no battery","V"
"07/13/2019","06:58:26","9","default","116269760","OXY_CH9","51.472","min","316.470","μmol/L","Humid","18.141","deg","92985","µV","20.236","°C","1013.000","hPa","36.5","pmil","0","55.690","deg","20.000","°C","100.000","%a.s.","22.400","deg","20.000","°C","962.000","hPa","0.861","-0.02617","0.00035","0","0","13.56","Humid","35.35","0","78.50","295735.78","SABD0002000014","AAV2.0.0.13","3.0.1.1413","PSt7-10","180509-002","6/18/2019 6:15:17 AM","0000-00","0","no battery","V"
"07/13/2019","06:58:27","9","default","116269760","OXY_CH9","51.489","min","316.445","μmol/L","Humid","18.140","deg","92970","µV","20.242","°C","1013.000","hPa","36.5","pmil","0","55.690","deg","20.000","°C","100.000","%a.s.","22.400","deg","20.000","°C","962.000","hPa","0.861","-0.02617","0.00035","0","0","13.56","Humid","35.35","0","78.50","295716.70","SABD0002000014","AAV2.0.0.13","3.0.1.1413","PSt7-10","180509-002","6/18/2019 6:15:17 AM","0000-00","0","no battery","V"
"07/13/2019","06:58:28","9","default","116269760","OXY_CH9","51.505","min","316.500","μmol/L","Humid","18.140","deg","92974","µV","20.236","°C","1013.000","hPa","36.5","pmil","0","55.690","deg","20.000","°C","100.000","%a.s.","22.400","deg","20.000","°C","962.000","hPa","0.861","-0.02617","0.00035","0","0","13.56","Humid","35.35","0","78.50","295727.62","SABD0002000014","AAV2.0.0.13","3.0.1.1413","PSt7-10","180509-002","6/18/2019 6:15:17 AM","0000-00","0","no battery","V"
"07/13/2019","06:58:29","9","default","116269760","OXY_CH9","51.522","min","316.374","μmol/L","Humid","18.146","deg","92965","µV","20.230","°C","1013.000","hPa","36.5","pmil","0","55.690","deg","20.000","°C","100.000","%a.s.","22.400","deg","20.000","°C","962.000","hPa","0.861","-0.02617","0.00035","0","0","13.56","Humid","35.35","0","78.50","295733.27","SABD0002000014","AAV2.0.0.13","3.0.1.1413","PSt7-10","180509-002","6/18/2019 6:15:17 AM","0000-00","0","no battery","V"
"07/13/2019","06:58:30","9","default","116269760","OXY_CH9","51.539","min","316.500","μmol/L","Humid","18.140","deg","92962","µV","20.236","°C","1013.000","hPa","36.5","pmil","0","55.690","deg","20.000","°C","100.000","%a.s.","22.400","deg","20.000","°C","962.000","hPa","0.861","-0.02617","0.00035","0","0","13.56","Humid","35.35","0","78.50","295740.84","SABD0002000014","AAV2.0.0.13","3.0.1.1413","PSt7-10","180509-002","6/18/2019 6:15:17 AM","0000-00","0","no battery","V"
"07/13/2019","06:58:31","9","default","116269760","OXY_CH9","51.555","min","316.536","μmol/L","Humid","18.137","deg","92946","µV","20.242","°C","1013.000","hPa","36.5","pmil","0","55.690","deg","20.000","°C","100.000","%a.s.","22.400","deg","20.000","°C","962.000","hPa","0.861","-0.02617","0.00035","0","0","13.56","Humid","35.35","0","78.50","295720.11","SABD0002000014","AAV2.0.0.13","3.0.1.1413","PSt7-10","180509-002","6/18/2019 6:15:17 AM","0000-00","0","no battery","V"
"07/13/2019","06:58:32","9","default","116269760","OXY_CH9","51.572","min","316.744","μmol/L","Humid","18.132","deg","92946","µV","20.236","°C","1013.000","hPa","36.5","pmil","0","55.690","deg","20.000","°C","100.000","%a.s.","22.400","deg","20.000","°C","962.000","hPa","0.861","-0.02617","0.00035","0","0","13.56","Humid","35.35","0","78.50","295731.46","SABD0002000014","AAV2.0.0.13","3.0.1.1413","PSt7-10","180509-002","6/18/2019 6:15:17 AM","0000-00","0","no battery","V"
"07/13/2019","06:58:33","9","default","116269760","OXY_CH9","51.589","min","316.653","μmol/L","Humid","18.135","deg","92929","µV","20.236","°C","1013.000","hPa","36.5","pmil","0","55.690","deg","20.000","°C","100.000","%a.s.","22.400","deg","20.000","°C","962.000","hPa","0.861","-0.02617","0.00035","0","0","13.56","Humid","35.35","0","78.50","295709.18","SABD0002000014","AAV2.0.0.13","3.0.1.1413","PSt7-10","180509-002","6/18/2019 6:15:17 AM","0000-00","0","no battery","V"
"07/13/2019","06:58:34","9","default","116269760","OXY_CH9","51.605","min","316.775","μmol/L","Humid","18.131","deg","92929","µV","20.236","°C","1013.000","hPa","36.5","pmil","0","55.690","deg","20.000","°C","100.000","%a.s.","22.400","deg","20.000","°C","962.000","hPa","0.861","-0.02617","0.00035","0","0","13.56","Humid","35.35","0","78.50","295735.31","SABD0002000014","AAV2.0.0.13","3.0.1.1413","PSt7-10","180509-002","6/18/2019 6:15:17 AM","0000-00","0","no battery","V"
"07/13/2019","06:58:35","9","default","116269760","OXY_CH9","51.623","min","316.775","μmol/L","Humid","18.131","deg","92924","µV","20.236","°C","1013.000","hPa","36.5","pmil","0","55.690","deg","20.000","°C","100.000","%a.s.","22.400","deg","20.000","°C","962.000","hPa","0.861","-0.02617","0.00035","0","0","13.56","Humid","35.35","0","78.50","295726.98","SABD0002000014","AAV2.0.0.13","3.0.1.1413","PSt7-10","180509-002","6/18/2019 6:15:17 AM","0000-00","0","no battery","V"
"07/13/2019","06:58:36","9","default","116269760","OXY_CH9","51.639","min","316.866","μmol/L","Humid","18.128","deg","92914","µV","20.236","°C","1013.000","hPa","36.5","pmil","0","55.690","deg","20.000","°C","100.000","%a.s.","22.400","deg","20.000","°C","962.000","hPa","0.861","-0.02617","0.00035","0","0","13.56","Humid","35.35","0","78.50","295727.76","SABD0002000014","AAV2.0.0.13","3.0.1.1413","PSt7-10","180509-002","6/18/2019 6:15:17 AM","0000-00","0","no battery","V"
"07/13/2019","06:58:37","9","default","116269760","OXY_CH9","51.656","min","316.744","μmol/L","Humid","18.132","deg","92900","µV","20.236","°C","1013.000","hPa","36.5","pmil","0","55.690","deg","20.000","°C","100.000","%a.s.","22.400","deg","20.000","°C","962.000","hPa","0.861","-0.02617","0.00035","0","0","13.56","Humid","35.35","0","78.50","295728.53","SABD0002000014","AAV2.0.0.13","3.0.1.1413","PSt7-10","180509-002","6/18/2019 6:15:17 AM","0000-00","0","no battery","V"
"07/13/2019","06:58:38","9","default","116269760","OXY_CH9","51.673","min","316.866","μmol/L","Humid","18.128","deg","92900","µV","20.236","°C","1013.000","hPa","36.5","pmil","0","55.690","deg","20.000","°C","100.000","%a.s.","22.400","deg","20.000","°C","962.000","hPa","0.861","-0.02617","0.00035","0","0","13.56","Humid","35.35","0","78.50","295728.58","SABD0002000014","AAV2.0.0.13","3.0.1.1413","PSt7-10","180509-002","6/18/2019 6:15:17 AM","0000-00","0","no battery","V"
"07/13/2019","06:58:39","9","default","116269760","OXY_CH9","51.689","min","316.897","μmol/L","Humid","18.127","deg","92890","µV","20.236","°C","1013.000","hPa","36.5","pmil","0","55.690","deg","20.000","°C","100.000","%a.s.","22.400","deg","20.000","°C","962.000","hPa","0.861","-0.02617","0.00035","0","0","13.56","Humid","35.35","0","78.50","295718.28","SABD0002000014","AAV2.0.0.13","3.0.1.1413","PSt7-10","180509-002","6/18/2019 6:15:17 AM","0000-00","0","no battery","V"
"07/13/2019","06:58:40","9","default","116269760","OXY_CH9","51.706","min","316.922","μmol/L","Humid","18.128","deg","92880","µV","20.230","°C","1013.000","hPa","36.5","pmil","0","55.690","deg","20.000","°C","100.000","%a.s.","22.400","deg","20.000","°C","962.000","hPa","0.861","-0.02617","0.00035","0","0","13.56","Humid","35.35","0","78.50","295729.82","SABD0002000014","AAV2.0.0.13","3.0.1.1413","PSt7-10","180509-002","6/18/2019 6:15:17 AM","0000-00","0","no battery","V"
"07/13/2019","06:58:41","9","default","116269760","OXY_CH9","51.722","min","316.989","μmol/L","Humid","18.124","deg","92871","µV","20.236","°C","1013.000","hPa","36.5","pmil","0","55.690","deg","20.000","°C","100.000","%a.s.","22.400","deg","20.000","°C","962.000","hPa","0.861","-0.02617","0.00035","0","0","13.56","Humid","35.35","0","78.50","295728.19","SABD0002000014","AAV2.0.0.13","3.0.1.1413","PSt7-10","180509-002","6/18/2019 6:15:17 AM","0000-00","0","no battery","V"
"07/13/2019","06:58:42","9","default","116269760","OXY_CH9","51.739","min","316.994","μmol/L","Humid","18.122","deg","92858","µV","20.242","°C","1013.000","hPa","36.5","pmil","0","55.690","deg","20.000","°C","100.000","%a.s.","22.400","deg","20.000","°C","962.000","hPa","0.861","-0.02617","0.00035","0","0","13.56","Humid","35.35","0","78.50","295721.21","SABD0002000014","AAV2.0.0.13","3.0.1.1413","PSt7-10","180509-002","6/18/2019 6:15:17 AM","0000-00","0","no battery","V"
"07/13/2019","06:58:43","9","default","116269760","OXY_CH9","51.755","min","317.167","μmol/L","Humid","18.120","deg","92862","µV","20.230","°C","1013.000","hPa","36.5","pmil","0","55.690","deg","20.000","°C","100.000","%a.s.","22.400","deg","20.000","°C","962.000","hPa","0.861","-0.02617","0.00035","0","0","13.56","Humid","35.35","0","78.50","295730.42","SABD0002000014","AAV2.0.0.13","3.0.1.1413","PSt7-10","180509-002","6/18/2019 6:15:17 AM","0000-00","0","no battery","V"
"07/13/2019","06:58:44","9","default","116269760","OXY_CH9","51.772","min","317.202","μmol/L","Humid","18.117","deg","92853","µV","20.236","°C","1013.000","hPa","36.5","pmil","0","55.690","deg","20.000","°C","100.000","%a.s.","22.400","deg","20.000","°C","962.000","hPa","0.861","-0.02617","0.00035","0","0","13.56","Humid","35.35","0","78.50","295720.43","SABD0002000014","AAV2.0.0.13","3.0.1.1413","PSt7-10","180509-002","6/18/2019 6:15:17 AM","0000-00","0","no battery","V"
"07/13/2019","06:58:45","9","default","116269760","OXY_CH9","51.789","min","317.202","μmol/L","Humid","18.117","deg","92845","µV","20.236","°C","1013.000","hPa","36.5","pmil","0","55.690","deg","20.000","°C","100.000","%a.s.","22.400","deg","20.000","°C","962.000","hPa","0.861","-0.02617","0.00035","0","0","13.56","Humid","35.35","0","78.50","295736.11","SABD0002000014","AAV2.0.0.13","3.0.1.1413","PSt7-10","180509-002","6/18/2019 6:15:17 AM","0000-00","0","no battery","V"
"07/13/2019","06:58:46","9","default","116269760","OXY_CH9","51.806","min","317.111","μmol/L","Humid","18.120","deg","92843","µV","20.236","°C","1013.000","hPa","36.5","pmil","0","55.690","deg","20.000","°C","100.000","%a.s.","22.400","deg","20.000","°C","962.000","hPa","0.861","-0.02617","0.00035","0","0","13.56","Humid","35.35","0","78.50","295713.13","SABD0002000014","AAV2.0.0.13","3.0.1.1413","PSt7-10","180509-002","6/18/2019 6:15:17 AM","0000-00","0","no battery","V"
"07/13/2019","06:58:47","9","default","116269760","OXY_CH9","51.823","min","317.111","μmol/L","Humid","18.120","deg","92836","µV","20.236","°C","1013.000","hPa","36.5","pmil","0","55.690","deg","20.000","°C","100.000","%a.s.","22.400","deg","20.000","°C","962.000","hPa","0.861","-0.02617","0.00035","0","0","13.56","Humid","35.35","0","78.50","295728.18","SABD0002000014","AAV2.0.0.13","3.0.1.1413","PSt7-10","180509-002","6/18/2019 6:15:17 AM","0000-00","0","no battery","V"
"07/13/2019","06:58:48","9","default","116269760","OXY_CH9","51.839","min","317.258","μmol/L","Humid","18.117","deg","92835","µV","20.230","°C","1013.000","hPa","36.5","pmil","0","55.690","deg","20.000","°C","100.000","%a.s.","22.400","deg","20.000","°C","962.000","hPa","0.861","-0.02617","0.00035","0","0","13.56","Humid","35.35","0","78.50","295729.14","SABD0002000014","AAV2.0.0.13","3.0.1.1413","PSt7-10","180509-002","6/18/2019 6:15:17 AM","0000-00","0","no battery","V"
"07/13/2019","06:58:49","9","default","116269760","OXY_CH9","51.856","min","317.202","μmol/L","Humid","18.117","deg","92820","µV","20.236","°C","1013.000","hPa","36.5","pmil","0","55.690","deg","20.000","°C","100.000","%a.s.","22.400","deg","20.000","°C","962.000","hPa","0.861","-0.02617","0.00035","0","0","13.56","Humid","35.35","0","78.50","295727.78","SABD0002000014","AAV2.0.0.13","3.0.1.1413","PSt7-10","180509-002","6/18/2019 6:15:17 AM","0000-00","0","no battery","V"
"07/13/2019","06:58:50","9","default","116269760","OXY_CH9","51.873","min","317.264","μmol/L","Humid","18.115","deg","92819","µV","20.236","°C","1013.000","hPa","36.5","pmil","0","55.690","deg","20.000","°C","100.000","%a.s.","22.400","deg","20.000","°C","962.000","hPa","0.861","-0.02617","0.00035","0","0","13.56","Humid","35.35","0","78.50","295732.90","SABD0002000014","AAV2.0.0.13","3.0.1.1413","PSt7-10","180509-002","6/18/2019 6:15:17 AM","0000-00","0","no battery","V"
"07/13/2019","06:58:51","9","default","116269760","OXY_CH9","51.889","min","317.386","μmol/L","Humid","18.111","deg","92803","µV","20.236","°C","1013.000","hPa","36.5","pmil","0","55.690","deg","20.000","°C","100.000","%a.s.","22.400","deg","20.000","°C","962.000","hPa","0.861","-0.02617","0.00035","0","0","13.56","Humid","35.35","0","78.50","295731.64","SABD0002000014","AAV2.0.0.13","3.0.1.1413","PSt7-10","180509-002","6/18/2019 6:15:17 AM","0000-00","0","no battery","V"
"07/13/2019","06:58:52","9","default","116269760","OXY_CH9","51.906","min","317.442","μmol/L","Humid","18.111","deg","92803","µV","20.230","°C","1013.000","hPa","36.5","pmil","0","55.690","deg","20.000","°C","100.000","%a.s.","22.400","deg","20.000","°C","962.000","hPa","0.861","-0.02617","0.00035","0","0","13.56","Humid","35.35","0","78.50","295740.61","SABD0002000014","AAV2.0.0.13","3.0.1.1413","PSt7-10","180509-002","6/18/2019 6:15:17 AM","0000-00","0","no battery","V"
"07/13/2019","06:58:53","9","default","116269760","OXY_CH9","51.923","min","317.447","μmol/L","Humid","18.109","deg","92793","µV","20.236","°C","1013.000","hPa","36.5","pmil","0","55.690","deg","20.000","°C","100.000","%a.s.","22.400","deg","20.000","°C","962.000","hPa","0.861","-0.02617","0.00035","0","0","13.56","Humid","35.35","0","78.50","295721.01","SABD0002000014","AAV2.0.0.13","3.0.1.1413","PSt7-10","180509-002","6/18/2019 6:15:17 AM","0000-00","0","no battery","V"
"07/13/2019","06:58:54","9","default","116269760","OXY_CH9","51.939","min","317.294","μmol/L","Humid","18.114","deg","92792","µV","20.236","°C","1013.000","hPa","36.5","pmil","0","55.690","deg","20.000","°C","100.000","%a.s.","22.400","deg","20.000","°C","962.000","hPa","0.861","-0.02617","0.00035","0","0","13.56","Humid","35.35","0","78.50","295721.63","SABD0002000014","AAV2.0.0.13","3.0.1.1413","PSt7-10","180509-002","6/18/2019 6:15:17 AM","0000-00","0","no battery","V"
"07/13/2019","06:58:55","9","default","116269760","OXY_CH9","51.956","min","317.417","μmol/L","Humid","18.110","deg","92783","µV","20.236","°C","1013.000","hPa","36.5","pmil","0","55.690","deg","20.000","°C","100.000","%a.s.","22.400","deg","20.000","°C","962.000","hPa","0.861","-0.02617","0.00035","0","0","13.56","Humid","35.35","0","78.50","295723.81","SABD0002000014","AAV2.0.0.13","3.0.1.1413","PSt7-10","180509-002","6/18/2019 6:15:17 AM","0000-00","0","no battery","V"
"07/13/2019","06:58:56","9","default","116269760","OXY_CH9","51.973","min","317.605","μmol/L","Humid","18.102","deg","92771","µV","20.242","°C","1013.000","hPa","36.5","pmil","0","55.690","deg","20.000","°C","100.000","%a.s.","22.400","deg","20.000","°C","962.000","hPa","0.861","-0.02617","0.00035","0","0","13.56","Humid","35.35","0","78.50","295735.24","SABD0002000014","AAV2.0.0.13","3.0.1.1413","PSt7-10","180509-002","6/18/2019 6:15:17 AM","0000-00","0","no battery","V"
"07/13/2019","06:58:57","9","default","116269760","OXY_CH9","51.989","min","317.626","μmol/L","Humid","18.105","deg","92770","µV","20.230","°C","1013.000","hPa","36.5","pmil","0","55.690","deg","20.000","°C","100.000","%a.s.","22.400","deg","20.000","°C","962.000","hPa","0.861","-0.02617","0.00035","0","0","13.56","Humid","35.35","0","78.50","295730.69","SABD0002000014","AAV2.0.0.13","3.0.1.1413","PSt7-10","180509-002","6/18/2019 6:15:17 AM","0000-00","0","no battery","V"
"07/13/2019","06:58:58","9","default","116269760","OXY_CH9","52.005","min","317.508","μmol/L","Humid","18.107","deg","92755","µV","20.236","°C","1013.000","hPa","36.5","pmil","0","55.690","deg","20.000","°C","100.000","%a.s.","22.400","deg","20.000","°C","962.000","hPa","0.861","-0.02617","0.00035","0","0","13.56","Humid","35.35","0","78.50","295705.30","SABD0002000014","AAV2.0.0.13","3.0.1.1413","PSt7-10","180509-002","6/18/2019 6:15:17 AM","0000-00","0","no battery","V"
"07/13/2019","06:58:59","9","default","116269760","OXY_CH9","52.022","min","317.514","μmol/L","Humid","18.105","deg","92750","µV","20.242","°C","1013.000","hPa","36.5","pmil","0","55.690","deg","20.000","°C","100.000","%a.s.","22.400","deg","20.000","°C","962.000","hPa","0.861","-0.02617","0.00035","0","0","13.56","Humid","35.35","0","78.50","295733.76","SABD0002000014","AAV2.0.0.13","3.0.1.1413","PSt7-10","180509-002","6/18/2019 6:15:17 AM","0000-00","0","no battery","V"
"07/13/2019","06:59:00","9","default","116269760","OXY_CH9","52.039","min","317.661","μmol/L","Humid","18.102","deg","92744","µV","20.236","°C","1013.000","hPa","36.5","pmil","0","55.690","deg","20.000","°C","100.000","%a.s.","22.400","deg","20.000","°C","962.000","hPa","0.861","-0.02617","0.00035","0","0","13.56","Humid","35.35","0","78.50","295721.13","SABD0002000014","AAV2.0.0.13","3.0.1.1413","PSt7-10","180509-002","6/18/2019 6:15:17 AM","0000-00","0","no battery","V"
"07/13/2019","06:59:01","9","default","116269760","OXY_CH9","52.056","min","317.692","μmol/L","Humid","18.101","deg","92735","µV","20.236","°C","1013.000","hPa","36.5","pmil","0","55.690","deg","20.000","°C","100.000","%a.s.","22.400","deg","20.000","°C","962.000","hPa","0.861","-0.02617","0.00035","0","0","13.56","Humid","35.35","0","78.50","295719.42","SABD0002000014","AAV2.0.0.13","3.0.1.1413","PSt7-10","180509-002","6/18/2019 6:15:17 AM","0000-00","0","no battery","V"
"07/13/2019","06:59:02","9","default","116269760","OXY_CH9","52.072","min","317.723","μmol/L","Humid","18.100","deg","92727","µV","20.236","°C","1013.000","hPa","36.5","pmil","0","55.690","deg","20.000","°C","100.000","%a.s.","22.400","deg","20.000","°C","962.000","hPa","0.861","-0.02617","0.00035","0","0","13.56","Humid","35.35","0","78.50","295722.07","SABD0002000014","AAV2.0.0.13","3.0.1.1413","PSt7-10","180509-002","6/18/2019 6:15:17 AM","0000-00","0","no battery","V"
"07/13/2019","06:59:03","9","default","116269760","OXY_CH9","52.089","min","317.815","μmol/L","Humid","18.097","deg","92723","µV","20.236","°C","1013.000","hPa","36.5","pmil","0","55.690","deg","20.000","°C","100.000","%a.s.","22.400","deg","20.000","°C","962.000","hPa","0.861","-0.02617","0.00035","0","0","13.56","Humid","35.35","0","78.50","295728.08","SABD0002000014","AAV2.0.0.13","3.0.1.1413","PSt7-10","180509-002","6/18/2019 6:15:17 AM","0000-00","0","no battery","V"
"07/13/2019","06:59:04","9","default","116269760","OXY_CH9","52.105","min","317.728","μmol/L","Humid","18.098","deg","92711","µV","20.242","°C","1013.000","hPa","36.5","pmil","0","55.690","deg","20.000","°C","100.000","%a.s.","22.400","deg","20.000","°C","962.000","hPa","0.861","-0.02617","0.00035","0","0","13.56","Humid","35.35","0","78.50","295723.28","SABD0002000014","AAV2.0.0.13","3.0.1.1413","PSt7-10","180509-002","6/18/2019 6:15:17 AM","0000-00","0","no battery","V"
"07/13/2019","06:59:05","9","default","116269760","OXY_CH9","52.122","min","317.815","μmol/L","Humid","18.097","deg","92715","µV","20.236","°C","1013.000","hPa","36.5","pmil","0","55.690","deg","20.000","°C","100.000","%a.s.","22.400","deg","20.000","°C","962.000","hPa","0.861","-0.02617","0.00035","0","0","13.56","Humid","35.35","0","78.50","295734.00","SABD0002000014","AAV2.0.0.13","3.0.1.1413","PSt7-10","180509-002","6/18/2019 6:15:17 AM","0000-00","0","no battery","V"
"07/13/2019","06:59:06","9","default","116269760","OXY_CH9","52.139","min","317.845","μmol/L","Humid","18.096","deg","92706","µV","20.236","°C","1013.000","hPa","36.5","pmil","0","55.690","deg","20.000","°C","100.000","%a.s.","22.400","deg","20.000","°C","962.000","hPa","0.861","-0.02617","0.00035","0","0","13.56","Humid","35.35","0","78.50","295722.46","SABD0002000014","AAV2.0.0.13","3.0.1.1413","PSt7-10","180509-002","6/18/2019 6:15:17 AM","0000-00","0","no battery","V"
"07/13/2019","06:59:07","9","default","116269760","OXY_CH9","52.156","min","317.963","μmol/L","Humid","18.094","deg","92697","µV","20.230","°C","1013.000","hPa","36.5","pmil","0","55.690","deg","20.000","°C","100.000","%a.s.","22.400","deg","20.000","°C","962.000","hPa","0.861","-0.02617","0.00035","0","0","13.56","Humid","35.35","0","78.50","295719.90","SABD0002000014","AAV2.0.0.13","3.0.1.1413","PSt7-10","180509-002","6/18/2019 6:15:17 AM","0000-00","0","no battery","V"
"07/13/2019","06:59:08","9","default","116269760","OXY_CH9","52.172","min","318.091","μmol/L","Humid","18.088","deg","92689","µV","20.236","°C","1013.000","hPa","36.5","pmil","0","55.690","deg","20.000","°C","100.000","%a.s.","22.400","deg","20.000","°C","962.000","hPa","0.861","-0.02617","0.00035","0","0","13.56","Humid","35.35","0","78.50","295714.92","SABD0002000014","AAV2.0.0.13","3.0.1.1413","PSt7-10","180509-002","6/18/2019 6:15:17 AM","0000-00","0","no battery","V"
"07/13/2019","06:59:09","9","default","116269760","OXY_CH9","52.189","min","317.881","μmol/L","Humid","18.093","deg","92683","µV","20.242","°C","1013.000","hPa","36.5","pmil","0","55.690","deg","20.000","°C","100.000","%a.s.","22.400","deg","20.000","°C","962.000","hPa","0.861","-0.02617","0.00035","0","0","13.56","Humid","35.35","0","78.50","295725.30","SABD0002000014","AAV2.0.0.13","3.0.1.1413","PSt7-10","180509-002","6/18/2019 6:15:17 AM","0000-00","0","no battery","V"
"07/13/2019","06:59:10","9","default","116269760","OXY_CH9","52.206","min","317.912","μmol/L","Humid","18.092","deg","92672","µV","20.242","°C","1013.000","hPa","36.5","pmil","0","55.690","deg","20.000","°C","100.000","%a.s.","22.400","deg","20.000","°C","962.000","hPa","0.861","-0.02617","0.00035","0","0","13.56","Humid","35.35","0","78.50","295726.10","SABD0002000014","AAV2.0.0.13","3.0.1.1413","PSt7-10","180509-002","6/18/2019 6:15:17 AM","0000-00","0","no battery","V"
"07/13/2019","06:59:11","9","default","116269760","OXY_CH9","52.223","min","318.065","μmol/L","Humid","18.087","deg","92665","µV","20.242","°C","1013.000","hPa","36.5","pmil","0","55.690","deg","20.000","°C","100.000","%a.s.","22.400","deg","20.000","°C","962.000","hPa","0.861","-0.02617","0.00035","0","0","13.56","Humid","35.35","0","78.50","295733.78","SABD0002000014","AAV2.0.0.13","3.0.1.1413","PSt7-10","180509-002","6/18/2019 6:15:17 AM","0000-00","0","no battery","V"
"07/13/2019","06:59:12","9","default","116269760","OXY_CH9","52.239","min","318.060","μmol/L","Humid","18.089","deg","92664","µV","20.236","°C","1013.000","hPa","36.5","pmil","0","55.690","deg","20.000","°C","100.000","%a.s.","22.400","deg","20.000","°C","962.000","hPa","0.861","-0.02617","0.00035","0","0","13.56","Humid","35.35","0","78.50","295724.30","SABD0002000014","AAV2.0.0.13","3.0.1.1413","PSt7-10","180509-002","6/18/2019 6:15:17 AM","0000-00","0","no battery","V"
"07/13/2019","06:59:13","9","default","116269760","OXY_CH9","52.256","min","318.091","μmol/L","Humid","18.088","deg","92658","µV","20.236","°C","1013.000","hPa","36.5","pmil","0","55.690","deg","20.000","°C","100.000","%a.s.","22.400","deg","20.000","°C","962.000","hPa","0.861","-0.02617","0.00035","0","0","13.56","Humid","35.35","0","78.50","295720.77","SABD0002000014","AAV2.0.0.13","3.0.1.1413","PSt7-10","180509-002","6/18/2019 6:15:17 AM","0000-00","0","no battery","V"
"07/13/2019","06:59:14","9","default","116269760","OXY_CH9","52.273","min","318.152","μmol/L","Humid","18.086","deg","92643","µV","20.236","°C","1013.000","hPa","36.5","pmil","0","55.690","deg","20.000","°C","100.000","%a.s.","22.400","deg","20.000","°C","962.000","hPa","0.861","-0.02617","0.00035","0","0","13.56","Humid","35.35","0","78.50","295729.46","SABD0002000014","AAV2.0.0.13","3.0.1.1413","PSt7-10","180509-002","6/18/2019 6:15:17 AM","0000-00","0","no battery","V"
"07/13/2019","06:59:15","9","default","116269760","OXY_CH9","52.289","min","318.244","μmol/L","Humid","18.083","deg","92638","µV","20.236","°C","1013.000","hPa","36.5","pmil","0","55.690","deg","20.000","°C","100.000","%a.s.","22.400","deg","20.000","°C","962.000","hPa","0.861","-0.02617","0.00035","0","0","13.56","Humid","35.35","0","78.50","295723.49","SABD0002000014","AAV2.0.0.13","3.0.1.1413","PSt7-10","180509-002","6/18/2019 6:15:17 AM","0000-00","0","no battery","V"
"07/13/2019","06:59:16","9","default","116269760","OXY_CH9","52.306","min","318.275","μmol/L","Humid","18.082","deg","92632","µV","20.236","°C","1013.000","hPa","36.5","pmil","0","55.690","deg","20.000","°C","100.000","%a.s.","22.400","deg","20.000","°C","962.000","hPa","0.861","-0.02617","0.00035","0","0","13.56","Humid","35.35","0","78.50","295730.82","SABD0002000014","AAV2.0.0.13","3.0.1.1413","PSt7-10","180509-002","6/18/2019 6:15:17 AM","0000-00","0","no battery","V"
"07/13/2019","06:59:17","9","default","116269760","OXY_CH9","52.322","min","318.244","μmol/L","Humid","18.083","deg","92618","µV","20.236","°C","1013.000","hPa","36.5","pmil","0","55.690","deg","20.000","°C","100.000","%a.s.","22.400","deg","20.000","°C","962.000","hPa","0.861","-0.02617","0.00035","0","0","13.56","Humid","35.35","0","78.50","295726.30","SABD0002000014","AAV2.0.0.13","3.0.1.1413","PSt7-10","180509-002","6/18/2019 6:15:17 AM","0000-00","0","no battery","V"
"07/13/2019","06:59:18","9","default","116269760","OXY_CH9","52.339","min","318.213","μmol/L","Humid","18.084","deg","92622","µV","20.236","°C","1013.000","hPa","36.5","pmil","0","55.690","deg","20.000","°C","100.000","%a.s.","22.400","deg","20.000","°C","962.000","hPa","0.861","-0.02617","0.00035","0","0","13.56","Humid","35.35","0","78.50","295722.51","SABD0002000014","AAV2.0.0.13","3.0.1.1413","PSt7-10","180509-002","6/18/2019 6:15:17 AM","0000-00","0","no battery","V"
"07/13/2019","06:59:19","9","default","116269760","OXY_CH9","52.355","min","318.275","μmol/L","Humid","18.082","deg","92617","µV","20.236","°C","1013.000","hPa","36.5","pmil","0","55.690","deg","20.000","°C","100.000","%a.s.","22.400","deg","20.000","°C","962.000","hPa","0.861","-0.02617","0.00035","0","0","13.56","Humid","35.35","0","78.50","295720.48","SABD0002000014","AAV2.0.0.13","3.0.1.1413","PSt7-10","180509-002","6/18/2019 6:15:17 AM","0000-00","0","no battery","V"
"07/13/2019","06:59:20","9","default","116269760","OXY_CH9","52.372","min","318.367","μmol/L","Humid","18.079","deg","92608","µV","20.236","°C","1013.000","hPa","36.5","pmil","0","55.690","deg","20.000","°C","100.000","%a.s.","22.400","deg","20.000","°C","962.000","hPa","0.861","-0.02617","0.00035","0","0","13.56","Humid","35.35","0","78.50","295727.49","SABD0002000014","AAV2.0.0.13","3.0.1.1413","PSt7-10","180509-002","6/18/2019 6:15:17 AM","0000-00","0","no battery","V"
"07/13/2019","06:59:21","9","default","116269760","OXY_CH9","52.390","min","318.275","μmol/L","Humid","18.082","deg","92600","µV","20.236","°C","1013.000","hPa","36.5","pmil","0","55.690","deg","20.000","°C","100.000","%a.s.","22.400","deg","20.000","°C","962.000","hPa","0.861","-0.02617","0.00035","0","0","13.56","Humid","35.35","0","78.50","295725.57","SABD0002000014","AAV2.0.0.13","3.0.1.1413","PSt7-10","180509-002","6/18/2019 6:15:17 AM","0000-00","0","no battery","V"
"07/13/2019","06:59:22","9","default","116269760","OXY_CH9","52.405","min","318.305","μmol/L","Humid","18.081","deg","92591","µV","20.236","°C","1013.000","hPa","36.5","pmil","0","55.690","deg","20.000","°C","100.000","%a.s.","22.400","deg","20.000","°C","962.000","hPa","0.861","-0.02617","0.00035","0","0","13.56","Humid","35.35","0","78.50","295713.63","SABD0002000014","AAV2.0.0.13","3.0.1.1413","PSt7-10","180509-002","6/18/2019 6:15:17 AM","0000-00","0","no battery","V"
"07/13/2019","06:59:23","9","default","116269760","OXY_CH9","52.422","min","318.428","μmol/L","Humid","18.077","deg","92586","µV","20.236","°C","1013.000","hPa","36.5","pmil","0","55.690","deg","20.000","°C","100.000","%a.s.","22.400","deg","20.000","°C","962.000","hPa","0.861","-0.02617","0.00035","0","0","13.56","Humid","35.35","0","78.50","295710.13","SABD0002000014","AAV2.0.0.13","3.0.1.1413","PSt7-10","180509-002","6/18/2019 6:15:17 AM","0000-00","0","no battery","V"
"07/13/2019","06:59:24","9","default","116269760","OXY_CH9","52.439","min","318.398","μmol/L","Humid","18.078","deg","92582","µV","20.236","°C","1013.000","hPa","36.5","pmil","0","55.690","deg","20.000","°C","100.000","%a.s.","22.400","deg","20.000","°C","962.000","hPa","0.861","-0.02617","0.00035","0","0","13.56","Humid","35.35","0","78.50","295725.33","SABD0002000014","AAV2.0.0.13","3.0.1.1413","PSt7-10","180509-002","6/18/2019 6:15:17 AM","0000-00","0","no battery","V"
"07/13/2019","06:59:25","9","default","116269760","OXY_CH9","52.455","min","318.521","μmol/L","Humid","18.074","deg","92574","µV","20.236","°C","1013.000","hPa","36.5","pmil","0","55.690","deg","20.000","°C","100.000","%a.s.","22.400","deg","20.000","°C","962.000","hPa","0.861","-0.02617","0.00035","0","0","13.56","Humid","35.35","0","78.50","295731.21","SABD0002000014","AAV2.0.0.13","3.0.1.1413","PSt7-10","180509-002","6/18/2019 6:15:17 AM","0000-00","0","no battery","V"
"07/13/2019","06:59:26","9","default","116269760","OXY_CH9","52.472","min","318.551","μmol/L","Humid","18.073","deg","92570","µV","20.236","°C","1013.000","hPa","36.5","pmil","0","55.690","deg","20.000","°C","100.000","%a.s.","22.400","deg","20.000","°C","962.000","hPa","0.861","-0.02617","0.00035","0","0","13.56","Humid","35.35","0","78.50","295725.29","SABD0002000014","AAV2.0.0.13","3.0.1.1413","PSt7-10","180509-002","6/18/2019 6:15:17 AM","0000-00","0","no battery","V"
"07/13/2019","06:59:27","9","default","116269760","OXY_CH9","52.489","min","318.608","μmol/L","Humid","18.073","deg","92568","µV","20.230","°C","1013.000","hPa","36.5","pmil","0","55.690","deg","20.000","°C","100.000","%a.s.","22.400","deg","20.000","°C","962.000","hPa","0.861","-0.02617","0.00035","0","0","13.56","Humid","35.35","0","78.50","295727.30","SABD0002000014","AAV2.0.0.13","3.0.1.1413","PSt7-10","180509-002","6/18/2019 6:15:17 AM","0000-00","0","no battery","V"
"07/13/2019","06:59:28","9","default","116269760","OXY_CH9","52.505","min","318.674","μmol/L","Humid","18.069","deg","92552","µV","20.236","°C","1013.000","hPa","36.5","pmil","0","55.690","deg","20.000","°C","100.000","%a.s.","22.400","deg","20.000","°C","962.000","hPa","0.861","-0.02617","0.00035","0","0","13.56","Humid","35.35","0","78.50","295716.01","SABD0002000014","AAV2.0.0.13","3.0.1.1413","PSt7-10","180509-002","6/18/2019 6:15:17 AM","0000-00","0","no battery","V"
"07/13/2019","06:59:29","9","default","116269760","OXY_CH9","52.522","min","318.582","μmol/L","Humid","18.072","deg","92543","µV","20.236","°C","1013.000","hPa","36.5","pmil","0","55.690","deg","20.000","°C","100.000","%a.s.","22.400","deg","20.000","°C","962.000","hPa","0.861","-0.02617","0.00035","0","0","13.56","Humid","35.35","0","78.50","295724.31","SABD0002000014","AAV2.0.0.13","3.0.1.1413","PSt7-10","180509-002","6/18/2019 6:15:17 AM","0000-00","0","no battery","V"
"07/13/2019","06:59:30","9","default","116269760","OXY_CH9","52.539","min","318.551","μmol/L","Humid","18.073","deg","92536","µV","20.236","°C","1013.000","hPa","36.5","pmil","0","55.690","deg","20.000","°C","100.000","%a.s.","22.400","deg","20.000","°C","962.000","hPa","0.861","-0.02617","0.00035","0","0","13.56","Humid","35.35","0","78.50","295716.34","SABD0002000014","AAV2.0.0.13","3.0.1.1413","PSt7-10","180509-002","6/18/2019 6:15:17 AM","0000-00","0","no battery","V"
"07/13/2019","06:59:31","9","default","116269760","OXY_CH9","52.556","min","318.741","μmol/L","Humid","18.065","deg","92533","µV","20.242","°C","1013.000","hPa","36.5","pmil","0","55.690","deg","20.000","°C","100.000","%a.s.","22.400","deg","20.000","°C","962.000","hPa","0.861","-0.02617","0.00035","0","0","13.56","Humid","35.35","0","78.50","295724.84","SABD0002000014","AAV2.0.0.13","3.0.1.1413","PSt7-10","180509-002","6/18/2019 6:15:17 AM","0000-00","0","no battery","V"
"07/13/2019","06:59:32","9","default","116269760","OXY_CH9","52.573","min","318.859","μmol/L","Humid","18.063","deg","92532","µV","20.236","°C","1013.000","hPa","36.5","pmil","0","55.690","deg","20.000","°C","100.000","%a.s.","22.400","deg","20.000","°C","962.000","hPa","0.861","-0.02617","0.00035","0","0","13.56","Humid","35.35","0","78.50","295732.08","SABD0002000014","AAV2.0.0.13","3.0.1.1413","PSt7-10","180509-002","6/18/2019 6:15:17 AM","0000-00","0","no battery","V"
"07/13/2019","06:59:33","9","default","116269760","OXY_CH9","52.589","min","318.797","μmol/L","Humid","18.065","deg","92519","µV","20.236","°C","1013.000","hPa","36.5","pmil","0","55.690","deg","20.000","°C","100.000","%a.s.","22.400","deg","20.000","°C","962.000","hPa","0.861","-0.02617","0.00035","0","0","13.56","Humid","35.35","0","78.50","295727.59","SABD0002000014","AAV2.0.0.13","3.0.1.1413","PSt7-10","180509-002","6/18/2019 6:15:17 AM","0000-00","0","no battery","V"
"07/13/2019","06:59:34","9","default","116269760","OXY_CH9","52.606","min","319.008","μmol/L","Humid","18.060","deg","92519","µV","20.230","°C","1013.000","hPa","36.5","pmil","0","55.690","deg","20.000","°C","100.000","%a.s.","22.400","deg","20.000","°C","962.000","hPa","0.861","-0.02617","0.00035","0","0","13.56","Humid","35.35","0","78.50","295729.42","SABD0002000014","AAV2.0.0.13","3.0.1.1413","PSt7-10","180509-002","6/18/2019 6:15:17 AM","0000-00","0","no battery","V"
"07/13/2019","06:59:35","9","default","116269760","OXY_CH9","52.622","min","318.828","μmol/L","Humid","18.064","deg","92519","µV","20.236","°C","1013.000","hPa","36.5","pmil","0","55.690","deg","20.000","°C","100.000","%a.s.","22.400","deg","20.000","°C","962.000","hPa","0.861","-0.02617","0.00035","0","0","13.56","Humid","35.35","0","78.50","295720.01","SABD0002000014","AAV2.0.0.13","3.0.1.1413","PSt7-10","180509-002","6/18/2019 6:15:17 AM","0000-00","0","no battery","V"
"07/13/2019","06:59:36","9","default","116269760","OXY_CH9","52.639","min","318.921","μmol/L","Humid","18.061","deg","92505","µV","20.236","°C","1013.000","hPa","36.5","pmil","0","55.690","deg","20.000","°C","100.000","%a.s.","22.400","deg","20.000","°C","962.000","hPa","0.861","-0.02617","0.00035","0","0","13.56","Humid","35.35","0","78.50","295723.80","SABD0002000014","AAV2.0.0.13","3.0.1.1413","PSt7-10","180509-002","6/18/2019 6:15:17 AM","0000-00","0","no battery","V"
"07/13/2019","06:59:37","9","default","116269760","OXY_CH9","52.656","min","319.008","μmol/L","Humid","18.060","deg","92505","µV","20.230","°C","1013.000","hPa","36.5","pmil","0","55.690","deg","20.000","°C","100.000","%a.s.","22.400","deg","20.000","°C","962.000","hPa","0.861","-0.02617","0.00035","0","0","13.56","Humid","35.35","0","78.50","295731.68","SABD0002000014","AAV2.0.0.13","3.0.1.1413","PSt7-10","180509-002","6/18/2019 6:15:17 AM","0000-00","0","no battery","V"
"07/13/2019","06:59:38","9","default","116269760","OXY_CH9","52.673","min","318.957","μmol/L","Humid","18.058","deg","92490","µV","20.242","°C","1013.000","hPa","36.5","pmil","0","55.690","deg","20.000","°C","100.000","%a.s.","22.400","deg","20.000","°C","962.000","hPa","0.861","-0.02617","0.00035","0","0","13.56","Humid","35.35","0","78.50","295719.03","SABD0002000014","AAV2.0.0.13","3.0.1.1413","PSt7-10","180509-002","6/18/2019 6:15:17 AM","0000-00","0","no battery","V"
"07/13/2019","06:59:39","9","default","116269760","OXY_CH9","52.689","min","319.044","μmol/L","Humid","18.057","deg","92486","µV","20.236","°C","1013.000","hPa","36.5","pmil","0","55.690","deg","20.000","°C","100.000","%a.s.","22.400","deg","20.000","°C","962.000","hPa","0.861","-0.02617","0.00035","0","0","13.56","Humid","35.35","0","78.50","295727.75","SABD0002000014","AAV2.0.0.13","3.0.1.1413","PSt7-10","180509-002","6/18/2019 6:15:17 AM","0000-00","0","no battery","V"
"07/13/2019","06:59:40","9","default","116269760","OXY_CH9","52.706","min","319.075","μmol/L","Humid","18.056","deg","92482","µV","20.236","°C","1013.000","hPa","36.5","pmil","0","55.690","deg","20.000","°C","100.000","%a.s.","22.400","deg","20.000","°C","962.000","hPa","0.861","-0.02617","0.00035","0","0","13.56","Humid","35.35","0","78.50","295733.64","SABD0002000014","AAV2.0.0.13","3.0.1.1413","PSt7-10","180509-002","6/18/2019 6:15:17 AM","0000-00","0","no battery","V"
"07/13/2019","06:59:41","9","default","116269760","OXY_CH9","52.722","min","319.008","μmol/L","Humid","18.060","deg","92473","µV","20.230","°C","1013.000","hPa","36.5","pmil","0","55.690","deg","20.000","°C","100.000","%a.s.","22.400","deg","20.000","°C","962.000","hPa","0.861","-0.02617","0.00035","0","0","13.56","Humid","35.35","0","78.50","295734.61","SABD0002000014","AAV2.0.0.13","3.0.1.1413","PSt7-10","180509-002","6/18/2019 6:15:17 AM","0000-00","0","no battery","V"
"07/13/2019","06:59:42","9","default","116269760","OXY_CH9","52.739","min","318.982","μmol/L","Humid","18.059","deg","92469","µV","20.236","°C","1013.000","hPa","36.5","pmil","0","55.690","deg","20.000","°C","100.000","%a.s.","22.400","deg","20.000","°C","962.000","hPa","0.861","-0.02617","0.00035","0","0","13.56","Humid","35.35","0","78.50","295734.99","SABD0002000014","AAV2.0.0.13","3.0.1.1413","PSt7-10","180509-002","6/18/2019 6:15:17 AM","0000-00","0","no battery","V"
"07/13/2019","06:59:43","9","default","116269760","OXY_CH9","52.756","min","319.013","μmol/L","Humid","18.058","deg","92463","µV","20.236","°C","1013.000","hPa","36.5","pmil","0","55.690","deg","20.000","°C","100.000","%a.s.","22.400","deg","20.000","°C","962.000","hPa","0.861","-0.02617","0.00035","0","0","13.56","Humid","35.35","0","78.50","295736.74","SABD0002000014","AAV2.0.0.13","3.0.1.1413","PSt7-10","180509-002","6/18/2019 6:15:17 AM","0000-00","0","no battery","V"
"07/13/2019","06:59:44","9","default","116269760","OXY_CH9","52.772","min","319.167","μmol/L","Humid","18.053","deg","92449","µV","20.236","°C","1013.000","hPa","36.5","pmil","0","55.690","deg","20.000","°C","100.000","%a.s.","22.400","deg","20.000","°C","962.000","hPa","0.861","-0.02617","0.00035","0","0","13.56","Humid","35.35","0","78.50","295717.17","SABD0002000014","AAV2.0.0.13","3.0.1.1413","PSt7-10","180509-002","6/18/2019 6:15:17 AM","0000-00","0","no battery","V"
"07/13/2019","06:59:45","9","default","116269760","OXY_CH9","52.789","min","319.105","μmol/L","Humid","18.055","deg","92447","µV","20.236","°C","1013.000","hPa","36.5","pmil","0","55.690","deg","20.000","°C","100.000","%a.s.","22.400","deg","20.000","°C","962.000","hPa","0.861","-0.02617","0.00035","0","0","13.56","Humid","35.35","0","78.50","295715.70","SABD0002000014","AAV2.0.0.13","3.0.1.1413","PSt7-10","180509-002","6/18/2019 6:15:17 AM","0000-00","0","no battery","V"
"07/13/2019","06:59:46","9","default","116269760","OXY_CH9","52.805","min","319.018","μmol/L","Humid","18.056","deg","92432","µV","20.242","°C","1013.000","hPa","36.5","pmil","0","55.690","deg","20.000","°C","100.000","%a.s.","22.400","deg","20.000","°C","962.000","hPa","0.861","-0.02617","0.00035","0","0","13.56","Humid","35.35","0","78.50","295721.38","SABD0002000014","AAV2.0.0.13","3.0.1.1413","PSt7-10","180509-002","6/18/2019 6:15:17 AM","0000-00","0","no battery","V"
"07/13/2019","06:59:47","9","default","116269760","OXY_CH9","52.822","min","319.229","μmol/L","Humid","18.051","deg","92432","µV","20.236","°C","1013.000","hPa","36.5","pmil","0","55.690","deg","20.000","°C","100.000","%a.s.","22.400","deg","20.000","°C","962.000","hPa","0.861","-0.02617","0.00035","0","0","13.56","Humid","35.35","0","78.50","295713.53","SABD0002000014","AAV2.0.0.13","3.0.1.1413","PSt7-10","180509-002","6/18/2019 6:15:17 AM","0000-00","0","no battery","V"
"07/13/2019","06:59:48","9","default","116269760","OXY_CH9","52.839","min","319.198","μmol/L","Humid","18.052","deg","92426","µV","20.236","°C","1013.000","hPa","36.5","pmil","0","55.690","deg","20.000","°C","100.000","%a.s.","22.400","deg","20.000","°C","962.000","hPa","0.861","-0.02617","0.00035","0","0","13.56","Humid","35.35","0","78.50","295717.67","SABD0002000014","AAV2.0.0.13","3.0.1.1413","PSt7-10","180509-002","6/18/2019 6:15:17 AM","0000-00","0","no battery","V"
"07/13/2019","06:59:49","9","default","116269760","OXY_CH9","52.855","min","319.296","μmol/L","Humid","18.047","deg","92420","µV","20.242","°C","1013.000","hPa","36.5","pmil","0","55.690","deg","20.000","°C","100.000","%a.s.","22.400","deg","20.000","°C","962.000","hPa","0.861","-0.02617","0.00035","0","0","13.56","Humid","35.35","0","78.50","295704.73","SABD0002000014","AAV2.0.0.13","3.0.1.1413","PSt7-10","180509-002","6/18/2019 6:15:17 AM","0000-00","0","no battery","V"
"07/13/2019","06:59:50","9","default","116269760","OXY_CH9","52.872","min","319.357","μmol/L","Humid","18.045","deg","92418","µV","20.242","°C","1013.000","hPa","36.5","pmil","0","55.690","deg","20.000","°C","100.000","%a.s.","22.400","deg","20.000","°C","962.000","hPa","0.861","-0.02617","0.00035","0","0","13.56","Humid","35.35","0","78.50","295729.17","SABD0002000014","AAV2.0.0.13","3.0.1.1413","PSt7-10","180509-002","6/18/2019 6:15:17 AM","0000-00","0","no battery","V"
"07/13/2019","06:59:51","9","default","116269760","OXY_CH9","52.889","min","319.388","μmol/L","Humid","18.044","deg","92402","µV","20.242","°C","1013.000","hPa","36.5","pmil","0","55.690","deg","20.000","°C","100.000","%a.s.","22.400","deg","20.000","°C","962.000","hPa","0.861","-0.02617","0.00035","0","0","13.56","Humid","35.35","0","78.50","295715.53","SABD0002000014","AAV2.0.0.13","3.0.1.1413","PSt7-10","180509-002","6/18/2019 6:15:17 AM","0000-00","0","no battery","V"
"07/13/2019","06:59:52","9","default","116269760","OXY_CH9","52.905","min","319.383","μmol/L","Humid","18.046","deg","92398","µV","20.236","°C","1013.000","hPa","36.5","pmil","0","55.690","deg","20.000","°C","100.000","%a.s.","22.400","deg","20.000","°C","962.000","hPa","0.861","-0.02617","0.00035","0","0","13.56","Humid","35.35","0","78.50","295709.22","SABD0002000014","AAV2.0.0.13","3.0.1.1413","PSt7-10","180509-002","6/18/2019 6:15:17 AM","0000-00","0","no battery","V"
"07/13/2019","06:59:53","9","default","116269760","OXY_CH9","52.922","min","319.408","μmol/L","Humid","18.047","deg","92390","µV","20.230","°C","1013.000","hPa","36.5","pmil","0","55.690","deg","20.000","°C","100.000","%a.s.","22.400","deg","20.000","°C","962.000","hPa","0.861","-0.02617","0.00035","0","0","13.56","Humid","35.35","0","78.50","295722.10","SABD0002000014","AAV2.0.0.13","3.0.1.1413","PSt7-10","180509-002","6/18/2019 6:15:17 AM","0000-00","0","no battery","V"
"07/13/2019","06:59:54","9","default","116269760","OXY_CH9","52.939","min","319.414","μmol/L","Humid","18.045","deg","92384","µV","20.236","°C","1013.000","hPa","36.5","pmil","0","55.690","deg","20.000","°C","100.000","%a.s.","22.400","deg","20.000","°C","962.000","hPa","0.861","-0.02617","0.00035","0","0","13.56","Humid","35.35","0","78.50","295720.64","SABD0002000014","AAV2.0.0.13","3.0.1.1413","PSt7-10","180509-002","6/18/2019 6:15:17 AM","0000-00","0","no battery","V"
"07/13/2019","06:59:55","9","default","116269760","OXY_CH9","52.956","min","319.506","μmol/L","Humid","18.042","deg","92379","µV","20.236","°C","1013.000","hPa","36.5","pmil","0","55.690","deg","20.000","°C","100.000","%a.s.","22.400","deg","20.000","°C","962.000","hPa","0.861","-0.02617","0.00035","0","0","13.56","Humid","35.35","0","78.50","295723.04","SABD0002000014","AAV2.0.0.13","3.0.1.1413","PSt7-10","180509-002","6/18/2019 6:15:17 AM","0000-00","0","no battery","V"
"07/13/2019","06:59:56","9","default","116269760","OXY_CH9","52.972","min","319.537","μmol/L","Humid","18.041","deg","92368","µV","20.236","°C","1013.000","hPa","36.5","pmil","0","55.690","deg","20.000","°C","100.000","%a.s.","22.400","deg","20.000","°C","962.000","hPa","0.861","-0.02617","0.00035","0","0","13.56","Humid","35.35","0","78.50","295712.56","SABD0002000014","AAV2.0.0.13","3.0.1.1413","PSt7-10","180509-002","6/18/2019 6:15:17 AM","0000-00","0","no battery","V"
"07/13/2019","06:59:57","9","default","116269760","OXY_CH9","52.989","min","319.594","μmol/L","Humid","18.041","deg","92363","µV","20.230","°C","1013.000","hPa","36.5","pmil","0","55.690","deg","20.000","°C","100.000","%a.s.","22.400","deg","20.000","°C","962.000","hPa","0.861","-0.02617","0.00035","0","0","13.56","Humid","35.35","0","78.50","295717.27","SABD0002000014","AAV2.0.0.13","3.0.1.1413","PSt7-10","180509-002","6/18/2019 6:15:17 AM","0000-00","0","no battery","V"
"07/13/2019","06:59:58","9","default","116269760","OXY_CH9","53.006","min","319.692","μmol/L","Humid","18.036","deg","92352","µV","20.236","°C","1013.000","hPa","36.5","pmil","0","55.690","deg","20.000","°C","100.000","%a.s.","22.400","deg","20.000","°C","962.000","hPa","0.861","-0.02617","0.00035","0","0","13.56","Humid","35.35","0","78.50","295721.36","SABD0002000014","AAV2.0.0.13","3.0.1.1413","PSt7-10","180509-002","6/18/2019 6:15:17 AM","0000-00","0","no battery","V"
"07/13/2019","06:59:59","9","default","116269760","OXY_CH9","53.022","min","319.692","μmol/L","Humid","18.036","deg","92342","µV","20.236","°C","1013.000","hPa","36.5","pmil","0","55.690","deg","20.000","°C","100.000","%a.s.","22.400","deg","20.000","°C","962.000","hPa","0.861","-0.02617","0.00035","0","0","13.56","Humid","35.35","0","78.50","295712.42","SABD0002000014","AAV2.0.0.13","3.0.1.1413","PSt7-10","180509-002","6/18/2019 6:15:17 AM","0000-00","0","no battery","V"
"07/13/2019","07:00:00","9","default","116269760","OXY_CH9","53.039","min","319.784","μmol/L","Humid","18.033","deg","92331","µV","20.236","°C","1013.000","hPa","36.5","pmil","0","55.690","deg","20.000","°C","100.000","%a.s.","22.400","deg","20.000","°C","962.000","hPa","0.861","-0.02617","0.00035","0","0","13.56","Humid","35.35","0","78.50","295712.22","SABD0002000014","AAV2.0.0.13","3.0.1.1413","PSt7-10","180509-002","6/18/2019 6:15:17 AM","0000-00","0","no battery","V"
"07/13/2019","07:00:01","9","default","116269760","OXY_CH9","53.055","min","319.753","μmol/L","Humid","18.034","deg","92332","µV","20.236","°C","1013.000","hPa","36.5","pmil","0","55.690","deg","20.000","°C","100.000","%a.s.","22.400","deg","20.000","°C","962.000","hPa","0.861","-0.02617","0.00035","0","0","13.56","Humid","35.35","0","78.50","295710.20","SABD0002000014","AAV2.0.0.13","3.0.1.1413","PSt7-10","180509-002","6/18/2019 6:15:17 AM","0000-00","0","no battery","V"
"07/13/2019","07:00:02","9","default","116269760","OXY_CH9","53.072","min","319.666","μmol/L","Humid","18.035","deg","92321","µV","20.242","°C","1013.000","hPa","36.5","pmil","0","55.690","deg","20.000","°C","100.000","%a.s.","22.400","deg","20.000","°C","962.000","hPa","0.861","-0.02617","0.00035","0","0","13.56","Humid","35.35","0","78.50","295708.61","SABD0002000014","AAV2.0.0.13","3.0.1.1413","PSt7-10","180509-002","6/18/2019 6:15:17 AM","0000-00","0","no battery","V"
"07/13/2019","07:00:03","9","default","116269760","OXY_CH9","53.089","min","319.635","μmol/L","Humid","18.036","deg","92311","µV","20.242","°C","1013.000","hPa","36.5","pmil","0","55.690","deg","20.000","°C","100.000","%a.s.","22.400","deg","20.000","°C","962.000","hPa","0.861","-0.02617","0.00035","0","0","13.56","Humid","35.35","0","78.50","295710.93","SABD0002000014","AAV2.0.0.13","3.0.1.1413","PSt7-10","180509-002","6/18/2019 6:15:17 AM","0000-00","0","no battery","V"
"07/13/2019","07:00:04","9","default","116269760","OXY_CH9","53.106","min","319.913","μmol/L","Humid","18.027","deg","92308","µV","20.242","°C","1013.000","hPa","36.5","pmil","0","55.690","deg","20.000","°C","100.000","%a.s.","22.400","deg","20.000","°C","962.000","hPa","0.861","-0.02617","0.00035","0","0","13.56","Humid","35.35","0","78.50","295709.34","SABD0002000014","AAV2.0.0.13","3.0.1.1413","PSt7-10","180509-002","6/18/2019 6:15:17 AM","0000-00","0","no battery","V"
"07/13/2019","07:00:05","9","default","116269760","OXY_CH9","53.122","min","319.851","μmol/L","Humid","18.029","deg","92298","µV","20.242","°C","1013.000","hPa","36.5","pmil","0","55.690","deg","20.000","°C","100.000","%a.s.","22.400","deg","20.000","°C","962.000","hPa","0.861","-0.02617","0.00035","0","0","13.56","Humid","35.35","0","78.50","295705.21","SABD0002000014","AAV2.0.0.13","3.0.1.1413","PSt7-10","180509-002","6/18/2019 6:15:17 AM","0000-00","0","no battery","V"
"07/13/2019","07:00:06","9","default","116269760","OXY_CH9","53.139","min","320.057","μmol/L","Humid","18.026","deg","92291","µV","20.230","°C","1013.000","hPa","36.5","pmil","0","55.690","deg","20.000","°C","100.000","%a.s.","22.400","deg","20.000","°C","962.000","hPa","0.861","-0.02617","0.00035","0","0","13.56","Humid","35.35","0","78.50","295705.90","SABD0002000014","AAV2.0.0.13","3.0.1.1413","PSt7-10","180509-002","6/18/2019 6:15:17 AM","0000-00","0","no battery","V"
"07/13/2019","07:00:07","9","default","116269760","OXY_CH9","53.155","min","319.975","μmol/L","Humid","18.025","deg","92284","µV","20.242","°C","1013.000","hPa","36.5","pmil","0","55.690","deg","20.000","°C","100.000","%a.s.","22.400","deg","20.000","°C","962.000","hPa","0.861","-0.02617","0.00035","0","0","13.56","Humid","35.35","0","78.50","295696.61","SABD0002000014","AAV2.0.0.13","3.0.1.1413","PSt7-10","180509-002","6/18/2019 6:15:17 AM","0000-00","0","no battery","V"
"07/13/2019","07:00:08","9","default","116269760","OXY_CH9","53.172","min","319.939","μmol/L","Humid","18.028","deg","92282","µV","20.236","°C","1013.000","hPa","36.5","pmil","0","55.690","deg","20.000","°C","100.000","%a.s.","22.400","deg","20.000","°C","962.000","hPa","0.861","-0.02617","0.00035","0","0","13.56","Humid","35.35","0","78.50","295707.09","SABD0002000014","AAV2.0.0.13","3.0.1.1413","PSt7-10","180509-002","6/18/2019 6:15:17 AM","0000-00","0","no battery","V"
"07/13/2019","07:00:09","9","default","116269760","OXY_CH9","53.189","min","320.001","μmol/L","Humid","18.026","deg","92272","µV","20.236","°C","1013.000","hPa","36.5","pmil","0","55.690","deg","20.000","°C","100.000","%a.s.","22.400","deg","20.000","°C","962.000","hPa","0.861","-0.02617","0.00035","0","0","13.56","Humid","35.35","0","78.50","295717.33","SABD0002000014","AAV2.0.0.13","3.0.1.1413","PSt7-10","180509-002","6/18/2019 6:15:17 AM","0000-00","0","no battery","V"
"07/13/2019","07:00:10","9","default","116269760","OXY_CH9","53.205","min","320.155","μmol/L","Humid","18.021","deg","92257","µV","20.236","°C","1013.000","hPa","36.5","pmil","0","55.690","deg","20.000","°C","100.000","%a.s.","22.400","deg","20.000","°C","962.000","hPa","0.861","-0.02617","0.00035","0","0","13.56","Humid","35.35","0","78.50","295702.19","SABD0002000014","AAV2.0.0.13","3.0.1.1413","PSt7-10","180509-002","6/18/2019 6:15:17 AM","0000-00","0","no battery","V"
"07/13/2019","07:00:11","9","default","116269760","OXY_CH9","53.222","min","320.001","μmol/L","Humid","18.026","deg","92252","µV","20.236","°C","1013.000","hPa","36.5","pmil","0","55.690","deg","20.000","°C","100.000","%a.s.","22.400","deg","20.000","°C","962.000","hPa","0.861","-0.02617","0.00035","0","0","13.56","Humid","35.35","0","78.50","295699.69","SABD0002000014","AAV2.0.0.13","3.0.1.1413","PSt7-10","180509-002","6/18/2019 6:15:17 AM","0000-00","0","no battery","V"
"07/13/2019","07:00:12","9","default","116269760","OXY_CH9","53.239","min","320.099","μmol/L","Humid","18.021","deg","92244","µV","20.242","°C","1013.000","hPa","36.5","pmil","0","55.690","deg","20.000","°C","100.000","%a.s.","22.400","deg","20.000","°C","962.000","hPa","0.861","-0.02617","0.00035","0","0","13.56","Humid","35.35","0","78.50","295707.96","SABD0002000014","AAV2.0.0.13","3.0.1.1413","PSt7-10","180509-002","6/18/2019 6:15:17 AM","0000-00","0","no battery","V"
"07/13/2019","07:00:13","9","default","116269760","OXY_CH9","53.255","min","320.248","μmol/L","Humid","18.018","deg","92230","µV","20.236","°C","1013.000","hPa","36.5","pmil","0","55.690","deg","20.000","°C","100.000","%a.s.","22.400","deg","20.000","°C","962.000","hPa","0.861","-0.02617","0.00035","0","0","13.56","Humid","35.35","0","78.50","295704.30","SABD0002000014","AAV2.0.0.13","3.0.1.1413","PSt7-10","180509-002","6/18/2019 6:15:17 AM","0000-00","0","no battery","V"
"07/13/2019","07:00:14","9","default","116269760","OXY_CH9","53.272","min","320.248","μmol/L","Humid","18.018","deg","92234","µV","20.236","°C","1013.000","hPa","36.5","pmil","0","55.690","deg","20.000","°C","100.000","%a.s.","22.400","deg","20.000","°C","962.000","hPa","0.861","-0.02617","0.00035","0","0","13.56","Humid","35.35","0","78.50","295711.49","SABD0002000014","AAV2.0.0.13","3.0.1.1413","PSt7-10","180509-002","6/18/2019 6:15:17 AM","0000-00","0","no battery","V"
"07/13/2019","07:00:15","9","default","116269760","OXY_CH9","53.289","min","320.372","μmol/L","Humid","18.014","deg","92230","µV","20.236","°C","1013.000","hPa","36.5","pmil","0","55.690","deg","20.000","°C","100.000","%a.s.","22.400","deg","20.000","°C","962.000","hPa","0.861","-0.02617","0.00035","0","0","13.56","Humid","35.35","0","78.50","295707.59","SABD0002000014","AAV2.0.0.13","3.0.1.1413","PSt7-10","180509-002","6/18/2019 6:15:17 AM","0000-00","0","no battery","V"
"07/13/2019","07:00:16","9","default","116269760","OXY_CH9","53.306","min","320.243","μmol/L","Humid","18.020","deg","92227","µV","20.230","°C","1013.000","hPa","36.5","pmil","0","55.690","deg","20.000","°C","100.000","%a.s.","22.400","deg","20.000","°C","962.000","hPa","0.861","-0.02617","0.00035","0","0","13.56","Humid","35.35","0","78.50","295714.16","SABD0002000014","AAV2.0.0.13","3.0.1.1413","PSt7-10","180509-002","6/18/2019 6:15:17 AM","0000-00","0","no battery","V"
"07/13/2019","07:00:17","9","default","116269760","OXY_CH9","53.322","min","320.279","μmol/L","Humid","18.017","deg","92215","µV","20.236","°C","1013.000","hPa","36.5","pmil","0","55.690","deg","20.000","°C","100.000","%a.s.","22.400","deg","20.000","°C","962.000","hPa","0.861","-0.02617","0.00035","0","0","13.56","Humid","35.35","0","78.50","295715.29","SABD0002000014","AAV2.0.0.13","3.0.1.1413","PSt7-10","180509-002","6/18/2019 6:15:17 AM","0000-00","0","no battery","V"
"07/13/2019","07:00:18","9","default","116269760","OXY_CH9","53.339","min","320.378","μmol/L","Humid","18.012","deg","92210","µV","20.242","°C","1013.000","hPa","36.5","pmil","0","55.690","deg","20.000","°C","100.000","%a.s.","22.400","deg","20.000","°C","962.000","hPa","0.861","-0.02617","0.00035","0","0","13.56","Humid","35.35","0","78.50","295727.83","SABD0002000014","AAV2.0.0.13","3.0.1.1413","PSt7-10","180509-002","6/18/2019 6:15:17 AM","0000-00","0","no battery","V"
"07/13/2019","07:00:19","9","default","116269760","OXY_CH9","53.356","min","320.409","μmol/L","Humid","18.011","deg","92199","µV","20.242","°C","1013.000","hPa","36.5","pmil","0","55.690","deg","20.000","°C","100.000","%a.s.","22.400","deg","20.000","°C","962.000","hPa","0.861","-0.02617","0.00035","0","0","13.56","Humid","35.35","0","78.50","295718.72","SABD0002000014","AAV2.0.0.13","3.0.1.1413","PSt7-10","180509-002","6/18/2019 6:15:17 AM","0000-00","0","no battery","V"
"07/13/2019","07:00:20","9","default","116269760","OXY_CH9","53.373","min","320.434","μmol/L","Humid","18.012","deg","92196","µV","20.236","°C","1013.000","hPa","36.5","pmil","0","55.690","deg","20.000","°C","100.000","%a.s.","22.400","deg","20.000","°C","962.000","hPa","0.861","-0.02617","0.00035","0","0","13.56","Humid","35.35","0","78.50","295721.72","SABD0002000014","AAV2.0.0.13","3.0.1.1413","PSt7-10","180509-002","6/18/2019 6:15:17 AM","0000-00","0","no battery","V"
"07/13/2019","07:00:21","9","default","116269760","OXY_CH9","53.389","min","320.347","μmol/L","Humid","18.013","deg","92183","µV","20.242","°C","1013.000","hPa","36.5","pmil","0","55.690","deg","20.000","°C","100.000","%a.s.","22.400","deg","20.000","°C","962.000","hPa","0.861","-0.02617","0.00035","0","0","13.56","Humid","35.35","0","78.50","295710.37","SABD0002000014","AAV2.0.0.13","3.0.1.1413","PSt7-10","180509-002","6/18/2019 6:15:17 AM","0000-00","0","no battery","V"
"07/13/2019","07:00:22","9","default","116269760","OXY_CH9","53.406","min","320.533","μmol/L","Humid","18.007","deg","92180","µV","20.242","°C","1013.000","hPa","36.5","pmil","0","55.690","deg","20.000","°C","100.000","%a.s.","22.400","deg","20.000","°C","962.000","hPa","0.861","-0.02617","0.00035","0","0","13.56","Humid","35.35","0","78.50","295718.39","SABD0002000014","AAV2.0.0.13","3.0.1.1413","PSt7-10","180509-002","6/18/2019 6:15:17 AM","0000-00","0","no battery","V"
"07/13/2019","07:00:23","9","default","116269760","OXY_CH9","53.423","min","320.620","μmol/L","Humid","18.006","deg","92179","µV","20.236","°C","1013.000","hPa","36.5","pmil","0","55.690","deg","20.000","°C","100.000","%a.s.","22.400","deg","20.000","°C","962.000","hPa","0.861","-0.02617","0.00035","0","0","13.56","Humid","35.35","0","78.50","295713.71","SABD0002000014","AAV2.0.0.13","3.0.1.1413","PSt7-10","180509-002","6/18/2019 6:15:17 AM","0000-00","0","no battery","V"
"07/13/2019","07:00:24","9","default","116269760","OXY_CH9","53.439","min","320.434","μmol/L","Humid","18.012","deg","92169","µV","20.236","°C","1013.000","hPa","36.5","pmil","0","55.690","deg","20.000","°C","100.000","%a.s.","22.400","deg","20.000","°C","962.000","hPa","0.861","-0.02617","0.00035","0","0","13.56","Humid","35.35","0","78.50","295716.53","SABD0002000014","AAV2.0.0.13","3.0.1.1413","PSt7-10","180509-002","6/18/2019 6:15:17 AM","0000-00","0","no battery","V"
"07/13/2019","07:00:25","9","default","116269760","OXY_CH9","53.456","min","320.527","μmol/L","Humid","18.009","deg","92158","µV","20.236","°C","1013.000","hPa","36.5","pmil","0","55.690","deg","20.000","°C","100.000","%a.s.","22.400","deg","20.000","°C","962.000","hPa","0.861","-0.02617","0.00035","0","0","13.56","Humid","35.35","0","78.50","295719.28","SABD0002000014","AAV2.0.0.13","3.0.1.1413","PSt7-10","180509-002","6/18/2019 6:15:17 AM","0000-00","0","no battery","V"
"07/13/2019","07:00:26","9","default","116269760","OXY_CH9","53.472","min","320.620","μmol/L","Humid","18.006","deg","92152","µV","20.236","°C","1013.000","hPa","36.5","pmil","0","55.690","deg","20.000","°C","100.000","%a.s.","22.400","deg","20.000","°C","962.000","hPa","0.861","-0.02617","0.00035","0","0","13.56","Humid","35.35","0","78.50","295714.83","SABD0002000014","AAV2.0.0.13","3.0.1.1413","PSt7-10","180509-002","6/18/2019 6:15:17 AM","0000-00","0","no battery","V"
"07/13/2019","07:00:27","9","default","116269760","OXY_CH9","53.489","min","320.589","μmol/L","Humid","18.007","deg","92145","µV","20.236","°C","1013.000","hPa","36.5","pmil","0","55.690","deg","20.000","°C","100.000","%a.s.","22.400","deg","20.000","°C","962.000","hPa","0.861","-0.02617","0.00035","0","0","13.56","Humid","35.35","0","78.50","295710.41","SABD0002000014","AAV2.0.0.13","3.0.1.1413","PSt7-10","180509-002","6/18/2019 6:15:17 AM","0000-00","0","no battery","V"
"07/13/2019","07:00:28","9","default","116269760","OXY_CH9","53.506","min","320.775","μmol/L","Humid","18.001","deg","92135","µV","20.236","°C","1013.000","hPa","36.5","pmil","0","55.690","deg","20.000","°C","100.000","%a.s.","22.400","deg","20.000","°C","962.000","hPa","0.861","-0.02617","0.00035","0","0","13.56","Humid","35.35","0","78.50","295709.35","SABD0002000014","AAV2.0.0.13","3.0.1.1413","PSt7-10","180509-002","6/18/2019 6:15:17 AM","0000-00","0","no battery","V"
"07/13/2019","07:00:29","9","default","116269760","OXY_CH9","53.522","min","320.595","μmol/L","Humid","18.005","deg","92136","µV","20.242","°C","1013.000","hPa","36.5","pmil","0","55.690","deg","20.000","°C","100.000","%a.s.","22.400","deg","20.000","°C","962.000","hPa","0.861","-0.02617","0.00035","0","0","13.56","Humid","35.35","0","78.50","295707.76","SABD0002000014","AAV2.0.0.13","3.0.1.1413","PSt7-10","180509-002","6/18/2019 6:15:17 AM","0000-00","0","no battery","V"
"07/13/2019","07:00:30","9","default","116269760","OXY_CH9","53.538","min","320.657","μmol/L","Humid","18.003","deg","92129","µV","20.242","°C","1013.000","hPa","36.5","pmil","0","55.690","deg","20.000","°C","100.000","%a.s.","22.400","deg","20.000","°C","962.000","hPa","0.861","-0.02617","0.00035","0","0","13.56","Humid","35.35","0","78.50","295702.54","SABD0002000014","AAV2.0.0.13","3.0.1.1413","PSt7-10","180509-002","6/18/2019 6:15:17 AM","0000-00","0","no battery","V"
"07/13/2019","07:00:31","9","default","116269760","OXY_CH9","53.555","min","320.962","μmol/L","Humid","17.995","deg","92116","µV","20.236","°C","1013.000","hPa","36.5","pmil","0","55.690","deg","20.000","°C","100.000","%a.s.","22.400","deg","20.000","°C","962.000","hPa","0.861","-0.02617","0.00035","0","0","13.56","Humid","35.35","0","78.50","295717.61","SABD0002000014","AAV2.0.0.13","3.0.1.1413","PSt7-10","180509-002","6/18/2019 6:15:17 AM","0000-00","0","no battery","V"
"07/13/2019","07:00:32","9","default","116269760","OXY_CH9","53.572","min","320.837","μmol/L","Humid","17.999","deg","92103","µV","20.236","°C","1013.000","hPa","36.5","pmil","0","55.690","deg","20.000","°C","100.000","%a.s.","22.400","deg","20.000","°C","962.000","hPa","0.861","-0.02617","0.00035","0","0","13.56","Humid","35.35","0","78.50","295710.58","SABD0002000014","AAV2.0.0.13","3.0.1.1413","PSt7-10","180509-002","6/18/2019 6:15:17 AM","0000-00","0","no battery","V"
"07/13/2019","07:00:33","9","default","116269760","OXY_CH9","53.589","min","320.812","μmol/L","Humid","17.998","deg","92114","µV","20.242","°C","1013.000","hPa","36.5","pmil","0","55.690","deg","20.000","°C","100.000","%a.s.","22.400","deg","20.000","°C","962.000","hPa","0.861","-0.02617","0.00035","0","0","13.56","Humid","35.35","0","78.50","295721.64","SABD0002000014","AAV2.0.0.13","3.0.1.1413","PSt7-10","180509-002","6/18/2019 6:15:17 AM","0000-00","0","no battery","V"
"07/13/2019","07:00:34","9","default","116269760","OXY_CH9","53.605","min","320.868","μmol/L","Humid","17.998","deg","92103","µV","20.236","°C","1013.000","hPa","36.5","pmil","0","55.690","deg","20.000","°C","100.000","%a.s.","22.400","deg","20.000","°C","962.000","hPa","0.861","-0.02617","0.00035","0","0","13.56","Humid","35.35","0","78.50","295730.24","SABD0002000014","AAV2.0.0.13","3.0.1.1413","PSt7-10","180509-002","6/18/2019 6:15:17 AM","0000-00","0","no battery","V"
"07/13/2019","07:00:35","9","default","116269760","OXY_CH9","53.622","min","320.719","μmol/L","Humid","18.001","deg","92085","µV","20.242","°C","1013.000","hPa","36.5","pmil","0","55.690","deg","20.000","°C","100.000","%a.s.","22.400","deg","20.000","°C","962.000","hPa","0.861","-0.02617","0.00035","0","0","13.56","Humid","35.35","0","78.50","295705.13","SABD0002000014","AAV2.0.0.13","3.0.1.1413","PSt7-10","180509-002","6/18/2019 6:15:17 AM","0000-00","0","no battery","V"
"07/13/2019","07:00:36","9","default","116269760","OXY_CH9","53.639","min","320.998","μmol/L","Humid","17.992","deg","92099","µV","20.242","°C","1013.000","hPa","36.5","pmil","0","55.690","deg","20.000","°C","100.000","%a.s.","22.400","deg","20.000","°C","962.000","hPa","0.861","-0.02617","0.00035","0","0","13.56","Humid","35.35","0","78.50","295720.98","SABD0002000014","AAV2.0.0.13","3.0.1.1413","PSt7-10","180509-002","6/18/2019 6:15:17 AM","0000-00","0","no battery","V"
"07/13/2019","07:00:37","9","default","116269760","OXY_CH9","53.656","min","320.868","μmol/L","Humid","17.998","deg","92096","µV","20.236","°C","1013.000","hPa","36.5","pmil","0","55.690","deg","20.000","°C","100.000","%a.s.","22.400","deg","20.000","°C","962.000","hPa","0.861","-0.02617","0.00035","0","0","13.56","Humid","35.35","0","78.50","295718.48","SABD0002000014","AAV2.0.0.13","3.0.1.1413","PSt7-10","180509-002","6/18/2019 6:15:17 AM","0000-00","0","no battery","V"
"07/13/2019","07:00:38","9","default","116269760","OXY_CH9","53.672","min","321.018","μmol/L","Humid","17.995","deg","92096","µV","20.230","°C","1013.000","hPa","36.5","pmil","0","55.690","deg","20.000","°C","100.000","%a.s.","22.400","deg","20.000","°C","962.000","hPa","0.861","-0.02617","0.00035","0","0","13.56","Humid","35.35","0","78.50","295699.14","SABD0002000014","AAV2.0.0.13","3.0.1.1413","PSt7-10","180509-002","6/18/2019 6:15:17 AM","0000-00","0","no battery","V"
"07/13/2019","07:00:39","9","default","116269760","OXY_CH9","53.689","min","320.967","μmol/L","Humid","17.993","deg","92064","µV","20.242","°C","1013.000","hPa","36.5","pmil","0","55.690","deg","20.000","°C","100.000","%a.s.","22.400","deg","20.000","°C","962.000","hPa","0.861","-0.02617","0.00035","0","0","13.56","Humid","35.35","0","78.50","295722.32","SABD0002000014","AAV2.0.0.13","3.0.1.1413","PSt7-10","180509-002","6/18/2019 6:15:17 AM","0000-00","0","no battery","V"
"07/13/2019","07:00:40","9","default","116269760","OXY_CH9","53.706","min","321.210","μmol/L","Humid","17.987","deg","92070","µV","20.236","°C","1013.000","hPa","36.5","pmil","0","55.690","deg","20.000","°C","100.000","%a.s.","22.400","deg","20.000","°C","962.000","hPa","0.861","-0.02617","0.00035","0","0","13.56","Humid","35.35","0","78.50","295709.51","SABD0002000014","AAV2.0.0.13","3.0.1.1413","PSt7-10","180509-002","6/18/2019 6:15:17 AM","0000-00","0","no battery","V"
"07/13/2019","07:00:41","9","default","116269760","OXY_CH9","53.722","min","321.080","μmol/L","Humid","17.993","deg","92048","µV","20.230","°C","1013.000","hPa","36.5","pmil","0","55.690","deg","20.000","°C","100.000","%a.s.","22.400","deg","20.000","°C","962.000","hPa","0.861","-0.02617","0.00035","0","0","13.56","Humid","35.35","0","78.50","295715.87","SABD0002000014","AAV2.0.0.13","3.0.1.1413","PSt7-10","180509-002","6/18/2019 6:15:17 AM","0000-00","0","no battery","V"
"07/13/2019","07:00:42","9","default","116269760","OXY_CH9","53.739","min","321.179","μmol/L","Humid","17.988","deg","92046","µV","20.236","°C","1013.000","hPa","36.5","pmil","0","55.690","deg","20.000","°C","100.000","%a.s.","22.400","deg","20.000","°C","962.000","hPa","0.861","-0.02617","0.00035","0","0","13.56","Humid","35.35","0","78.50","295713.15","SABD0002000014","AAV2.0.0.13","3.0.1.1413","PSt7-10","180509-002","6/18/2019 6:15:17 AM","0000-00","0","no battery","V"
"07/13/2019","07:00:43","9","default","116269760","OXY_CH9","53.756","min","321.148","μmol/L","Humid","17.989","deg","92030","µV","20.236","°C","1013.000","hPa","36.5","pmil","0","55.690","deg","20.000","°C","100.000","%a.s.","22.400","deg","20.000","°C","962.000","hPa","0.861","-0.02617","0.00035","0","0","13.56","Humid","35.35","0","78.50","295717.74","SABD0002000014","AAV2.0.0.13","3.0.1.1413","PSt7-10","180509-002","6/18/2019 6:15:17 AM","0000-00","0","no battery","V"
"07/13/2019","07:00:44","9","default","116269760","OXY_CH9","53.773","min","321.035","μmol/L","Humid","17.989","deg","92020","µV","20.248","°C","1013.000","hPa","36.5","pmil","0","55.690","deg","20.000","°C","100.000","%a.s.","22.400","deg","20.000","°C","962.000","hPa","0.861","-0.02617","0.00035","0","0","13.56","Humid","35.35","0","78.50","295726.82","SABD0002000014","AAV2.0.0.13","3.0.1.1413","PSt7-10","180509-002","6/18/2019 6:15:17 AM","0000-00","0","no battery","V"
"07/13/2019","07:00:45","9","default","116269760","OXY_CH9","53.789","min","321.247","μmol/L","Humid","17.984","deg","91984","µV","20.242","°C","1013.000","hPa","36.5","pmil","0","55.690","deg","20.000","°C","100.000","%a.s.","22.400","deg","20.000","°C","962.000","hPa","0.861","-0.02617","0.00035","0","0","13.56","Humid","35.35","0","78.50","295707.04","SABD0002000014","AAV2.0.0.13","3.0.1.1413","PSt7-10","180509-002","6/18/2019 6:15:17 AM","0000-00","0","no battery","V"
"07/13/2019","07:00:46","9","default","116269760","OXY_CH9","53.806","min","321.366","μmol/L","Humid","17.982","deg","91981","µV","20.236","°C","1013.000","hPa","36.5","pmil","0","55.690","deg","20.000","°C","100.000","%a.s.","22.400","deg","20.000","°C","962.000","hPa","0.861","-0.02617","0.00035","0","0","13.56","Humid","35.35","0","78.50","295720.78","SABD0002000014","AAV2.0.0.13","3.0.1.1413","PSt7-10","180509-002","6/18/2019 6:15:17 AM","0000-00","0","no battery","V"
"07/13/2019","07:00:47","9","default","116269760","OXY_CH9","53.822","min","321.185","μmol/L","Humid","17.986","deg","91983","µV","20.242","°C","1013.000","hPa","36.5","pmil","0","55.690","deg","20.000","°C","100.000","%a.s.","22.400","deg","20.000","°C","962.000","hPa","0.861","-0.02617","0.00035","0","0","13.56","Humid","35.35","0","78.50","295728.75","SABD0002000014","AAV2.0.0.13","3.0.1.1413","PSt7-10","180509-002","6/18/2019 6:15:17 AM","0000-00","0","no battery","V"
"07/13/2019","07:00:48","9","default","116269760","OXY_CH9","53.839","min","321.397","μmol/L","Humid","17.981","deg","91978","µV","20.236","°C","1013.000","hPa","36.5","pmil","0","55.690","deg","20.000","°C","100.000","%a.s.","22.400","deg","20.000","°C","962.000","hPa","0.861","-0.02617","0.00035","0","0","13.56","Humid","35.35","0","78.50","295724.19","SABD0002000014","AAV2.0.0.13","3.0.1.1413","PSt7-10","180509-002","6/18/2019 6:15:17 AM","0000-00","0","no battery","V"
"07/13/2019","07:00:49","9","default","116269760","OXY_CH9","53.855","min","321.278","μmol/L","Humid","17.983","deg","91961","µV","20.242","°C","1013.000","hPa","36.5","pmil","0","55.690","deg","20.000","°C","100.000","%a.s.","22.400","deg","20.000","°C","962.000","hPa","0.861","-0.02617","0.00035","0","0","13.56","Humid","35.35","0","78.50","295711.49","SABD0002000014","AAV2.0.0.13","3.0.1.1413","PSt7-10","180509-002","6/18/2019 6:15:17 AM","0000-00","0","no battery","V"
"07/13/2019","07:00:50","9","default","116269760","OXY_CH9","53.872","min","321.433","μmol/L","Humid","17.978","deg","91962","µV","20.242","°C","1013.000","hPa","36.5","pmil","0","55.690","deg","20.000","°C","100.000","%a.s.","22.400","deg","20.000","°C","962.000","hPa","0.861","-0.02617","0.00035","0","0","13.56","Humid","35.35","0","78.50","295705.51","SABD0002000014","AAV2.0.0.13","3.0.1.1413","PSt7-10","180509-002","6/18/2019 6:15:17 AM","0000-00","0","no battery","V"
"07/13/2019","07:00:51","9","default","116269760","OXY_CH9","53.889","min","321.402","μmol/L","Humid","17.979","deg","91956","µV","20.242","°C","1013.000","hPa","36.5","pmil","0","55.690","deg","20.000","°C","100.000","%a.s.","22.400","deg","20.000","°C","962.000","hPa","0.861","-0.02617","0.00035","0","0","13.56","Humid","35.35","0","78.50","295710.72","SABD0002000014","AAV2.0.0.13","3.0.1.1413","PSt7-10","180509-002","6/18/2019 6:15:17 AM","0000-00","0","no battery","V"
"07/13/2019","07:00:52","9","default","116269760","OXY_CH9","53.906","min","321.527","μmol/L","Humid","17.975","deg","91955","µV","20.242","°C","1013.000","hPa","36.5","pmil","0","55.690","deg","20.000","°C","100.000","%a.s.","22.400","deg","20.000","°C","962.000","hPa","0.861","-0.02617","0.00035","0","0","13.56","Humid","35.35","0","78.50","295713.67","SABD0002000014","AAV2.0.0.13","3.0.1.1413","PSt7-10","180509-002","6/18/2019 6:15:17 AM","0000-00","0","no battery","V"
"07/13/2019","07:00:53","9","default","116269760","OXY_CH9","53.922","min","321.433","μmol/L","Humid","17.978","deg","91944","µV","20.242","°C","1013.000","hPa","36.5","pmil","0","55.690","deg","20.000","°C","100.000","%a.s.","22.400","deg","20.000","°C","962.000","hPa","0.861","-0.02617","0.00035","0","0","13.56","Humid","35.35","0","78.50","295718.01","SABD0002000014","AAV2.0.0.13","3.0.1.1413","PSt7-10","180509-002","6/18/2019 6:15:17 AM","0000-00","0","no battery","V"
"07/13/2019","07:00:54","9","default","116269760","OXY_CH9","53.939","min","321.620","μmol/L","Humid","17.972","deg","91938","µV","20.242","°C","1013.000","hPa","36.5","pmil","0","55.690","deg","20.000","°C","100.000","%a.s.","22.400","deg","20.000","°C","962.000","hPa","0.861","-0.02617","0.00035","0","0","13.56","Humid","35.35","0","78.50","295716.15","SABD0002000014","AAV2.0.0.13","3.0.1.1413","PSt7-10","180509-002","6/18/2019 6:15:17 AM","0000-00","0","no battery","V"
"07/13/2019","07:00:55","9","default","116269760","OXY_CH9","53.955","min","321.465","μmol/L","Humid","17.977","deg","91932","µV","20.242","°C","1013.000","hPa","36.5","pmil","0","55.690","deg","20.000","°C","100.000","%a.s.","22.400","deg","20.000","°C","962.000","hPa","0.861","-0.02617","0.00035","0","0","13.56","Humid","35.35","0","78.50","295710.56","SABD0002000014","AAV2.0.0.13","3.0.1.1413","PSt7-10","180509-002","6/18/2019 6:15:17 AM","0000-00","0","no battery","V"
"07/13/2019","07:00:56","9","default","116269760","OXY_CH9","53.972","min","321.683","μmol/L","Humid","17.970","deg","91919","µV","20.242","°C","1013.000","hPa","36.5","pmil","0","55.690","deg","20.000","°C","100.000","%a.s.","22.400","deg","20.000","°C","962.000","hPa","0.861","-0.02617","0.00035","0","0","13.56","Humid","35.35","0","78.50","295728.80","SABD0002000014","AAV2.0.0.13","3.0.1.1413","PSt7-10","180509-002","6/18/2019 6:15:17 AM","0000-00","0","no battery","V"
"07/13/2019","07:00:57","9","default","116269760","OXY_CH9","53.989","min","321.620","μmol/L","Humid","17.972","deg","91922","µV","20.242","°C","1013.000","hPa","36.5","pmil","0","55.690","deg","20.000","°C","100.000","%a.s.","22.400","deg","20.000","°C","962.000","hPa","0.861","-0.02617","0.00035","0","0","13.56","Humid","35.35","0","78.50","295724.17","SABD0002000014","AAV2.0.0.13","3.0.1.1413","PSt7-10","180509-002","6/18/2019 6:15:17 AM","0000-00","0","no battery","V"
"07/13/2019","07:00:58","9","default","116269760","OXY_CH9","54.005","min","321.558","μmol/L","Humid","17.974","deg","91918","µV","20.242","°C","1013.000","hPa","36.5","pmil","0","55.690","deg","20.000","°C","100.000","%a.s.","22.400","deg","20.000","°C","962.000","hPa","0.861","-0.02617","0.00035","0","0","13.56","Humid","35.35","0","78.50","295710.81","SABD0002000014","AAV2.0.0.13","3.0.1.1413","PSt7-10","180509-002","6/18/2019 6:15:17 AM","0000-00","0","no battery","V"
"07/13/2019","07:00:59","9","default","116269760","OXY_CH9","54.022","min","321.776","μmol/L","Humid","17.967","deg","91906","µV","20.242","°C","1013.000","hPa","36.5","pmil","0","55.690","deg","20.000","°C","100.000","%a.s.","22.400","deg","20.000","°C","962.000","hPa","0.861","-0.02617","0.00035","0","0","13.56","Humid","35.35","0","78.50","295719.18","SABD0002000014","AAV2.0.0.13","3.0.1.1413","PSt7-10","180509-002","6/18/2019 6:15:17 AM","0000-00","0","no battery","V"
"07/13/2019","07:01:00","9","default","116269760","OXY_CH9","54.039","min","321.714","μmol/L","Humid","17.969","deg","91909","µV","20.242","°C","1013.000","hPa","36.5","pmil","0","55.690","deg","20.000","°C","100.000","%a.s.","22.400","deg","20.000","°C","962.000","hPa","0.861","-0.02617","0.00035","0","0","13.56","Humid","35.35","0","78.50","295719.96","SABD0002000014","AAV2.0.0.13","3.0.1.1413","PSt7-10","180509-002","6/18/2019 6:15:17 AM","0000-00","0","no battery","V"
"07/13/2019","07:01:01","9","default","116269760","OXY_CH9","54.056","min","321.870","μmol/L","Humid","17.964","deg","91896","µV","20.242","°C","1013.000","hPa","36.5","pmil","0","55.690","deg","20.000","°C","100.000","%a.s.","22.400","deg","20.000","°C","962.000","hPa","0.861","-0.02617","0.00035","0","0","13.56","Humid","35.35","0","78.50","295717.31","SABD0002000014","AAV2.0.0.13","3.0.1.1413","PSt7-10","180509-002","6/18/2019 6:15:17 AM","0000-00","0","no battery","V"
"07/13/2019","07:01:02","9","default","116269760","OXY_CH9","54.072","min","321.683","μmol/L","Humid","17.970","deg","91895","µV","20.242","°C","1013.000","hPa","36.5","pmil","0","55.690","deg","20.000","°C","100.000","%a.s.","22.400","deg","20.000","°C","962.000","hPa","0.861","-0.02617","0.00035","0","0","13.56","Humid","35.35","0","78.50","295710.46","SABD0002000014","AAV2.0.0.13","3.0.1.1413","PSt7-10","180509-002","6/18/2019 6:15:17 AM","0000-00","0","no battery","V"
"07/13/2019","07:01:03","9","default","116269760","OXY_CH9","54.089","min","321.631","μmol/L","Humid","17.968","deg","91877","µV","20.254","°C","1013.000","hPa","36.5","pmil","0","55.690","deg","20.000","°C","100.000","%a.s.","22.400","deg","20.000","°C","962.000","hPa","0.861","-0.02617","0.00035","0","0","13.56","Humid","35.35","0","78.50","295726.49","SABD0002000014","AAV2.0.0.13","3.0.1.1413","PSt7-10","180509-002","6/18/2019 6:15:17 AM","0000-00","0","no battery","V"
"07/13/2019","07:01:04","9","default","116269760","OXY_CH9","54.106","min","321.895","μmol/L","Humid","17.965","deg","91880","µV","20.236","°C","1013.000","hPa","36.5","pmil","0","55.690","deg","20.000","°C","100.000","%a.s.","22.400","deg","20.000","°C","962.000","hPa","0.861","-0.02617","0.00035","0","0","13.56","Humid","35.35","0","78.50","295722.92","SABD0002000014","AAV2.0.0.13","3.0.1.1413","PSt7-10","180509-002","6/18/2019 6:15:17 AM","0000-00","0","no battery","V"
"07/13/2019","07:01:05","9","default","116269760","OXY_CH9","54.122","min","321.833","μmol/L","Humid","17.967","deg","91870","µV","20.236","°C","1013.000","hPa","36.5","pmil","0","55.690","deg","20.000","°C","100.000","%a.s.","22.400","deg","20.000","°C","962.000","hPa","0.861","-0.02617","0.00035","0","0","13.56","Humid","35.35","0","78.50","295714.31","SABD0002000014","AAV2.0.0.13","3.0.1.1413","PSt7-10","180509-002","6/18/2019 6:15:17 AM","0000-00","0","no battery","V"
"07/13/2019","07:01:06","9","default","116269760","OXY_CH9","54.139","min","321.838","μmol/L","Humid","17.965","deg","91869","µV","20.242","°C","1013.000","hPa","36.5","pmil","0","55.690","deg","20.000","°C","100.000","%a.s.","22.400","deg","20.000","°C","962.000","hPa","0.861","-0.02617","0.00035","0","0","13.56","Humid","35.35","0","78.50","295729.20","SABD0002000014","AAV2.0.0.13","3.0.1.1413","PSt7-10","180509-002","6/18/2019 6:15:17 AM","0000-00","0","no battery","V"
"07/13/2019","07:01:07","9","default","116269760","OXY_CH9","54.156","min","322.020","μmol/L","Humid","17.961","deg","91863","µV","20.236","°C","1013.000","hPa","36.5","pmil","0","55.690","deg","20.000","°C","100.000","%a.s.","22.400","deg","20.000","°C","962.000","hPa","0.861","-0.02617","0.00035","0","0","13.56","Humid","35.35","0","78.50","295727.95","SABD0002000014","AAV2.0.0.13","3.0.1.1413","PSt7-10","180509-002","6/18/2019 6:15:17 AM","0000-00","0","no battery","V"
"07/13/2019","07:01:08","9","default","116269760","OXY_CH9","54.172","min","321.782","μmol/L","Humid","17.965","deg","91852","µV","20.248","°C","1013.000","hPa","36.5","pmil","0","55.690","deg","20.000","°C","100.000","%a.s.","22.400","deg","20.000","°C","962.000","hPa","0.861","-0.02617","0.00035","0","0","13.56","Humid","35.35","0","78.50","295722.79","SABD0002000014","AAV2.0.0.13","3.0.1.1413","PSt7-10","180509-002","6/18/2019 6:15:17 AM","0000-00","0","no battery","V"
"07/13/2019","07:01:09","9","default","116269760","OXY_CH9","54.189","min","321.932","μmol/L","Humid","17.962","deg","91845","µV","20.242","°C","1013.000","hPa","36.5","pmil","0","55.690","deg","20.000","°C","100.000","%a.s.","22.400","deg","20.000","°C","962.000","hPa","0.861","-0.02617","0.00035","0","0","13.56","Humid","35.35","0","78.50","295719.56","SABD0002000014","AAV2.0.0.13","3.0.1.1413","PSt7-10","180509-002","6/18/2019 6:15:17 AM","0000-00","0","no battery","V"
"07/13/2019","07:01:10","9","default","116269760","OXY_CH9","54.205","min","321.875","μmol/L","Humid","17.962","deg","91837","µV","20.248","°C","1013.000","hPa","36.5","pmil","0","55.690","deg","20.000","°C","100.000","%a.s.","22.400","deg","20.000","°C","962.000","hPa","0.861","-0.02617","0.00035","0","0","13.56","Humid","35.35","0","78.50","295725.17","SABD0002000014","AAV2.0.0.13","3.0.1.1413","PSt7-10","180509-002","6/18/2019 6:15:17 AM","0000-00","0","no battery","V"
"07/13/2019","07:01:11","9","default","116269760","OXY_CH9","54.222","min","322.082","μmol/L","Humid","17.959","deg","91829","µV","20.236","°C","1013.000","hPa","36.5","pmil","0","55.690","deg","20.000","°C","100.000","%a.s.","22.400","deg","20.000","°C","962.000","hPa","0.861","-0.02617","0.00035","0","0","13.56","Humid","35.35","0","78.50","295710.31","SABD0002000014","AAV2.0.0.13","3.0.1.1413","PSt7-10","180509-002","6/18/2019 6:15:17 AM","0000-00","0","no battery","V"
"07/13/2019","07:01:12","9","default","116269760","OXY_CH9","54.239","min","322.088","μmol/L","Humid","17.957","deg","91818","µV","20.242","°C","1013.000","hPa","36.5","pmil","0","55.690","deg","20.000","°C","100.000","%a.s.","22.400","deg","20.000","°C","962.000","hPa","0.861","-0.02617","0.00035","0","0","13.56","Humid","35.35","0","78.50","295719.79","SABD0002000014","AAV2.0.0.13","3.0.1.1413","PSt7-10","180509-002","6/18/2019 6:15:17 AM","0000-00","0","no battery","V"
"07/13/2019","07:01:13","9","default","116269760","OXY_CH9","54.256","min","322.244","μmol/L","Humid","17.952","deg","91816","µV","20.242","°C","1013.000","hPa","36.5","pmil","0","55.690","deg","20.000","°C","100.000","%a.s.","22.400","deg","20.000","°C","962.000","hPa","0.861","-0.02617","0.00035","0","0","13.56","Humid","35.35","0","78.50","295720.20","SABD0002000014","AAV2.0.0.13","3.0.1.1413","PSt7-10","180509-002","6/18/2019 6:15:17 AM","0000-00","0","no battery","V"
"07/13/2019","07:01:14","9","default","116269760","OXY_CH9","54.272","min","322.150","μmol/L","Humid","17.955","deg","91800","µV","20.242","°C","1013.000","hPa","36.5","pmil","0","55.690","deg","20.000","°C","100.000","%a.s.","22.400","deg","20.000","°C","962.000","hPa","0.861","-0.02617","0.00035","0","0","13.56","Humid","35.35","0","78.50","295713.01","SABD0002000014","AAV2.0.0.13","3.0.1.1413","PSt7-10","180509-002","6/18/2019 6:15:17 AM","0000-00","0","no battery","V"
"07/13/2019","07:01:15","9","default","116269760","OXY_CH9","54.289","min","322.088","μmol/L","Humid","17.957","deg","91798","µV","20.242","°C","1013.000","hPa","36.5","pmil","0","55.690","deg","20.000","°C","100.000","%a.s.","22.400","deg","20.000","°C","962.000","hPa","0.861","-0.02617","0.00035","0","0","13.56","Humid","35.35","0","78.50","295724.70","SABD0002000014","AAV2.0.0.13","3.0.1.1413","PSt7-10","180509-002","6/18/2019 6:15:17 AM","0000-00","0","no battery","V"
"07/13/2019","07:01:16","9","default","116269760","OXY_CH9","54.306","min","322.338","μmol/L","Humid","17.949","deg","91789","µV","20.242","°C","1013.000","hPa","36.5","pmil","0","55.690","deg","20.000","°C","100.000","%a.s.","22.400","deg","20.000","°C","962.000","hPa","0.861","-0.02617","0.00035","0","0","13.56","Humid","35.35","0","78.50","295728.22","SABD0002000014","AAV2.0.0.13","3.0.1.1413","PSt7-10","180509-002","6/18/2019 6:15:17 AM","0000-00","0","no battery","V"
"07/13/2019","07:01:17","9","default","116269760","OXY_CH9","54.323","min","322.306","μmol/L","Humid","17.950","deg","91789","µV","20.242","°C","1013.000","hPa","36.5","pmil","0","55.690","deg","20.000","°C","100.000","%a.s.","22.400","deg","20.000","°C","962.000","hPa","0.861","-0.02617","0.00035","0","0","13.56","Humid","35.35","0","78.50","295729.03","SABD0002000014","AAV2.0.0.13","3.0.1.1413","PSt7-10","180509-002","6/18/2019 6:15:17 AM","0000-00","0","no battery","V"
"07/13/2019","07:01:18","9","default","116269760","OXY_CH9","54.339","min","322.400","μmol/L","Humid","17.947","deg","91781","µV","20.242","°C","1013.000","hPa","36.5","pmil","0","55.690","deg","20.000","°C","100.000","%a.s.","22.400","deg","20.000","°C","962.000","hPa","0.861","-0.02617","0.00035","0","0","13.56","Humid","35.35","0","78.50","295733.52","SABD0002000014","AAV2.0.0.13","3.0.1.1413","PSt7-10","180509-002","6/18/2019 6:15:17 AM","0000-00","0","no battery","V"
"07/13/2019","07:01:19","9","default","116269760","OXY_CH9","54.356","min","322.556","μmol/L","Humid","17.942","deg","91775","µV","20.242","°C","1013.000","hPa","36.5","pmil","0","55.690","deg","20.000","°C","100.000","%a.s.","22.400","deg","20.000","°C","962.000","hPa","0.861","-0.02617","0.00035","0","0","13.56","Humid","35.35","0","78.50","295731.73","SABD0002000014","AAV2.0.0.13","3.0.1.1413","PSt7-10","180509-002","6/18/2019 6:15:17 AM","0000-00","0","no battery","V"
"07/13/2019","07:01:20","9","default","116269760","OXY_CH9","54.373","min","322.369","μmol/L","Humid","17.948","deg","91760","µV","20.242","°C","1013.000","hPa","36.5","pmil","0","55.690","deg","20.000","°C","100.000","%a.s.","22.400","deg","20.000","°C","962.000","hPa","0.861","-0.02617","0.00035","0","0","13.56","Humid","35.35","0","78.50","295717.68","SABD0002000014","AAV2.0.0.13","3.0.1.1413","PSt7-10","180509-002","6/18/2019 6:15:17 AM","0000-00","0","no battery","V"
"07/13/2019","07:01:21","9","default","116269760","OXY_CH9","54.389","min","322.488","μmol/L","Humid","17.946","deg","91764","µV","20.236","°C","1013.000","hPa","36.5","pmil","0","55.690","deg","20.000","°C","100.000","%a.s.","22.400","deg","20.000","°C","962.000","hPa","0.861","-0.02617","0.00035","0","0","13.56","Humid","35.35","0","78.50","295721.20","SABD0002000014","AAV2.0.0.13","3.0.1.1413","PSt7-10","180509-002","6/18/2019 6:15:17 AM","0000-00","0","no battery","V"
"07/13/2019","07:01:22","9","default","116269760","OXY_CH9","54.406","min","322.494","μmol/L","Humid","17.944","deg","91760","µV","20.242","°C","1013.000","hPa","36.5","pmil","0","55.690","deg","20.000","°C","100.000","%a.s.","22.400","deg","20.000","°C","962.000","hPa","0.861","-0.02617","0.00035","0","0","13.56","Humid","35.35","0","78.50","295730.99","SABD0002000014","AAV2.0.0.13","3.0.1.1413","PSt7-10","180509-002","6/18/2019 6:15:17 AM","0000-00","0","no battery","V"
"07/13/2019","07:01:23","9","default","116269760","OXY_CH9","54.423","min","322.494","μmol/L","Humid","17.944","deg","91752","µV","20.242","°C","1013.000","hPa","36.5","pmil","0","55.690","deg","20.000","°C","100.000","%a.s.","22.400","deg","20.000","°C","962.000","hPa","0.861","-0.02617","0.00035","0","0","13.56","Humid","35.35","0","78.50","295734.07","SABD0002000014","AAV2.0.0.13","3.0.1.1413","PSt7-10","180509-002","6/18/2019 6:15:17 AM","0000-00","0","no battery","V"
"07/13/2019","07:01:24","9","default","116269760","OXY_CH9","54.439","min","322.588","μmol/L","Humid","17.941","deg","91747","µV","20.242","°C","1013.000","hPa","36.5","pmil","0","55.690","deg","20.000","°C","100.000","%a.s.","22.400","deg","20.000","°C","962.000","hPa","0.861","-0.02617","0.00035","0","0","13.56","Humid","35.35","0","78.50","295730.56","SABD0002000014","AAV2.0.0.13","3.0.1.1413","PSt7-10","180509-002","6/18/2019 6:15:17 AM","0000-00","0","no battery","V"
"07/13/2019","07:01:25","9","default","116269760","OXY_CH9","54.456","min","322.593","μmol/L","Humid","17.939","deg","91744","µV","20.248","°C","1013.000","hPa","36.5","pmil","0","55.690","deg","20.000","°C","100.000","%a.s.","22.400","deg","20.000","°C","962.000","hPa","0.861","-0.02617","0.00035","0","0","13.56","Humid","35.35","0","78.50","295732.34","SABD0002000014","AAV2.0.0.13","3.0.1.1413","PSt7-10","180509-002","6/18/2019 6:15:17 AM","0000-00","0","no battery","V"
"07/13/2019","07:01:26","9","default","116269760","OXY_CH9","54.472","min","322.676","μmol/L","Humid","17.940","deg","91735","µV","20.236","°C","1013.000","hPa","36.5","pmil","0","55.690","deg","20.000","°C","100.000","%a.s.","22.400","deg","20.000","°C","962.000","hPa","0.861","-0.02617","0.00035","0","0","13.56","Humid","35.35","0","78.50","295732.44","SABD0002000014","AAV2.0.0.13","3.0.1.1413","PSt7-10","180509-002","6/18/2019 6:15:17 AM","0000-00","0","no battery","V"
"07/13/2019","07:01:27","9","default","116269760","OXY_CH9","54.489","min","322.676","μmol/L","Humid","17.940","deg","91733","µV","20.236","°C","1013.000","hPa","36.5","pmil","0","55.690","deg","20.000","°C","100.000","%a.s.","22.400","deg","20.000","°C","962.000","hPa","0.861","-0.02617","0.00035","0","0","13.56","Humid","35.35","0","78.50","295728.22","SABD0002000014","AAV2.0.0.13","3.0.1.1413","PSt7-10","180509-002","6/18/2019 6:15:17 AM","0000-00","0","no battery","V"
"07/13/2019","07:01:28","9","default","116269760","OXY_CH9","54.506","min","322.775","μmol/L","Humid","17.935","deg","91720","µV","20.242","°C","1013.000","hPa","36.5","pmil","0","55.690","deg","20.000","°C","100.000","%a.s.","22.400","deg","20.000","°C","962.000","hPa","0.861","-0.02617","0.00035","0","0","13.56","Humid","35.35","0","78.50","295731.26","SABD0002000014","AAV2.0.0.13","3.0.1.1413","PSt7-10","180509-002","6/18/2019 6:15:17 AM","0000-00","0","no battery","V"
"07/13/2019","07:01:29","9","default","116269760","OXY_CH9","54.522","min","322.650","μmol/L","Humid","17.939","deg","91706","µV","20.242","°C","1013.000","hPa","36.5","pmil","0","55.690","deg","20.000","°C","100.000","%a.s.","22.400","deg","20.000","°C","962.000","hPa","0.861","-0.02617","0.00035","0","0","13.56","Humid","35.35","0","78.50","295722.88","SABD0002000014","AAV2.0.0.13","3.0.1.1413","PSt7-10","180509-002","6/18/2019 6:15:17 AM","0000-00","0","no battery","V"
"07/13/2019","07:01:30","9","default","116269760","OXY_CH9","54.539","min","322.807","μmol/L","Humid","17.934","deg","91700","µV","20.242","°C","1013.000","hPa","36.5","pmil","0","55.690","deg","20.000","°C","100.000","%a.s.","22.400","deg","20.000","°C","962.000","hPa","0.861","-0.02617","0.00035","0","0","13.56","Humid","35.35","0","78.50","295736.84","SABD0002000014","AAV2.0.0.13","3.0.1.1413","PSt7-10","180509-002","6/18/2019 6:15:17 AM","0000-00","0","no battery","V"
"07/13/2019","07:01:31","9","default","116269760","OXY_CH9","54.556","min","322.807","μmol/L","Humid","17.934","deg","91697","µV","20.242","°C","1013.000","hPa","36.5","pmil","0","55.690","deg","20.000","°C","100.000","%a.s.","22.400","deg","20.000","°C","962.000","hPa","0.861","-0.02617","0.00035","0","0","13.56","Humid","35.35","0","78.50","295741.46","SABD0002000014","AAV2.0.0.13","3.0.1.1413","PSt7-10","180509-002","6/18/2019 6:15:17 AM","0000-00","0","no battery","V"
"07/13/2019","07:01:32","9","default","116269760","OXY_CH9","54.572","min","322.775","μmol/L","Humid","17.935","deg","91695","µV","20.242","°C","1013.000","hPa","36.5","pmil","0","55.690","deg","20.000","°C","100.000","%a.s.","22.400","deg","20.000","°C","962.000","hPa","0.861","-0.02617","0.00035","0","0","13.56","Humid","35.35","0","78.50","295730.99","SABD0002000014","AAV2.0.0.13","3.0.1.1413","PSt7-10","180509-002","6/18/2019 6:15:17 AM","0000-00","0","no battery","V"
"07/13/2019","07:01:33","9","default","116269760","OXY_CH9","54.589","min","322.869","μmol/L","Humid","17.932","deg","91680","µV","20.242","°C","1013.000","hPa","36.5","pmil","0","55.690","deg","20.000","°C","100.000","%a.s.","22.400","deg","20.000","°C","962.000","hPa","0.861","-0.02617","0.00035","0","0","13.56","Humid","35.35","0","78.50","295735.21","SABD0002000014","AAV2.0.0.13","3.0.1.1413","PSt7-10","180509-002","6/18/2019 6:15:17 AM","0000-00","0","no battery","V"
"07/13/2019","07:01:34","9","default","116269760","OXY_CH9","54.606","min","322.755","μmol/L","Humid","17.932","deg","91674","µV","20.254","°C","1013.000","hPa","36.5","pmil","0","55.690","deg","20.000","°C","100.000","%a.s.","22.400","deg","20.000","°C","962.000","hPa","0.861","-0.02617","0.00035","0","0","13.56","Humid","35.35","0","78.50","295738.73","SABD0002000014","AAV2.0.0.13","3.0.1.1413","PSt7-10","180509-002","6/18/2019 6:15:17 AM","0000-00","0","no battery","V"
"07/13/2019","07:01:35","9","default","116269760","OXY_CH9","54.622","min","322.869","μmol/L","Humid","17.932","deg","91678","µV","20.242","°C","1013.000","hPa","36.5","pmil","0","55.690","deg","20.000","°C","100.000","%a.s.","22.400","deg","20.000","°C","962.000","hPa","0.861","-0.02617","0.00035","0","0","13.56","Humid","35.35","0","78.50","295731.00","SABD0002000014","AAV2.0.0.13","3.0.1.1413","PSt7-10","180509-002","6/18/2019 6:15:17 AM","0000-00","0","no battery","V"
"07/13/2019","07:01:36","9","default","116269760","OXY_CH9","54.639","min","322.869","μmol/L","Humid","17.932","deg","91674","µV","20.242","°C","1013.000","hPa","36.5","pmil","0","55.690","deg","20.000","°C","100.000","%a.s.","22.400","deg","20.000","°C","962.000","hPa","0.861","-0.02617","0.00035","0","0","13.56","Humid","35.35","0","78.50","295747.95","SABD0002000014","AAV2.0.0.13","3.0.1.1413","PSt7-10","180509-002","6/18/2019 6:15:17 AM","0000-00","0","no battery","V"
"07/13/2019","07:01:37","9","default","116269760","OXY_CH9","54.656","min","322.932","μmol/L","Humid","17.930","deg","91669","µV","20.242","°C","1013.000","hPa","36.5","pmil","0","55.690","deg","20.000","°C","100.000","%a.s.","22.400","deg","20.000","°C","962.000","hPa","0.861","-0.02617","0.00035","0","0","13.56","Humid","35.35","0","78.50","295746.08","SABD0002000014","AAV2.0.0.13","3.0.1.1413","PSt7-10","180509-002","6/18/2019 6:15:17 AM","0000-00","0","no battery","V"
"07/13/2019","07:01:38","9","default","116269760","OXY_CH9","54.672","min","322.938","μmol/L","Humid","17.928","deg","91655","µV","20.248","°C","1013.000","hPa","36.5","pmil","0","55.690","deg","20.000","°C","100.000","%a.s.","22.400","deg","20.000","°C","962.000","hPa","0.861","-0.02617","0.00035","0","0","13.56","Humid","35.35","0","78.50","295735.98","SABD0002000014","AAV2.0.0.13","3.0.1.1413","PSt7-10","180509-002","6/18/2019 6:15:17 AM","0000-00","0","no battery","V"
"07/13/2019","07:01:39","9","default","116269760","OXY_CH9","54.689","min","322.975","μmol/L","Humid","17.925","deg","91652","µV","20.254","°C","1013.000","hPa","36.5","pmil","0","55.690","deg","20.000","°C","100.000","%a.s.","22.400","deg","20.000","°C","962.000","hPa","0.861","-0.02617","0.00035","0","0","13.56","Humid","35.35","0","78.50","295735.61","SABD0002000014","AAV2.0.0.13","3.0.1.1413","PSt7-10","180509-002","6/18/2019 6:15:17 AM","0000-00","0","no battery","V"
"07/13/2019","07:01:40","9","default","116269760","OXY_CH9","54.706","min","323.000","μmol/L","Humid","17.926","deg","91645","µV","20.248","°C","1013.000","hPa","36.5","pmil","0","55.690","deg","20.000","°C","100.000","%a.s.","22.400","deg","20.000","°C","962.000","hPa","0.861","-0.02617","0.00035","0","0","13.56","Humid","35.35","0","78.50","295735.03","SABD0002000014","AAV2.0.0.13","3.0.1.1413","PSt7-10","180509-002","6/18/2019 6:15:17 AM","0000-00","0","no battery","V"
"07/13/2019","07:01:41","9","default","116269760","OXY_CH9","54.722","min","323.151","μmol/L","Humid","17.923","deg","91631","µV","20.242","°C","1013.000","hPa","36.5","pmil","0","55.690","deg","20.000","°C","100.000","%a.s.","22.400","deg","20.000","°C","962.000","hPa","0.861","-0.02617","0.00035","0","0","13.56","Humid","35.35","0","78.50","295748.53","SABD0002000014","AAV2.0.0.13","3.0.1.1413","PSt7-10","180509-002","6/18/2019 6:15:17 AM","0000-00","0","no battery","V"
"07/13/2019","07:01:42","9","default","116269760","OXY_CH9","54.739","min","323.094","μmol/L","Humid","17.923","deg","91621","µV","20.248","°C","1013.000","hPa","36.5","pmil","0","55.690","deg","20.000","°C","100.000","%a.s.","22.400","deg","20.000","°C","962.000","hPa","0.861","-0.02617","0.00035","0","0","13.56","Humid","35.35","0","78.50","295731.73","SABD0002000014","AAV2.0.0.13","3.0.1.1413","PSt7-10","180509-002","6/18/2019 6:15:17 AM","0000-00","0","no battery","V"
"07/13/2019","07:01:43","9","default","116269760","OXY_CH9","54.756","min","323.069","μmol/L","Humid","17.922","deg","91618","µV","20.254","°C","1013.000","hPa","36.5","pmil","0","55.690","deg","20.000","°C","100.000","%a.s.","22.400","deg","20.000","°C","962.000","hPa","0.861","-0.02617","0.00035","0","0","13.56","Humid","35.35","0","78.50","295736.61","SABD0002000014","AAV2.0.0.13","3.0.1.1413","PSt7-10","180509-002","6/18/2019 6:15:17 AM","0000-00","0","no battery","V"
"07/13/2019","07:01:44","9","default","116269760","OXY_CH9","54.773","min","323.220","μmol/L","Humid","17.919","deg","91617","µV","20.248","°C","1013.000","hPa","36.5","pmil","0","55.690","deg","20.000","°C","100.000","%a.s.","22.400","deg","20.000","°C","962.000","hPa","0.861","-0.02617","0.00035","0","0","13.56","Humid","35.35","0","78.50","295735.98","SABD0002000014","AAV2.0.0.13","3.0.1.1413","PSt7-10","180509-002","6/18/2019 6:15:17 AM","0000-00","0","no battery","V"
"07/13/2019","07:01:45","9","default","116269760","OXY_CH9","54.789","min","323.094","μmol/L","Humid","17.923","deg","91607","µV","20.248","°C","1013.000","hPa","36.5","pmil","0","55.690","deg","20.000","°C","100.000","%a.s.","22.400","deg","20.000","°C","962.000","hPa","0.861","-0.02617","0.00035","0","0","13.56","Humid","35.35","0","78.50","295733.56","SABD0002000014","AAV2.0.0.13","3.0.1.1413","PSt7-10","180509-002","6/18/2019 6:15:17 AM","0000-00","0","no battery","V"
"07/13/2019","07:01:46","9","default","116269760","OXY_CH9","54.806","min","323.188","μmol/L","Humid","17.920","deg","91606","µV","20.248","°C","1013.000","hPa","36.5","pmil","0","55.690","deg","20.000","°C","100.000","%a.s.","22.400","deg","20.000","°C","962.000","hPa","0.861","-0.02617","0.00035","0","0","13.56","Humid","35.35","0","78.50","295743.73","SABD0002000014","AAV2.0.0.13","3.0.1.1413","PSt7-10","180509-002","6/18/2019 6:15:17 AM","0000-00","0","no battery","V"
"07/13/2019","07:01:47","9","default","116269760","OXY_CH9","54.823","min","323.465","μmol/L","Humid","17.913","deg","91610","µV","20.242","°C","1013.000","hPa","36.5","pmil","0","55.690","deg","20.000","°C","100.000","%a.s.","22.400","deg","20.000","°C","962.000","hPa","0.861","-0.02617","0.00035","0","0","13.56","Humid","35.35","0","78.50","295743.67","SABD0002000014","AAV2.0.0.13","3.0.1.1413","PSt7-10","180509-002","6/18/2019 6:15:17 AM","0000-00","0","no battery","V"
"07/13/2019","07:01:48","9","default","116269760","OXY_CH9","54.839","min","323.251","μmol/L","Humid","17.918","deg","91594","µV","20.248","°C","1013.000","hPa","36.5","pmil","0","55.690","deg","20.000","°C","100.000","%a.s.","22.400","deg","20.000","°C","962.000","hPa","0.861","-0.02617","0.00035","0","0","13.56","Humid","35.35","0","78.50","295739.13","SABD0002000014","AAV2.0.0.13","3.0.1.1413","PSt7-10","180509-002","6/18/2019 6:15:17 AM","0000-00","0","no battery","V"
"07/13/2019","07:01:49","9","default","116269760","OXY_CH9","54.856","min","323.320","μmol/L","Humid","17.914","deg","91592","µV","20.254","°C","1013.000","hPa","36.5","pmil","0","55.690","deg","20.000","°C","100.000","%a.s.","22.400","deg","20.000","°C","962.000","hPa","0.861","-0.02617","0.00035","0","0","13.56","Humid","35.35","0","78.50","295734.74","SABD0002000014","AAV2.0.0.13","3.0.1.1413","PSt7-10","180509-002","6/18/2019 6:15:17 AM","0000-00","0","no battery","V"
"07/13/2019","07:01:50","9","default","116269760","OXY_CH9","54.872","min","323.320","μmol/L","Humid","17.914","deg","91577","µV","20.254","°C","1013.000","hPa","36.5","pmil","0","55.690","deg","20.000","°C","100.000","%a.s.","22.400","deg","20.000","°C","962.000","hPa","0.861","-0.02617","0.00035","0","0","13.56","Humid","35.35","0","78.50","295746.33","SABD0002000014","AAV2.0.0.13","3.0.1.1413","PSt7-10","180509-002","6/18/2019 6:15:17 AM","0000-00","0","no battery","V"
"07/13/2019","07:01:51","9","default","116269760","OXY_CH9","54.889","min","323.471","μmol/L","Humid","17.911","deg","91571","µV","20.248","°C","1013.000","hPa","36.5","pmil","0","55.690","deg","20.000","°C","100.000","%a.s.","22.400","deg","20.000","°C","962.000","hPa","0.861","-0.02617","0.00035","0","0","13.56","Humid","35.35","0","78.50","295737.94","SABD0002000014","AAV2.0.0.13","3.0.1.1413","PSt7-10","180509-002","6/18/2019 6:15:17 AM","0000-00","0","no battery","V"
"07/13/2019","07:01:52","9","default","116269760","OXY_CH9","54.906","min","323.257","μmol/L","Humid","17.916","deg","91564","µV","20.254","°C","1013.000","hPa","36.5","pmil","0","55.690","deg","20.000","°C","100.000","%a.s.","22.400","deg","20.000","°C","962.000","hPa","0.861","-0.02617","0.00035","0","0","13.56","Humid","35.35","0","78.50","295737.79","SABD0002000014","AAV2.0.0.13","3.0.1.1413","PSt7-10","180509-002","6/18/2019 6:15:17 AM","0000-00","0","no battery","V"
"07/13/2019","07:01:53","9","default","116269760","OXY_CH9","54.922","min","323.408","μmol/L","Humid","17.913","deg","91565","µV","20.248","°C","1013.000","hPa","36.5","pmil","0","55.690","deg","20.000","°C","100.000","%a.s.","22.400","deg","20.000","°C","962.000","hPa","0.861","-0.02617","0.00035","0","0","13.56","Humid","35.35","0","78.50","295747.39","SABD0002000014","AAV2.0.0.13","3.0.1.1413","PSt7-10","180509-002","6/18/2019 6:15:17 AM","0000-00","0","no battery","V"
"07/13/2019","07:01:54","9","default","116269760","OXY_CH9","54.939","min","323.539","μmol/L","Humid","17.907","deg","91553","µV","20.254","°C","1013.000","hPa","36.5","pmil","0","55.690","deg","20.000","°C","100.000","%a.s.","22.400","deg","20.000","°C","962.000","hPa","0.861","-0.02617","0.00035","0","0","13.56","Humid","35.35","0","78.50","295732.27","SABD0002000014","AAV2.0.0.13","3.0.1.1413","PSt7-10","180509-002","6/18/2019 6:15:17 AM","0000-00","0","no battery","V"
"07/13/2019","07:01:55","9","default","116269760","OXY_CH9","54.956","min","323.665","μmol/L","Humid","17.903","deg","91546","µV","20.254","°C","1013.000","hPa","36.5","pmil","0","55.690","deg","20.000","°C","100.000","%a.s.","22.400","deg","20.000","°C","962.000","hPa","0.861","-0.02617","0.00035","0","0","13.56","Humid","35.35","0","78.50","295739.97","SABD0002000014","AAV2.0.0.13","3.0.1.1413","PSt7-10","180509-002","6/18/2019 6:15:17 AM","0000-00","0","no battery","V"
"07/13/2019","07:01:56","9","default","116269760","OXY_CH9","54.973","min","323.602","μmol/L","Humid","17.905","deg","91537","µV","20.254","°C","1013.000","hPa","36.5","pmil","0","55.690","deg","20.000","°C","100.000","%a.s.","22.400","deg","20.000","°C","962.000","hPa","0.861","-0.02617","0.00035","0","0","13.56","Humid","35.35","0","78.50","295742.74","SABD0002000014","AAV2.0.0.13","3.0.1.1413","PSt7-10","180509-002","6/18/2019 6:15:17 AM","0000-00","0","no battery","V"
"07/13/2019","07:01:57","9","default","116269760","OXY_CH9","54.989","min","323.691","μmol/L","Humid","17.904","deg","91453","µV","20.248","°C","1013.000","hPa","36.5","pmil","0","55.690","deg","20.000","°C","100.000","%a.s.","22.400","deg","20.000","°C","962.000","hPa","0.861","-0.02617","0.00035","0","0","13.56","Humid","35.35","0","78.50","295744.76","SABD0002000014","AAV2.0.0.13","3.0.1.1413","PSt7-10","180509-002","6/18/2019 6:15:17 AM","0000-00","0","no battery","V"
"07/13/2019","07:01:58","9","default","116269760","OXY_CH9","55.006","min","323.602","μmol/L","Humid","17.905","deg","91526","µV","20.254","°C","1013.000","hPa","36.5","pmil","0","55.690","deg","20.000","°C","100.000","%a.s.","22.400","deg","20.000","°C","962.000","hPa","0.861","-0.02617","0.00035","0","0","13.56","Humid","35.35","0","78.50","295742.18","SABD0002000014","AAV2.0.0.13","3.0.1.1413","PSt7-10","180509-002","6/18/2019 6:15:17 AM","0000-00","0","no battery","V"
"07/13/2019","07:01:59","9","default","116269760","OXY_CH9","55.022","min","323.753","μmol/L","Humid","17.902","deg","91305","µV","20.248","°C","1013.000","hPa","36.5","pmil","0","55.690","deg","20.000","°C","100.000","%a.s.","22.400","deg","20.000","°C","962.000","hPa","0.861","-0.02617","0.00035","0","0","13.56","Humid","35.35","0","78.50","295750.63","SABD0002000014","AAV2.0.0.13","3.0.1.1413","PSt7-10","180509-002","6/18/2019 6:15:17 AM","0000-00","0","no battery","V"
"07/13/2019","07:02:00","9","default","116269760","OXY_CH9","55.039","min","323.759","μmol/L","Humid","17.900","deg","91496","µV","20.254","°C","1013.000","hPa","36.5","pmil","0","55.690","deg","20.000","°C","100.000","%a.s.","22.400","deg","20.000","°C","962.000","hPa","0.861","-0.02617","0.00035","0","0","13.56","Humid","35.35","0","78.50","295739.34","SABD0002000014","AAV2.0.0.13","3.0.1.1413","PSt7-10","180509-002","6/18/2019 6:15:17 AM","0000-00","0","no battery","V"
"07/13/2019","07:02:01","9","default","116269760","OXY_CH9","55.056","min","323.885","μmol/L","Humid","17.896","deg","91488","µV","20.254","°C","1013.000","hPa","36.5","pmil","0","55.690","deg","20.000","°C","100.000","%a.s.","22.400","deg","20.000","°C","962.000","hPa","0.861","-0.02617","0.00035","0","0","13.56","Humid","35.35","0","78.50","295739.42","SABD0002000014","AAV2.0.0.13","3.0.1.1413","PSt7-10","180509-002","6/18/2019 6:15:17 AM","0000-00","0","no battery","V"
"07/13/2019","07:02:02","9","default","116269760","OXY_CH9","55.072","min","323.822","μmol/L","Humid","17.898","deg","91493","µV","20.254","°C","1013.000","hPa","36.5","pmil","0","55.690","deg","20.000","°C","100.000","%a.s.","22.400","deg","20.000","°C","962.000","hPa","0.861","-0.02617","0.00035","0","0","13.56","Humid","35.35","0","78.50","295739.62","SABD0002000014","AAV2.0.0.13","3.0.1.1413","PSt7-10","180509-002","6/18/2019 6:15:17 AM","0000-00","0","no battery","V"
"07/13/2019","07:02:03","9","default","116269760","OXY_CH9","55.089","min","323.853","μmol/L","Humid","17.897","deg","91487","µV","20.254","°C","1013.000","hPa","36.5","pmil","0","55.690","deg","20.000","°C","100.000","%a.s.","22.400","deg","20.000","°C","962.000","hPa","0.861","-0.02617","0.00035","0","0","13.56","Humid","35.35","0","78.50","295741.71","SABD0002000014","AAV2.0.0.13","3.0.1.1413","PSt7-10","180509-002","6/18/2019 6:15:17 AM","0000-00","0","no battery","V"
"07/13/2019","07:02:04","9","default","116269760","OXY_CH9","55.105","min","323.765","μmol/L","Humid","17.898","deg","91477","µV","20.260","°C","1013.000","hPa","36.5","pmil","0","55.690","deg","20.000","°C","100.000","%a.s.","22.400","deg","20.000","°C","962.000","hPa","0.861","-0.02617","0.00035","0","0","13.56","Humid","35.35","0","78.50","295738.39","SABD0002000014","AAV2.0.0.13","3.0.1.1413","PSt7-10","180509-002","6/18/2019 6:15:17 AM","0000-00","0","no battery","V"
"07/13/2019","07:02:05","9","default","116269760","OXY_CH9","55.122","min","324.036","μmol/L","Humid","17.893","deg","91467","µV","20.248","°C","1013.000","hPa","36.5","pmil","0","55.690","deg","20.000","°C","100.000","%a.s.","22.400","deg","20.000","°C","962.000","hPa","0.861","-0.02617","0.00035","0","0","13.56","Humid","35.35","0","78.50","295753.27","SABD0002000014","AAV2.0.0.13","3.0.1.1413","PSt7-10","180509-002","6/18/2019 6:15:17 AM","0000-00","0","no battery","V"
"07/13/2019","07:02:06","9","default","116269760","OXY_CH9","55.139","min","323.948","μmol/L","Humid","17.894","deg","91462","µV","20.254","°C","1013.000","hPa","36.5","pmil","0","55.690","deg","20.000","°C","100.000","%a.s.","22.400","deg","20.000","°C","962.000","hPa","0.861","-0.02617","0.00035","0","0","13.56","Humid","35.35","0","78.50","295742.47","SABD0002000014","AAV2.0.0.13","3.0.1.1413","PSt7-10","180509-002","6/18/2019 6:15:17 AM","0000-00","0","no battery","V"
"07/13/2019","07:02:07","9","default","116269760","OXY_CH9","55.155","min","323.979","μmol/L","Humid","17.893","deg","91455","µV","20.254","°C","1013.000","hPa","36.5","pmil","0","55.690","deg","20.000","°C","100.000","%a.s.","22.400","deg","20.000","°C","962.000","hPa","0.861","-0.02617","0.00035","0","0","13.56","Humid","35.35","0","78.50","295739.84","SABD0002000014","AAV2.0.0.13","3.0.1.1413","PSt7-10","180509-002","6/18/2019 6:15:17 AM","0000-00","0","no battery","V"
"07/13/2019","07:02:08","9","default","116269760","OXY_CH9","55.172","min","323.985","μmol/L","Humid","17.891","deg","91446","µV","20.260","°C","1013.000","hPa","36.5","pmil","0","55.690","deg","20.000","°C","100.000","%a.s.","22.400","deg","20.000","°C","962.000","hPa","0.861","-0.02617","0.00035","0","0","13.56","Humid","35.35","0","78.50","295743.07","SABD0002000014","AAV2.0.0.13","3.0.1.1413","PSt7-10","180509-002","6/18/2019 6:15:17 AM","0000-00","0","no battery","V"
"07/13/2019","07:02:09","9","default","116269760","OXY_CH9","55.189","min","324.200","μmol/L","Humid","17.886","deg","91441","µV","20.254","°C","1013.000","hPa","36.5","pmil","0","55.690","deg","20.000","°C","100.000","%a.s.","22.400","deg","20.000","°C","962.000","hPa","0.861","-0.02617","0.00035","0","0","13.56","Humid","35.35","0","78.50","295736.89","SABD0002000014","AAV2.0.0.13","3.0.1.1413","PSt7-10","180509-002","6/18/2019 6:15:17 AM","0000-00","0","no battery","V"
"07/13/2019","07:02:10","9","default","116269760","OXY_CH9","55.205","min","324.205","μmol/L","Humid","17.884","deg","91291","µV","20.260","°C","1013.000","hPa","36.5","pmil","0","55.690","deg","20.000","°C","100.000","%a.s.","22.400","deg","20.000","°C","962.000","hPa","0.861","-0.02617","0.00035","0","0","13.56","Humid","35.35","0","78.50","295744.57","SABD0002000014","AAV2.0.0.13","3.0.1.1413","PSt7-10","180509-002","6/18/2019 6:15:17 AM","0000-00","0","no battery","V"
"07/13/2019","07:02:11","9","default","116269760","OXY_CH9","55.222","min","324.200","μmol/L","Humid","17.886","deg","91387","µV","20.254","°C","1013.000","hPa","36.5","pmil","0","55.690","deg","20.000","°C","100.000","%a.s.","22.400","deg","20.000","°C","962.000","hPa","0.861","-0.02617","0.00035","0","0","13.56","Humid","35.35","0","78.50","295744.24","SABD0002000014","AAV2.0.0.13","3.0.1.1413","PSt7-10","180509-002","6/18/2019 6:15:17 AM","0000-00","0","no battery","V"
"07/13/2019","07:02:12","9","default","116269760","OXY_CH9","55.239","min","324.105","μmol/L","Humid","17.889","deg","91481","µV","20.254","°C","1013.000","hPa","36.5","pmil","0","55.690","deg","20.000","°C","100.000","%a.s.","22.400","deg","20.000","°C","962.000","hPa","0.861","-0.02617","0.00035","0","0","13.56","Humid","35.35","0","78.50","295741.68","SABD0002000014","AAV2.0.0.13","3.0.1.1413","PSt7-10","180509-002","6/18/2019 6:15:17 AM","0000-00","0","no battery","V"
"07/13/2019","07:02:13","9","default","116269760","OXY_CH9","55.256","min","324.268","μmol/L","Humid","17.882","deg","91342","µV","20.260","°C","1013.000","hPa","36.5","pmil","0","55.690","deg","20.000","°C","100.000","%a.s.","22.400","deg","20.000","°C","962.000","hPa","0.861","-0.02617","0.00035","0","0","13.56","Humid","35.35","0","78.50","295752.64","SABD0002000014","AAV2.0.0.13","3.0.1.1413","PSt7-10","180509-002","6/18/2019 6:15:17 AM","0000-00","0","no battery","V"
"07/13/2019","07:02:14","9","default","116269760","OXY_CH9","55.272","min","324.357","μmol/L","Humid","17.881","deg","91339","µV","20.254","°C","1013.000","hPa","36.5","pmil","0","55.690","deg","20.000","°C","100.000","%a.s.","22.400","deg","20.000","°C","962.000","hPa","0.861","-0.02617","0.00035","0","0","13.56","Humid","35.35","0","78.50","295748.87","SABD0002000014","AAV2.0.0.13","3.0.1.1413","PSt7-10","180509-002","6/18/2019 6:15:17 AM","0000-00","0","no battery","V"
"07/13/2019","07:02:15","9","default","116269760","OXY_CH9","55.289","min","324.237","μmol/L","Humid","17.883","deg","91325","µV","20.260","°C","1013.000","hPa","36.5","pmil","0","55.690","deg","20.000","°C","100.000","%a.s.","22.400","deg","20.000","°C","962.000","hPa","0.861","-0.02617","0.00035","0","0","13.56","Humid","35.35","0","78.50","295757.79","SABD0002000014","AAV2.0.0.13","3.0.1.1413","PSt7-10","180509-002","6/18/2019 6:15:17 AM","0000-00","0","no battery","V"
"07/13/2019","07:02:16","9","default","116269760","OXY_CH9","55.305","min","324.300","μmol/L","Humid","17.881","deg","91296","µV","20.260","°C","1013.000","hPa","36.5","pmil","0","55.690","deg","20.000","°C","100.000","%a.s.","22.400","deg","20.000","°C","962.000","hPa","0.861","-0.02617","0.00035","0","0","13.56","Humid","35.35","0","78.50","295750.29","SABD0002000014","AAV2.0.0.13","3.0.1.1413","PSt7-10","180509-002","6/18/2019 6:15:17 AM","0000-00","0","no battery","V"
"07/13/2019","07:02:17","9","default","116269760","OXY_CH9","55.322","min","324.452","μmol/L","Humid","17.878","deg","91299","µV","20.254","°C","1013.000","hPa","36.5","pmil","0","55.690","deg","20.000","°C","100.000","%a.s.","22.400","deg","20.000","°C","962.000","hPa","0.861","-0.02617","0.00035","0","0","13.56","Humid","35.35","0","78.50","295742.86","SABD0002000014","AAV2.0.0.13","3.0.1.1413","PSt7-10","180509-002","6/18/2019 6:15:17 AM","0000-00","0","no battery","V"
"07/13/2019","07:02:18","9","default","116269760","OXY_CH9","55.339","min","324.363","μmol/L","Humid","17.879","deg","91299","µV","20.260","°C","1013.000","hPa","36.5","pmil","0","55.690","deg","20.000","°C","100.000","%a.s.","22.400","deg","20.000","°C","962.000","hPa","0.861","-0.02617","0.00035","0","0","13.56","Humid","35.35","0","78.50","295752.69","SABD0002000014","AAV2.0.0.13","3.0.1.1413","PSt7-10","180509-002","6/18/2019 6:15:17 AM","0000-00","0","no battery","V"
"07/13/2019","07:02:19","9","default","116269760","OXY_CH9","55.355","min","324.452","μmol/L","Humid","17.878","deg","91293","µV","20.254","°C","1013.000","hPa","36.5","pmil","0","55.690","deg","20.000","°C","100.000","%a.s.","22.400","deg","20.000","°C","962.000","hPa","0.861","-0.02617","0.00035","0","0","13.56","Humid","35.35","0","78.50","295746.82","SABD0002000014","AAV2.0.0.13","3.0.1.1413","PSt7-10","180509-002","6/18/2019 6:15:17 AM","0000-00","0","no battery","V"
"07/13/2019","07:02:20","9","default","116269760","OXY_CH9","55.372","min","324.615","μmol/L","Humid","17.871","deg","91288","µV","20.260","°C","1013.000","hPa","36.5","pmil","0","55.690","deg","20.000","°C","100.000","%a.s.","22.400","deg","20.000","°C","962.000","hPa","0.861","-0.02617","0.00035","0","0","13.56","Humid","35.35","0","78.50","295756.38","SABD0002000014","AAV2.0.0.13","3.0.1.1413","PSt7-10","180509-002","6/18/2019 6:15:17 AM","0000-00","0","no battery","V"
"07/13/2019","07:02:21","9","default","116269760","OXY_CH9","55.389","min","324.552","μmol/L","Humid","17.873","deg","91282","µV","20.260","°C","1013.000","hPa","36.5","pmil","0","55.690","deg","20.000","°C","100.000","%a.s.","22.400","deg","20.000","°C","962.000","hPa","0.861","-0.02617","0.00035","0","0","13.56","Humid","35.35","0","78.50","295743.62","SABD0002000014","AAV2.0.0.13","3.0.1.1413","PSt7-10","180509-002","6/18/2019 6:15:17 AM","0000-00","0","no battery","V"
"07/13/2019","07:02:22","9","default","116269760","OXY_CH9","55.405","min","324.672","μmol/L","Humid","17.871","deg","91245","µV","20.254","°C","1013.000","hPa","36.5","pmil","0","55.690","deg","20.000","°C","100.000","%a.s.","22.400","deg","20.000","°C","962.000","hPa","0.861","-0.02617","0.00035","0","0","13.56","Humid","35.35","0","78.50","295753.07","SABD0002000014","AAV2.0.0.13","3.0.1.1413","PSt7-10","180509-002","6/18/2019 6:15:17 AM","0000-00","0","no battery","V"
"07/13/2019","07:02:23","9","default","116269760","OXY_CH9","55.422","min","324.578","μmol/L","Humid","17.874","deg","91268","µV","20.254","°C","1013.000","hPa","36.5","pmil","0","55.690","deg","20.000","°C","100.000","%a.s.","22.400","deg","20.000","°C","962.000","hPa","0.861","-0.02617","0.00035","0","0","13.56","Humid","35.35","0","78.50","295750.72","SABD0002000014","AAV2.0.0.13","3.0.1.1413","PSt7-10","180509-002","6/18/2019 6:15:17 AM","0000-00","0","no battery","V"
"07/13/2019","07:02:24","9","default","116269760","OXY_CH9","55.439","min","324.647","μmol/L","Humid","17.870","deg","91249","µV","20.260","°C","1013.000","hPa","36.5","pmil","0","55.690","deg","20.000","°C","100.000","%a.s.","22.400","deg","20.000","°C","962.000","hPa","0.861","-0.02617","0.00035","0","0","13.56","Humid","35.35","0","78.50","295757.43","SABD0002000014","AAV2.0.0.13","3.0.1.1413","PSt7-10","180509-002","6/18/2019 6:15:17 AM","0000-00","0","no battery","V"
"07/13/2019","07:02:25","9","default","116269760","OXY_CH9","55.456","min","324.647","μmol/L","Humid","17.870","deg","91240","µV","20.260","°C","1013.000","hPa","36.5","pmil","0","55.690","deg","20.000","°C","100.000","%a.s.","22.400","deg","20.000","°C","962.000","hPa","0.861","-0.02617","0.00035","0","0","13.56","Humid","35.35","0","78.50","295753.04","SABD0002000014","AAV2.0.0.13","3.0.1.1413","PSt7-10","180509-002","6/18/2019 6:15:17 AM","0000-00","0","no battery","V"
"07/13/2019","07:02:26","9","default","116269760","OXY_CH9","55.472","min","324.793","μmol/L","Humid","17.869","deg","91238","µV","20.248","°C","1013.000","hPa","36.5","pmil","0","55.690","deg","20.000","°C","100.000","%a.s.","22.400","deg","20.000","°C","962.000","hPa","0.861","-0.02617","0.00035","0","0","13.56","Humid","35.35","0","78.50","295751.41","SABD0002000014","AAV2.0.0.13","3.0.1.1413","PSt7-10","180509-002","6/18/2019 6:15:17 AM","0000-00","0","no battery","V"
"07/13/2019","07:02:27","9","default","116269760","OXY_CH9","55.489","min","324.773","μmol/L","Humid","17.866","deg","91229","µV","20.260","°C","1013.000","hPa","36.5","pmil","0","55.690","deg","20.000","°C","100.000","%a.s.","22.400","deg","20.000","°C","962.000","hPa","0.861","-0.02617","0.00035","0","0","13.56","Humid","35.35","0","78.50","295754.16","SABD0002000014","AAV2.0.0.13","3.0.1.1413","PSt7-10","180509-002","6/18/2019 6:15:17 AM","0000-00","0","no battery","V"
"07/13/2019","07:02:28","9","default","116269760","OXY_CH9","55.505","min","324.741","μmol/L","Humid","17.867","deg","91215","µV","20.260","°C","1013.000","hPa","36.5","pmil","0","55.690","deg","20.000","°C","100.000","%a.s.","22.400","deg","20.000","°C","962.000","hPa","0.861","-0.02617","0.00035","0","0","13.56","Humid","35.35","0","78.50","295750.24","SABD0002000014","AAV2.0.0.13","3.0.1.1413","PSt7-10","180509-002","6/18/2019 6:15:17 AM","0000-00","0","no battery","V"
"07/13/2019","07:02:29","9","default","116269760","OXY_CH9","55.522","min","324.773","μmol/L","Humid","17.866","deg","91218","µV","20.260","°C","1013.000","hPa","36.5","pmil","0","55.690","deg","20.000","°C","100.000","%a.s.","22.400","deg","20.000","°C","962.000","hPa","0.861","-0.02617","0.00035","0","0","13.56","Humid","35.35","0","78.50","295758.61","SABD0002000014","AAV2.0.0.13","3.0.1.1413","PSt7-10","180509-002","6/18/2019 6:15:17 AM","0000-00","0","no battery","V"
"07/13/2019","07:02:30","9","default","116269760","OXY_CH9","55.539","min","324.741","μmol/L","Humid","17.867","deg","91213","µV","20.260","°C","1013.000","hPa","36.5","pmil","0","55.690","deg","20.000","°C","100.000","%a.s.","22.400","deg","20.000","°C","962.000","hPa","0.861","-0.02617","0.00035","0","0","13.56","Humid","35.35","0","78.50","295770.61","SABD0002000014","AAV2.0.0.13","3.0.1.1413","PSt7-10","180509-002","6/18/2019 6:15:17 AM","0000-00","0","no battery","V"
"07/13/2019","07:02:31","9","default","116269760","OXY_CH9","55.556","min","324.836","μmol/L","Humid","17.864","deg","91200","µV","20.260","°C","1013.000","hPa","36.5","pmil","0","55.690","deg","20.000","°C","100.000","%a.s.","22.400","deg","20.000","°C","962.000","hPa","0.861","-0.02617","0.00035","0","0","13.56","Humid","35.35","0","78.50","295758.70","SABD0002000014","AAV2.0.0.13","3.0.1.1413","PSt7-10","180509-002","6/18/2019 6:15:17 AM","0000-00","0","no battery","V"
"07/13/2019","07:02:32","9","default","116269760","OXY_CH9","55.572","min","324.842","μmol/L","Humid","17.862","deg","91202","µV","20.266","°C","1013.000","hPa","36.5","pmil","0","55.690","deg","20.000","°C","100.000","%a.s.","22.400","deg","20.000","°C","962.000","hPa","0.861","-0.02617","0.00035","0","0","13.56","Humid","35.35","0","78.50","295761.59","SABD0002000014","AAV2.0.0.13","3.0.1.1413","PSt7-10","180509-002","6/18/2019 6:15:17 AM","0000-00","0","no battery","V"
"07/13/2019","07:02:33","9","default","116269760","OXY_CH9","55.589","min","324.994","μmol/L","Humid","17.859","deg","91192","µV","20.260","°C","1013.000","hPa","36.5","pmil","0","55.690","deg","20.000","°C","100.000","%a.s.","22.400","deg","20.000","°C","962.000","hPa","0.861","-0.02617","0.00035","0","0","13.56","Humid","35.35","0","78.50","295768.60","SABD0002000014","AAV2.0.0.13","3.0.1.1413","PSt7-10","180509-002","6/18/2019 6:15:17 AM","0000-00","0","no battery","V"
"07/13/2019","07:02:34","9","default","116269760","OXY_CH9","55.606","min","324.962","μmol/L","Humid","17.860","deg","91184","µV","20.260","°C","1013.000","hPa","36.5","pmil","0","55.690","deg","20.000","°C","100.000","%a.s.","22.400","deg","20.000","°C","962.000","hPa","0.861","-0.02617","0.00035","0","0","13.56","Humid","35.35","0","78.50","295760.05","SABD0002000014","AAV2.0.0.13","3.0.1.1413","PSt7-10","180509-002","6/18/2019 6:15:17 AM","0000-00","0","no battery","V"
"07/13/2019","07:02:35","9","default","116269760","OXY_CH9","55.622","min","324.968","μmol/L","Humid","17.858","deg","91181","µV","20.266","°C","1013.000","hPa","36.5","pmil","0","55.690","deg","20.000","°C","100.000","%a.s.","22.400","deg","20.000","°C","962.000","hPa","0.861","-0.02617","0.00035","0","0","13.56","Humid","35.35","0","78.50","295768.81","SABD0002000014","AAV2.0.0.13","3.0.1.1413","PSt7-10","180509-002","6/18/2019 6:15:17 AM","0000-00","0","no battery","V"
"07/13/2019","07:02:36","9","default","116269760","OXY_CH9","55.639","min","325.031","μmol/L","Humid","17.856","deg","91181","µV","20.266","°C","1013.000","hPa","36.5","pmil","0","55.690","deg","20.000","°C","100.000","%a.s.","22.400","deg","20.000","°C","962.000","hPa","0.861","-0.02617","0.00035","0","0","13.56","Humid","35.35","0","78.50","295768.16","SABD0002000014","AAV2.0.0.13","3.0.1.1413","PSt7-10","180509-002","6/18/2019 6:15:17 AM","0000-00","0","no battery","V"
"07/13/2019","07:02:37","9","default","116269760","OXY_CH9","55.656","min","325.095","μmol/L","Humid","17.854","deg","91175","µV","20.266","°C","1013.000","hPa","36.5","pmil","0","55.690","deg","20.000","°C","100.000","%a.s.","22.400","deg","20.000","°C","962.000","hPa","0.861","-0.02617","0.00035","0","0","13.56","Humid","35.35","0","78.50","295779.61","SABD0002000014","AAV2.0.0.13","3.0.1.1413","PSt7-10","180509-002","6/18/2019 6:15:17 AM","0000-00","0","no battery","V"
"07/13/2019","07:02:38","9","default","116269760","OXY_CH9","55.672","min","325.132","μmol/L","Humid","17.851","deg","91151","µV","20.273","°C","1013.000","hPa","36.5","pmil","0","55.690","deg","20.000","°C","100.000","%a.s.","22.400","deg","20.000","°C","962.000","hPa","0.861","-0.02617","0.00035","0","0","13.56","Humid","35.35","0","78.50","295757.66","SABD0002000014","AAV2.0.0.13","3.0.1.1413","PSt7-10","180509-002","6/18/2019 6:15:17 AM","0000-00","0","no battery","V"
"07/13/2019","07:02:39","9","default","116269760","OXY_CH9","55.689","min","325.195","μmol/L","Humid","17.849","deg","91150","µV","20.273","°C","1013.000","hPa","36.5","pmil","0","55.690","deg","20.000","°C","100.000","%a.s.","22.400","deg","20.000","°C","962.000","hPa","0.861","-0.02617","0.00035","0","0","13.56","Humid","35.35","0","78.50","295770.99","SABD0002000014","AAV2.0.0.13","3.0.1.1413","PSt7-10","180509-002","6/18/2019 6:15:17 AM","0000-00","0","no battery","V"
"07/13/2019","07:02:40","9","default","116269760","OXY_CH9","55.706","min","325.063","μmol/L","Humid","17.855","deg","91151","µV","20.266","°C","1013.000","hPa","36.5","pmil","0","55.690","deg","20.000","°C","100.000","%a.s.","22.400","deg","20.000","°C","962.000","hPa","0.861","-0.02617","0.00035","0","0","13.56","Humid","35.35","0","78.50","295766.46","SABD0002000014","AAV2.0.0.13","3.0.1.1413","PSt7-10","180509-002","6/18/2019 6:15:17 AM","0000-00","0","no battery","V"
"07/13/2019","07:02:41","9","default","116269760","OXY_CH9","55.722","min","325.069","μmol/L","Humid","17.853","deg","91141","µV","20.273","°C","1013.000","hPa","36.5","pmil","0","55.690","deg","20.000","°C","100.000","%a.s.","22.400","deg","20.000","°C","962.000","hPa","0.861","-0.02617","0.00035","0","0","13.56","Humid","35.35","0","78.50","295771.05","SABD0002000014","AAV2.0.0.13","3.0.1.1413","PSt7-10","180509-002","6/18/2019 6:15:17 AM","0000-00","0","no battery","V"
"07/13/2019","07:02:42","9","default","116269760","OXY_CH9","55.739","min","325.227","μmol/L","Humid","17.848","deg","91134","µV","20.273","°C","1013.000","hPa","36.5","pmil","0","55.690","deg","20.000","°C","100.000","%a.s.","22.400","deg","20.000","°C","962.000","hPa","0.861","-0.02617","0.00035","0","0","13.56","Humid","35.35","0","78.50","295767.14","SABD0002000014","AAV2.0.0.13","3.0.1.1413","PSt7-10","180509-002","6/18/2019 6:15:17 AM","0000-00","0","no battery","V"
"07/13/2019","07:02:43","9","default","116269760","OXY_CH9","55.756","min","325.215","μmol/L","Humid","17.852","deg","91126","µV","20.260","°C","1013.000","hPa","36.5","pmil","0","55.690","deg","20.000","°C","100.000","%a.s.","22.400","deg","20.000","°C","962.000","hPa","0.861","-0.02617","0.00035","0","0","13.56","Humid","35.35","0","78.50","295761.91","SABD0002000014","AAV2.0.0.13","3.0.1.1413","PSt7-10","180509-002","6/18/2019 6:15:17 AM","0000-00","0","no battery","V"
"07/13/2019","07:02:44","9","default","116269760","OXY_CH9","55.773","min","325.259","μmol/L","Humid","17.847","deg","91118","µV","20.273","°C","1013.000","hPa","36.5","pmil","0","55.690","deg","20.000","°C","100.000","%a.s.","22.400","deg","20.000","°C","962.000","hPa","0.861","-0.02617","0.00035","0","0","13.56","Humid","35.35","0","78.50","295759.99","SABD0002000014","AAV2.0.0.13","3.0.1.1413","PSt7-10","180509-002","6/18/2019 6:15:17 AM","0000-00","0","no battery","V"
"07/13/2019","07:02:45","9","default","116269760","OXY_CH9","55.789","min","325.265","μmol/L","Humid","17.845","deg","91119","µV","20.279","°C","1013.000","hPa","36.5","pmil","0","55.690","deg","20.000","°C","100.000","%a.s.","22.400","deg","20.000","°C","962.000","hPa","0.861","-0.02617","0.00035","0","0","13.56","Humid","35.35","0","78.50","295767.77","SABD0002000014","AAV2.0.0.13","3.0.1.1413","PSt7-10","180509-002","6/18/2019 6:15:17 AM","0000-00","0","no battery","V"
"07/13/2019","07:02:46","9","default","116269760","OXY_CH9","55.806","min","325.379","μmol/L","Humid","17.845","deg","91103","µV","20.266","°C","1013.000","hPa","36.5","pmil","0","55.690","deg","20.000","°C","100.000","%a.s.","22.400","deg","20.000","°C","962.000","hPa","0.861","-0.02617","0.00035","0","0","13.56","Humid","35.35","0","78.50","295769.18","SABD0002000014","AAV2.0.0.13","3.0.1.1413","PSt7-10","180509-002","6/18/2019 6:15:17 AM","0000-00","0","no battery","V"
"07/13/2019","07:02:47","9","default","116269760","OXY_CH9","55.822","min","325.500","μmol/L","Humid","17.843","deg","91094","µV","20.260","°C","1013.000","hPa","36.5","pmil","0","55.690","deg","20.000","°C","100.000","%a.s.","22.400","deg","20.000","°C","962.000","hPa","0.861","-0.02617","0.00035","0","0","13.56","Humid","35.35","0","78.50","295759.98","SABD0002000014","AAV2.0.0.13","3.0.1.1413","PSt7-10","180509-002","6/18/2019 6:15:17 AM","0000-00","0","no battery","V"
"07/13/2019","07:02:48","9","default","116269760","OXY_CH9","55.839","min","325.474","μmol/L","Humid","17.842","deg","91104","µV","20.266","°C","1013.000","hPa","36.5","pmil","0","55.690","deg","20.000","°C","100.000","%a.s.","22.400","deg","20.000","°C","962.000","hPa","0.861","-0.02617","0.00035","0","0","13.56","Humid","35.35","0","78.50","295772.27","SABD0002000014","AAV2.0.0.13","3.0.1.1413","PSt7-10","180509-002","6/18/2019 6:15:17 AM","0000-00","0","no battery","V"
"07/13/2019","07:02:49","9","default","116269760","OXY_CH9","55.855","min","325.417","μmol/L","Humid","17.842","deg","91083","µV","20.273","°C","1013.000","hPa","36.5","pmil","0","55.690","deg","20.000","°C","100.000","%a.s.","22.400","deg","20.000","°C","962.000","hPa","0.861","-0.02617","0.00035","0","0","13.56","Humid","35.35","0","78.50","295762.88","SABD0002000014","AAV2.0.0.13","3.0.1.1413","PSt7-10","180509-002","6/18/2019 6:15:17 AM","0000-00","0","no battery","V"
"07/13/2019","07:02:50","9","default","116269760","OXY_CH9","55.872","min","325.385","μmol/L","Humid","17.843","deg","91082","µV","20.273","°C","1013.000","hPa","36.5","pmil","0","55.690","deg","20.000","°C","100.000","%a.s.","22.400","deg","20.000","°C","962.000","hPa","0.861","-0.02617","0.00035","0","0","13.56","Humid","35.35","0","78.50","295766.48","SABD0002000014","AAV2.0.0.13","3.0.1.1413","PSt7-10","180509-002","6/18/2019 6:15:17 AM","0000-00","0","no battery","V"
"07/13/2019","07:02:51","9","default","116269760","OXY_CH9","55.889","min","325.544","μmol/L","Humid","17.838","deg","91068","µV","20.273","°C","1013.000","hPa","36.5","pmil","0","55.690","deg","20.000","°C","100.000","%a.s.","22.400","deg","20.000","°C","962.000","hPa","0.861","-0.02617","0.00035","0","0","13.56","Humid","35.35","0","78.50","295764.20","SABD0002000014","AAV2.0.0.13","3.0.1.1413","PSt7-10","180509-002","6/18/2019 6:15:17 AM","0000-00","0","no battery","V"
"07/13/2019","07:02:52","9","default","116269760","OXY_CH9","55.905","min","325.670","μmol/L","Humid","17.834","deg","91064","µV","20.273","°C","1013.000","hPa","36.5","pmil","0","55.690","deg","20.000","°C","100.000","%a.s.","22.400","deg","20.000","°C","962.000","hPa","0.861","-0.02617","0.00035","0","0","13.56","Humid","35.35","0","78.50","295769.78","SABD0002000014","AAV2.0.0.13","3.0.1.1413","PSt7-10","180509-002","6/18/2019 6:15:17 AM","0000-00","0","no battery","V"
"07/13/2019","07:02:53","9","default","116269760","OXY_CH9","55.922","min","325.728","μmol/L","Humid","17.834","deg","91055","µV","20.266","°C","1013.000","hPa","36.5","pmil","0","55.690","deg","20.000","°C","100.000","%a.s.","22.400","deg","20.000","°C","962.000","hPa","0.861","-0.02617","0.00035","0","0","13.56","Humid","35.35","0","78.50","295768.72","SABD0002000014","AAV2.0.0.13","3.0.1.1413","PSt7-10","180509-002","6/18/2019 6:15:17 AM","0000-00","0","no battery","V"
"07/13/2019","07:02:54","9","default","116269760","OXY_CH9","55.939","min","325.607","μmol/L","Humid","17.836","deg","91052","µV","20.273","°C","1013.000","hPa","36.5","pmil","0","55.690","deg","20.000","°C","100.000","%a.s.","22.400","deg","20.000","°C","962.000","hPa","0.861","-0.02617","0.00035","0","0","13.56","Humid","35.35","0","78.50","295768.91","SABD0002000014","AAV2.0.0.13","3.0.1.1413","PSt7-10","180509-002","6/18/2019 6:15:17 AM","0000-00","0","no battery","V"
"07/13/2019","07:02:55","9","default","116269760","OXY_CH9","55.956","min","325.734","μmol/L","Humid","17.832","deg","91044","µV","20.273","°C","1013.000","hPa","36.5","pmil","0","55.690","deg","20.000","°C","100.000","%a.s.","22.400","deg","20.000","°C","962.000","hPa","0.861","-0.02617","0.00035","0","0","13.56","Humid","35.35","0","78.50","295784.49","SABD0002000014","AAV2.0.0.13","3.0.1.1413","PSt7-10","180509-002","6/18/2019 6:15:17 AM","0000-00","0","no battery","V"
"07/13/2019","07:02:56","9","default","116269760","OXY_CH9","55.972","min","325.670","μmol/L","Humid","17.834","deg","91043","µV","20.273","°C","1013.000","hPa","36.5","pmil","0","55.690","deg","20.000","°C","100.000","%a.s.","22.400","deg","20.000","°C","962.000","hPa","0.861","-0.02617","0.00035","0","0","13.56","Humid","35.35","0","78.50","295769.67","SABD0002000014","AAV2.0.0.13","3.0.1.1413","PSt7-10","180509-002","6/18/2019 6:15:17 AM","0000-00","0","no battery","V"
"07/13/2019","07:02:57","9","default","116269760","OXY_CH9","55.989","min","325.765","μmol/L","Humid","17.831","deg","91034","µV","20.273","°C","1013.000","hPa","36.5","pmil","0","55.690","deg","20.000","°C","100.000","%a.s.","22.400","deg","20.000","°C","962.000","hPa","0.861","-0.02617","0.00035","0","0","13.56","Humid","35.35","0","78.50","295766.89","SABD0002000014","AAV2.0.0.13","3.0.1.1413","PSt7-10","180509-002","6/18/2019 6:15:17 AM","0000-00","0","no battery","V"
"07/13/2019","07:02:58","9","default","116269760","OXY_CH9","56.005","min","325.734","μmol/L","Humid","17.832","deg","91027","µV","20.273","°C","1013.000","hPa","36.5","pmil","0","55.690","deg","20.000","°C","100.000","%a.s.","22.400","deg","20.000","°C","962.000","hPa","0.861","-0.02617","0.00035","0","0","13.56","Humid","35.35","0","78.50","295755.24","SABD0002000014","AAV2.0.0.13","3.0.1.1413","PSt7-10","180509-002","6/18/2019 6:15:17 AM","0000-00","0","no battery","V"
"07/13/2019","07:02:59","9","default","116269760","OXY_CH9","56.023","min","325.861","μmol/L","Humid","17.828","deg","91027","µV","20.273","°C","1013.000","hPa","36.5","pmil","0","55.690","deg","20.000","°C","100.000","%a.s.","22.400","deg","20.000","°C","962.000","hPa","0.861","-0.02617","0.00035","0","0","13.56","Humid","35.35","0","78.50","295775.85","SABD0002000014","AAV2.0.0.13","3.0.1.1413","PSt7-10","180509-002","6/18/2019 6:15:17 AM","0000-00","0","no battery","V"
"07/13/2019","07:03:00","9","default","116269760","OXY_CH9","56.039","min","326.108","μmol/L","Humid","17.822","deg","91014","µV","20.266","°C","1013.000","hPa","36.5","pmil","0","55.690","deg","20.000","°C","100.000","%a.s.","22.400","deg","20.000","°C","962.000","hPa","0.861","-0.02617","0.00035","0","0","13.56","Humid","35.35","0","78.50","295772.11","SABD0002000014","AAV2.0.0.13","3.0.1.1413","PSt7-10","180509-002","6/18/2019 6:15:17 AM","0000-00","0","no battery","V"
"07/13/2019","07:03:01","9","default","116269760","OXY_CH9","56.056","min","325.930","μmol/L","Humid","17.824","deg","91006","µV","20.279","°C","1013.000","hPa","36.5","pmil","0","55.690","deg","20.000","°C","100.000","%a.s.","22.400","deg","20.000","°C","962.000","hPa","0.861","-0.02617","0.00035","0","0","13.56","Humid","35.35","0","78.50","295786.63","SABD0002000014","AAV2.0.0.13","3.0.1.1413","PSt7-10","180509-002","6/18/2019 6:15:17 AM","0000-00","0","no battery","V"
"07/13/2019","07:03:02","9","default","116269760","OXY_CH9","56.072","min","325.835","μmol/L","Humid","17.827","deg","90994","µV","20.279","°C","1013.000","hPa","36.5","pmil","0","55.690","deg","20.000","°C","100.000","%a.s.","22.400","deg","20.000","°C","962.000","hPa","0.861","-0.02617","0.00035","0","0","13.56","Humid","35.35","0","78.50","295772.10","SABD0002000014","AAV2.0.0.13","3.0.1.1413","PSt7-10","180509-002","6/18/2019 6:15:17 AM","0000-00","0","no battery","V"
"07/13/2019","07:03:03","9","default","116269760","OXY_CH9","56.089","min","326.077","μmol/L","Humid","17.823","deg","90989","µV","20.266","°C","1013.000","hPa","36.5","pmil","0","55.690","deg","20.000","°C","100.000","%a.s.","22.400","deg","20.000","°C","962.000","hPa","0.861","-0.02617","0.00035","0","0","13.56","Humid","35.35","0","78.50","295772.97","SABD0002000014","AAV2.0.0.13","3.0.1.1413","PSt7-10","180509-002","6/18/2019 6:15:17 AM","0000-00","0","no battery","V"
"07/13/2019","07:03:04","9","default","116269760","OXY_CH9","56.106","min","326.083","μmol/L","Humid","17.821","deg","90986","µV","20.273","°C","1013.000","hPa","36.5","pmil","0","55.690","deg","20.000","°C","100.000","%a.s.","22.400","deg","20.000","°C","962.000","hPa","0.861","-0.02617","0.00035","0","0","13.56","Humid","35.35","0","78.50","295773.25","SABD0002000014","AAV2.0.0.13","3.0.1.1413","PSt7-10","180509-002","6/18/2019 6:15:17 AM","0000-00","0","no battery","V"
"07/13/2019","07:03:05","9","default","116269760","OXY_CH9","56.122","min","326.083","μmol/L","Humid","17.821","deg","90972","µV","20.273","°C","1013.000","hPa","36.5","pmil","0","55.690","deg","20.000","°C","100.000","%a.s.","22.400","deg","20.000","°C","962.000","hPa","0.861","-0.02617","0.00035","0","0","13.56","Humid","35.35","0","78.50","295773.47","SABD0002000014","AAV2.0.0.13","3.0.1.1413","PSt7-10","180509-002","6/18/2019 6:15:17 AM","0000-00","0","no battery","V"
"07/13/2019","07:03:06","9","default","116269760","OXY_CH9","56.139","min","326.152","μmol/L","Humid","17.817","deg","90965","µV","20.279","°C","1013.000","hPa","36.5","pmil","0","55.690","deg","20.000","°C","100.000","%a.s.","22.400","deg","20.000","°C","962.000","hPa","0.861","-0.02617","0.00035","0","0","13.56","Humid","35.35","0","78.50","295780.42","SABD0002000014","AAV2.0.0.13","3.0.1.1413","PSt7-10","180509-002","6/18/2019 6:15:17 AM","0000-00","0","no battery","V"
"07/13/2019","07:03:07","9","default","116269760","OXY_CH9","56.156","min","326.152","μmol/L","Humid","17.817","deg","90960","µV","20.279","°C","1013.000","hPa","36.5","pmil","0","55.690","deg","20.000","°C","100.000","%a.s.","22.400","deg","20.000","°C","962.000","hPa","0.861","-0.02617","0.00035","0","0","13.56","Humid","35.35","0","78.50","295783.30","SABD0002000014","AAV2.0.0.13","3.0.1.1413","PSt7-10","180509-002","6/18/2019 6:15:17 AM","0000-00","0","no battery","V"
"07/13/2019","07:03:08","9","default","116269760","OXY_CH9","56.172","min","326.126","μmol/L","Humid","17.816","deg","90957","µV","20.285","°C","1013.000","hPa","36.5","pmil","0","55.690","deg","20.000","°C","100.000","%a.s.","22.400","deg","20.000","°C","962.000","hPa","0.861","-0.02617","0.00035","0","0","13.56","Humid","35.35","0","78.50","295782.77","SABD0002000014","AAV2.0.0.13","3.0.1.1413","PSt7-10","180509-002","6/18/2019 6:15:17 AM","0000-00","0","no battery","V"
"07/13/2019","07:03:09","9","default","116269760","OXY_CH9","56.189","min","326.184","μmol/L","Humid","17.816","deg","90953","µV","20.279","°C","1013.000","hPa","36.5","pmil","0","55.690","deg","20.000","°C","100.000","%a.s.","22.400","deg","20.000","°C","962.000","hPa","0.861","-0.02617","0.00035","0","0","13.56","Humid","35.35","0","78.50","295784.08","SABD0002000014","AAV2.0.0.13","3.0.1.1413","PSt7-10","180509-002","6/18/2019 6:15:17 AM","0000-00","0","no battery","V"
"07/13/2019","07:03:10","9","default","116269760","OXY_CH9","56.206","min","326.305","μmol/L","Humid","17.814","deg","90940","µV","20.273","°C","1013.000","hPa","36.5","pmil","0","55.690","deg","20.000","°C","100.000","%a.s.","22.400","deg","20.000","°C","962.000","hPa","0.861","-0.02617","0.00035","0","0","13.56","Humid","35.35","0","78.50","295788.22","SABD0002000014","AAV2.0.0.13","3.0.1.1413","PSt7-10","180509-002","6/18/2019 6:15:17 AM","0000-00","0","no battery","V"
"07/13/2019","07:03:11","9","default","116269760","OXY_CH9","56.222","min","326.343","μmol/L","Humid","17.811","deg","90927","µV","20.279","°C","1013.000","hPa","36.5","pmil","0","55.690","deg","20.000","°C","100.000","%a.s.","22.400","deg","20.000","°C","962.000","hPa","0.861","-0.02617","0.00035","0","0","13.56","Humid","35.35","0","78.50","295779.87","SABD0002000014","AAV2.0.0.13","3.0.1.1413","PSt7-10","180509-002","6/18/2019 6:15:17 AM","0000-00","0","no battery","V"
"07/13/2019","07:03:12","9","default","116269760","OXY_CH9","56.239","min","326.400","μmol/L","Humid","17.811","deg","90933","µV","20.273","°C","1013.000","hPa","36.5","pmil","0","55.690","deg","20.000","°C","100.000","%a.s.","22.400","deg","20.000","°C","962.000","hPa","0.861","-0.02617","0.00035","0","0","13.56","Humid","35.35","0","78.50","295776.90","SABD0002000014","AAV2.0.0.13","3.0.1.1413","PSt7-10","180509-002","6/18/2019 6:15:17 AM","0000-00","0","no battery","V"
"07/13/2019","07:03:13","9","default","116269760","OXY_CH9","56.256","min","326.349","μmol/L","Humid","17.809","deg","90921","µV","20.285","°C","1013.000","hPa","36.5","pmil","0","55.690","deg","20.000","°C","100.000","%a.s.","22.400","deg","20.000","°C","962.000","hPa","0.861","-0.02617","0.00035","0","0","13.56","Humid","35.35","0","78.50","295787.90","SABD0002000014","AAV2.0.0.13","3.0.1.1413","PSt7-10","180509-002","6/18/2019 6:15:17 AM","0000-00","0","no battery","V"
"07/13/2019","07:03:14","9","default","116269760","OXY_CH9","56.272","min","326.406","μmol/L","Humid","17.809","deg","90914","µV","20.279","°C","1013.000","hPa","36.5","pmil","0","55.690","deg","20.000","°C","100.000","%a.s.","22.400","deg","20.000","°C","962.000","hPa","0.861","-0.02617","0.00035","0","0","13.56","Humid","35.35","0","78.50","295776.65","SABD0002000014","AAV2.0.0.13","3.0.1.1413","PSt7-10","180509-002","6/18/2019 6:15:17 AM","0000-00","0","no battery","V"
"07/13/2019","07:03:15","9","default","116269760","OXY_CH9","56.289","min","326.380","μmol/L","Humid","17.808","deg","90905","µV","20.285","°C","1013.000","hPa","36.5","pmil","0","55.690","deg","20.000","°C","100.000","%a.s.","22.400","deg","20.000","°C","962.000","hPa","0.861","-0.02617","0.00035","0","0","13.56","Humid","35.35","0","78.50","295774.07","SABD0002000014","AAV2.0.0.13","3.0.1.1413","PSt7-10","180509-002","6/18/2019 6:15:17 AM","0000-00","0","no battery","V"
"07/13/2019","07:03:16","9","default","116269760","OXY_CH9","56.306","min","326.380","μmol/L","Humid","17.808","deg","90904","µV","20.285","°C","1013.000","hPa","36.5","pmil","0","55.690","deg","20.000","°C","100.000","%a.s.","22.400","deg","20.000","°C","962.000","hPa","0.861","-0.02617","0.00035","0","0","13.56","Humid","35.35","0","78.50","295780.11","SABD0002000014","AAV2.0.0.13","3.0.1.1413","PSt7-10","180509-002","6/18/2019 6:15:17 AM","0000-00","0","no battery","V"
"07/13/2019","07:03:17","9","default","116269760","OXY_CH9","56.322","min","326.661","μmol/L","Humid","17.801","deg","90894","µV","20.279","°C","1013.000","hPa","36.5","pmil","0","55.690","deg","20.000","°C","100.000","%a.s.","22.400","deg","20.000","°C","962.000","hPa","0.861","-0.02617","0.00035","0","0","13.56","Humid","35.35","0","78.50","295777.37","SABD0002000014","AAV2.0.0.13","3.0.1.1413","PSt7-10","180509-002","6/18/2019 6:15:17 AM","0000-00","0","no battery","V"
"07/13/2019","07:03:18","9","default","116269760","OXY_CH9","56.339","min","326.565","μmol/L","Humid","17.804","deg","90893","µV","20.279","°C","1013.000","hPa","36.5","pmil","0","55.690","deg","20.000","°C","100.000","%a.s.","22.400","deg","20.000","°C","962.000","hPa","0.861","-0.02617","0.00035","0","0","13.56","Humid","35.35","0","78.50","295781.60","SABD0002000014","AAV2.0.0.13","3.0.1.1413","PSt7-10","180509-002","6/18/2019 6:15:17 AM","0000-00","0","no battery","V"
"07/13/2019","07:03:19","9","default","116269760","OXY_CH9","56.356","min","326.380","μmol/L","Humid","17.808","deg","90888","µV","20.285","°C","1013.000","hPa","36.5","pmil","0","55.690","deg","20.000","°C","100.000","%a.s.","22.400","deg","20.000","°C","962.000","hPa","0.861","-0.02617","0.00035","0","0","13.56","Humid","35.35","0","78.50","295773.83","SABD0002000014","AAV2.0.0.13","3.0.1.1413","PSt7-10","180509-002","6/18/2019 6:15:17 AM","0000-00","0","no battery","V"
"07/13/2019","07:03:20","9","default","116269760","OXY_CH9","56.373","min","326.603","μmol/L","Humid","17.801","deg","90877","µV","20.285","°C","1013.000","hPa","36.5","pmil","0","55.690","deg","20.000","°C","100.000","%a.s.","22.400","deg","20.000","°C","962.000","hPa","0.861","-0.02617","0.00035","0","0","13.56","Humid","35.35","0","78.50","295783.05","SABD0002000014","AAV2.0.0.13","3.0.1.1413","PSt7-10","180509-002","6/18/2019 6:15:17 AM","0000-00","0","no battery","V"
"07/13/2019","07:03:21","9","default","116269760","OXY_CH9","56.389","min","326.629","μmol/L","Humid","17.802","deg","90869","µV","20.279","°C","1013.000","hPa","36.5","pmil","0","55.690","deg","20.000","°C","100.000","%a.s.","22.400","deg","20.000","°C","962.000","hPa","0.861","-0.02617","0.00035","0","0","13.56","Humid","35.35","0","78.50","295780.64","SABD0002000014","AAV2.0.0.13","3.0.1.1413","PSt7-10","180509-002","6/18/2019 6:15:17 AM","0000-00","0","no battery","V"
"07/13/2019","07:03:22","9","default","116269760","OXY_CH9","56.405","min","326.635","μmol/L","Humid","17.800","deg","90866","µV","20.285","°C","1013.000","hPa","36.5","pmil","0","55.690","deg","20.000","°C","100.000","%a.s.","22.400","deg","20.000","°C","962.000","hPa","0.861","-0.02617","0.00035","0","0","13.56","Humid","35.35","0","78.50","295789.16","SABD0002000014","AAV2.0.0.13","3.0.1.1413","PSt7-10","180509-002","6/18/2019 6:15:17 AM","0000-00","0","no battery","V"
"07/13/2019","07:03:23","9","default","116269760","OXY_CH9","56.422","min","326.788","μmol/L","Humid","17.797","deg","90851","µV","20.279","°C","1013.000","hPa","36.5","pmil","0","55.690","deg","20.000","°C","100.000","%a.s.","22.400","deg","20.000","°C","962.000","hPa","0.861","-0.02617","0.00035","0","0","13.56","Humid","35.35","0","78.50","295795.07","SABD0002000014","AAV2.0.0.13","3.0.1.1413","PSt7-10","180509-002","6/18/2019 6:15:17 AM","0000-00","0","no battery","V"
"07/13/2019","07:03:24","9","default","116269760","OXY_CH9","56.439","min","326.884","μmol/L","Humid","17.794","deg","90859","µV","20.279","°C","1013.000","hPa","36.5","pmil","0","55.690","deg","20.000","°C","100.000","%a.s.","22.400","deg","20.000","°C","962.000","hPa","0.861","-0.02617","0.00035","0","0","13.56","Humid","35.35","0","78.50","295793.40","SABD0002000014","AAV2.0.0.13","3.0.1.1413","PSt7-10","180509-002","6/18/2019 6:15:17 AM","0000-00","0","no battery","V"
"07/13/2019","07:03:25","9","default","116269760","OXY_CH9","56.456","min","326.667","μmol/L","Humid","17.799","deg","90862","µV","20.285","°C","1013.000","hPa","36.5","pmil","0","55.690","deg","20.000","°C","100.000","%a.s.","22.400","deg","20.000","°C","962.000","hPa","0.861","-0.02617","0.00035","0","0","13.56","Humid","35.35","0","78.50","295800.75","SABD0002000014","AAV2.0.0.13","3.0.1.1413","PSt7-10","180509-002","6/18/2019 6:15:17 AM","0000-00","0","no battery","V"
"07/13/2019","07:03:26","9","default","116269760","OXY_CH9","56.473","min","326.820","μmol/L","Humid","17.796","deg","90816","µV","20.279","°C","1013.000","hPa","36.5","pmil","0","55.690","deg","20.000","°C","100.000","%a.s.","22.400","deg","20.000","°C","962.000","hPa","0.861","-0.02617","0.00035","0","0","13.56","Humid","35.35","0","78.50","295793.89","SABD0002000014","AAV2.0.0.13","3.0.1.1413","PSt7-10","180509-002","6/18/2019 6:15:17 AM","0000-00","0","no battery","V"
"07/13/2019","07:03:27","9","default","116269760","OXY_CH9","56.489","min","326.896","μmol/L","Humid","17.790","deg","90820","µV","20.291","°C","1013.000","hPa","36.5","pmil","0","55.690","deg","20.000","°C","100.000","%a.s.","22.400","deg","20.000","°C","962.000","hPa","0.861","-0.02617","0.00035","0","0","13.56","Humid","35.35","0","78.50","295785.34","SABD0002000014","AAV2.0.0.13","3.0.1.1413","PSt7-10","180509-002","6/18/2019 6:15:17 AM","0000-00","0","no battery","V"
"07/13/2019","07:03:28","9","default","116269760","OXY_CH9","56.506","min","326.953","μmol/L","Humid","17.790","deg","90814","µV","20.285","°C","1013.000","hPa","36.5","pmil","0","55.690","deg","20.000","°C","100.000","%a.s.","22.400","deg","20.000","°C","962.000","hPa","0.861","-0.02617","0.00035","0","0","13.56","Humid","35.35","0","78.50","295802.85","SABD0002000014","AAV2.0.0.13","3.0.1.1413","PSt7-10","180509-002","6/18/2019 6:15:17 AM","0000-00","0","no battery","V"
"07/13/2019","07:03:29","9","default","116269760","OXY_CH9","56.522","min","326.890","μmol/L","Humid","17.792","deg","90805","µV","20.285","°C","1013.000","hPa","36.5","pmil","0","55.690","deg","20.000","°C","100.000","%a.s.","22.400","deg","20.000","°C","962.000","hPa","0.861","-0.02617","0.00035","0","0","13.56","Humid","35.35","0","78.50","295776.40","SABD0002000014","AAV2.0.0.13","3.0.1.1413","PSt7-10","180509-002","6/18/2019 6:15:17 AM","0000-00","0","no battery","V"
"07/13/2019","07:03:30","9","default","116269760","OXY_CH9","56.539","min","326.806","μmol/L","Humid","17.791","deg","90803","µV","20.297","°C","1013.000","hPa","36.5","pmil","0","55.690","deg","20.000","°C","100.000","%a.s.","22.400","deg","20.000","°C","962.000","hPa","0.861","-0.02617","0.00035","0","0","13.56","Humid","35.35","0","78.50","295797.48","SABD0002000014","AAV2.0.0.13","3.0.1.1413","PSt7-10","180509-002","6/18/2019 6:15:17 AM","0000-00","0","no battery","V"
"07/13/2019","07:03:31","9","default","116269760","OXY_CH9","56.555","min","326.959","μmol/L","Humid","17.788","deg","90787","µV","20.291","°C","1013.000","hPa","36.5","pmil","0","55.690","deg","20.000","°C","100.000","%a.s.","22.400","deg","20.000","°C","962.000","hPa","0.861","-0.02617","0.00035","0","0","13.56","Humid","35.35","0","78.50","295803.88","SABD0002000014","AAV2.0.0.13","3.0.1.1413","PSt7-10","180509-002","6/18/2019 6:15:17 AM","0000-00","0","no battery","V"
"07/13/2019","07:03:32","9","default","116269760","OXY_CH9","56.572","min","327.017","μmol/L","Humid","17.788","deg","90787","µV","20.285","°C","1013.000","hPa","36.5","pmil","0","55.690","deg","20.000","°C","100.000","%a.s.","22.400","deg","20.000","°C","962.000","hPa","0.861","-0.02617","0.00035","0","0","13.56","Humid","35.35","0","78.50","295798.85","SABD0002000014","AAV2.0.0.13","3.0.1.1413","PSt7-10","180509-002","6/18/2019 6:15:17 AM","0000-00","0","no battery","V"
"07/13/2019","07:03:33","9","default","116269760","OXY_CH9","56.589","min","327.119","μmol/L","Humid","17.783","deg","90779","µV","20.291","°C","1013.000","hPa","36.5","pmil","0","55.690","deg","20.000","°C","100.000","%a.s.","22.400","deg","20.000","°C","962.000","hPa","0.861","-0.02617","0.00035","0","0","13.56","Humid","35.35","0","78.50","295811.11","SABD0002000014","AAV2.0.0.13","3.0.1.1413","PSt7-10","180509-002","6/18/2019 6:15:17 AM","0000-00","0","no battery","V"
"07/13/2019","07:03:34","9","default","116269760","OXY_CH9","56.606","min","327.087","μmol/L","Humid","17.784","deg","90762","µV","20.291","°C","1013.000","hPa","36.5","pmil","0","55.690","deg","20.000","°C","100.000","%a.s.","22.400","deg","20.000","°C","962.000","hPa","0.861","-0.02617","0.00035","0","0","13.56","Humid","35.35","0","78.50","295808.52","SABD0002000014","AAV2.0.0.13","3.0.1.1413","PSt7-10","180509-002","6/18/2019 6:15:17 AM","0000-00","0","no battery","V"
"07/13/2019","07:03:35","9","default","116269760","OXY_CH9","56.622","min","327.087","μmol/L","Humid","17.784","deg","90746","µV","20.291","°C","1013.000","hPa","36.5","pmil","0","55.690","deg","20.000","°C","100.000","%a.s.","22.400","deg","20.000","°C","962.000","hPa","0.861","-0.02617","0.00035","0","0","13.56","Humid","35.35","0","78.50","295794.25","SABD0002000014","AAV2.0.0.13","3.0.1.1413","PSt7-10","180509-002","6/18/2019 6:15:17 AM","0000-00","0","no battery","V"
"07/13/2019","07:03:36","9","default","116269760","OXY_CH9","56.639","min","327.177","μmol/L","Humid","17.783","deg","90740","µV","20.285","°C","1013.000","hPa","36.5","pmil","0","55.690","deg","20.000","°C","100.000","%a.s.","22.400","deg","20.000","°C","962.000","hPa","0.861","-0.02617","0.00035","0","0","13.56","Humid","35.35","0","78.50","295804.58","SABD0002000014","AAV2.0.0.13","3.0.1.1413","PSt7-10","180509-002","6/18/2019 6:15:17 AM","0000-00","0","no battery","V"
"07/13/2019","07:03:37","9","default","116269760","OXY_CH9","56.656","min","327.214","μmol/L","Humid","17.780","deg","90743","µV","20.291","°C","1013.000","hPa","36.5","pmil","0","55.690","deg","20.000","°C","100.000","%a.s.","22.400","deg","20.000","°C","962.000","hPa","0.861","-0.02617","0.00035","0","0","13.56","Humid","35.35","0","78.50","295803.39","SABD0002000014","AAV2.0.0.13","3.0.1.1413","PSt7-10","180509-002","6/18/2019 6:15:17 AM","0000-00","0","no battery","V"
"07/13/2019","07:03:38","9","default","116269760","OXY_CH9","56.672","min","327.183","μmol/L","Humid","17.781","deg","90715","µV","20.291","°C","1013.000","hPa","36.5","pmil","0","55.690","deg","20.000","°C","100.000","%a.s.","22.400","deg","20.000","°C","962.000","hPa","0.861","-0.02617","0.00035","0","0","13.56","Humid","35.35","0","78.50","295802.80","SABD0002000014","AAV2.0.0.13","3.0.1.1413","PSt7-10","180509-002","6/18/2019 6:15:17 AM","0000-00","0","no battery","V"
"07/13/2019","07:03:39","9","default","116269760","OXY_CH9","56.689","min","327.304","μmol/L","Humid","17.779","deg","90701","µV","20.285","°C","1013.000","hPa","36.5","pmil","0","55.690","deg","20.000","°C","100.000","%a.s.","22.400","deg","20.000","°C","962.000","hPa","0.861","-0.02617","0.00035","0","0","13.56","Humid","35.35","0","78.50","295803.95","SABD0002000014","AAV2.0.0.13","3.0.1.1413","PSt7-10","180509-002","6/18/2019 6:15:17 AM","0000-00","0","no battery","V"
"07/13/2019","07:03:40","9","default","116269760","OXY_CH9","56.706","min","327.151","μmol/L","Humid","17.782","deg","90705","µV","20.291","°C","1013.000","hPa","36.5","pmil","0","55.690","deg","20.000","°C","100.000","%a.s.","22.400","deg","20.000","°C","962.000","hPa","0.861","-0.02617","0.00035","0","0","13.56","Humid","35.35","0","78.50","295817.08","SABD0002000014","AAV2.0.0.13","3.0.1.1413","PSt7-10","180509-002","6/18/2019 6:15:17 AM","0000-00","0","no battery","V"
"07/13/2019","07:03:41","9","default","116269760","OXY_CH9","56.722","min","327.246","μmol/L","Humid","17.779","deg","90685","µV","20.291","°C","1013.000","hPa","36.5","pmil","0","55.690","deg","20.000","°C","100.000","%a.s.","22.400","deg","20.000","°C","962.000","hPa","0.861","-0.02617","0.00035","0","0","13.56","Humid","35.35","0","78.50","295817.49","SABD0002000014","AAV2.0.0.13","3.0.1.1413","PSt7-10","180509-002","6/18/2019 6:15:17 AM","0000-00","0","no battery","V"
"07/13/2019","07:03:42","9","default","116269760","OXY_CH9","56.739","min","327.214","μmol/L","Humid","17.780","deg","90746","µV","20.291","°C","1013.000","hPa","36.5","pmil","0","55.690","deg","20.000","°C","100.000","%a.s.","22.400","deg","20.000","°C","962.000","hPa","0.861","-0.02617","0.00035","0","0","13.56","Humid","35.35","0","78.50","295812.49","SABD0002000014","AAV2.0.0.13","3.0.1.1413","PSt7-10","180509-002","6/18/2019 6:15:17 AM","0000-00","0","no battery","V"
"07/13/2019","07:03:43","9","default","116269760","OXY_CH9","56.756","min","327.380","μmol/L","Humid","17.773","deg","90737","µV","20.297","°C","1013.000","hPa","36.5","pmil","0","55.690","deg","20.000","°C","100.000","%a.s.","22.400","deg","20.000","°C","962.000","hPa","0.861","-0.02617","0.00035","0","0","13.56","Humid","35.35","0","78.50","295818.22","SABD0002000014","AAV2.0.0.13","3.0.1.1413","PSt7-10","180509-002","6/18/2019 6:15:17 AM","0000-00","0","no battery","V"
"07/13/2019","07:03:44","9","default","116269760","OXY_CH9","56.772","min","327.598","μmol/L","Humid","17.768","deg","90639","µV","20.291","°C","1013.000","hPa","36.5","pmil","0","55.690","deg","20.000","°C","100.000","%a.s.","22.400","deg","20.000","°C","962.000","hPa","0.861","-0.02617","0.00035","0","0","13.56","Humid","35.35","0","78.50","295810.51","SABD0002000014","AAV2.0.0.13","3.0.1.1413","PSt7-10","180509-002","6/18/2019 6:15:17 AM","0000-00","0","no battery","V"
"07/13/2019","07:03:45","9","default","116269760","OXY_CH9","56.789","min","327.655","μmol/L","Humid","17.768","deg","90152","µV","20.285","°C","1013.000","hPa","36.5","pmil","0","55.690","deg","20.000","°C","100.000","%a.s.","22.400","deg","20.000","°C","962.000","hPa","0.861","-0.02617","0.00035","0","0","13.56","Humid","35.35","0","78.50","295815.91","SABD0002000014","AAV2.0.0.13","3.0.1.1413","PSt7-10","180509-002","6/18/2019 6:15:17 AM","0000-00","0","no battery","V"
"07/13/2019","07:03:46","9","default","116269760","OXY_CH9","56.806","min","327.528","μmol/L","Humid","17.772","deg","90397","µV","20.285","°C","1013.000","hPa","36.5","pmil","0","55.690","deg","20.000","°C","100.000","%a.s.","22.400","deg","20.000","°C","962.000","hPa","0.861","-0.02617","0.00035","0","0","13.56","Humid","35.35","0","78.50","295817.39","SABD0002000014","AAV2.0.0.13","3.0.1.1413","PSt7-10","180509-002","6/18/2019 6:15:17 AM","0000-00","0","no battery","V"
"07/13/2019","07:03:47","9","default","116269760","OXY_CH9","56.823","min","327.508","μmol/L","Humid","17.769","deg","90319","µV","20.297","°C","1013.000","hPa","36.5","pmil","0","55.690","deg","20.000","°C","100.000","%a.s.","22.400","deg","20.000","°C","962.000","hPa","0.861","-0.02617","0.00035","0","0","13.56","Humid","35.35","0","78.50","295826.54","SABD0002000014","AAV2.0.0.13","3.0.1.1413","PSt7-10","180509-002","6/18/2019 6:15:17 AM","0000-00","0","no battery","V"
"07/13/2019","07:03:48","9","default","116269760","OXY_CH9","56.839","min","327.540","μmol/L","Humid","17.768","deg","90260","µV","20.297","°C","1013.000","hPa","36.5","pmil","0","55.690","deg","20.000","°C","100.000","%a.s.","22.400","deg","20.000","°C","962.000","hPa","0.861","-0.02617","0.00035","0","0","13.56","Humid","35.35","0","78.50","295812.56","SABD0002000014","AAV2.0.0.13","3.0.1.1413","PSt7-10","180509-002","6/18/2019 6:15:17 AM","0000-00","0","no battery","V"
"07/13/2019","07:03:49","9","default","116269760","OXY_CH9","56.855","min","327.534","μmol/L","Humid","17.770","deg","90262","µV","20.291","°C","1013.000","hPa","36.5","pmil","0","55.690","deg","20.000","°C","100.000","%a.s.","22.400","deg","20.000","°C","962.000","hPa","0.861","-0.02617","0.00035","0","0","13.56","Humid","35.35","0","78.50","295807.80","SABD0002000014","AAV2.0.0.13","3.0.1.1413","PSt7-10","180509-002","6/18/2019 6:15:17 AM","0000-00","0","no battery","V"
"07/13/2019","07:03:50","9","default","116269760","OXY_CH9","56.872","min","327.693","μmol/L","Humid","17.765","deg","90234","µV","20.291","°C","1013.000","hPa","36.5","pmil","0","55.690","deg","20.000","°C","100.000","%a.s.","22.400","deg","20.000","°C","962.000","hPa","0.861","-0.02617","0.00035","0","0","13.56","Humid","35.35","0","78.50","295829.47","SABD0002000014","AAV2.0.0.13","3.0.1.1413","PSt7-10","180509-002","6/18/2019 6:15:17 AM","0000-00","0","no battery","V"
"07/13/2019","07:03:51","9","default","116269760","OXY_CH9","56.889","min","327.693","μmol/L","Humid","17.765","deg","90214","µV","20.291","°C","1013.000","hPa","36.5","pmil","0","55.690","deg","20.000","°C","100.000","%a.s.","22.400","deg","20.000","°C","962.000","hPa","0.861","-0.02617","0.00035","0","0","13.56","Humid","35.35","0","78.50","295814.88","SABD0002000014","AAV2.0.0.13","3.0.1.1413","PSt7-10","180509-002","6/18/2019 6:15:17 AM","0000-00","0","no battery","V"
"07/13/2019","07:03:52","9","default","116269760","OXY_CH9","56.905","min","327.610","μmol/L","Humid","17.764","deg","90194","µV","20.303","°C","1013.000","hPa","36.5","pmil","0","55.690","deg","20.000","°C","100.000","%a.s.","22.400","deg","20.000","°C","962.000","hPa","0.861","-0.02617","0.00035","0","0","13.56","Humid","35.35","0","78.50","295816.69","SABD0002000014","AAV2.0.0.13","3.0.1.1413","PSt7-10","180509-002","6/18/2019 6:15:17 AM","0000-00","0","no battery","V"
"07/13/2019","07:03:53","9","default","116269760","OXY_CH9","56.922","min","327.859","μmol/L","Humid","17.758","deg","90192","µV","20.297","°C","1013.000","hPa","36.5","pmil","0","55.690","deg","20.000","°C","100.000","%a.s.","22.400","deg","20.000","°C","962.000","hPa","0.861","-0.02617","0.00035","0","0","13.56","Humid","35.35","0","78.50","295815.38","SABD0002000014","AAV2.0.0.13","3.0.1.1413","PSt7-10","180509-002","6/18/2019 6:15:17 AM","0000-00","0","no battery","V"
"07/13/2019","07:03:54","9","default","116269760","OXY_CH9","56.939","min","327.859","μmol/L","Humid","17.758","deg","90187","µV","20.297","°C","1013.000","hPa","36.5","pmil","0","55.690","deg","20.000","°C","100.000","%a.s.","22.400","deg","20.000","°C","962.000","hPa","0.861","-0.02617","0.00035","0","0","13.56","Humid","35.35","0","78.50","295812.08","SABD0002000014","AAV2.0.0.13","3.0.1.1413","PSt7-10","180509-002","6/18/2019 6:15:17 AM","0000-00","0","no battery","V"
"07/13/2019","07:03:55","9","default","116269760","OXY_CH9","56.956","min","327.732","μmol/L","Humid","17.762","deg","90190","µV","20.297","°C","1013.000","hPa","36.5","pmil","0","55.690","deg","20.000","°C","100.000","%a.s.","22.400","deg","20.000","°C","962.000","hPa","0.861","-0.02617","0.00035","0","0","13.56","Humid","35.35","0","78.50","295807.80","SABD0002000014","AAV2.0.0.13","3.0.1.1413","PSt7-10","180509-002","6/18/2019 6:15:17 AM","0000-00","0","no battery","V"
"07/13/2019","07:03:56","9","default","116269760","OXY_CH9","56.972","min","327.796","μmol/L","Humid","17.760","deg","90172","µV","20.297","°C","1013.000","hPa","36.5","pmil","0","55.690","deg","20.000","°C","100.000","%a.s.","22.400","deg","20.000","°C","962.000","hPa","0.861","-0.02617","0.00035","0","0","13.56","Humid","35.35","0","78.50","295803.95","SABD0002000014","AAV2.0.0.13","3.0.1.1413","PSt7-10","180509-002","6/18/2019 6:15:17 AM","0000-00","0","no battery","V"
"07/13/2019","07:03:57","9","default","116269760","OXY_CH9","56.989","min","327.891","μmol/L","Humid","17.757","deg","90161","µV","20.297","°C","1013.000","hPa","36.5","pmil","0","55.690","deg","20.000","°C","100.000","%a.s.","22.400","deg","20.000","°C","962.000","hPa","0.861","-0.02617","0.00035","0","0","13.56","Humid","35.35","0","78.50","295823.62","SABD0002000014","AAV2.0.0.13","3.0.1.1413","PSt7-10","180509-002","6/18/2019 6:15:17 AM","0000-00","0","no battery","V"
"07/13/2019","07:03:58","9","default","116269760","OXY_CH9","57.006","min","327.930","μmol/L","Humid","17.754","deg","90160","µV","20.303","°C","1013.000","hPa","36.5","pmil","0","55.690","deg","20.000","°C","100.000","%a.s.","22.400","deg","20.000","°C","962.000","hPa","0.861","-0.02617","0.00035","0","0","13.56","Humid","35.35","0","78.50","295813.08","SABD0002000014","AAV2.0.0.13","3.0.1.1413","PSt7-10","180509-002","6/18/2019 6:15:17 AM","0000-00","0","no battery","V"
"07/13/2019","07:03:59","9","default","116269760","OXY_CH9","57.022","min","327.898","μmol/L","Humid","17.755","deg","90154","µV","20.303","°C","1013.000","hPa","36.5","pmil","0","55.690","deg","20.000","°C","100.000","%a.s.","22.400","deg","20.000","°C","962.000","hPa","0.861","-0.02617","0.00035","0","0","13.56","Humid","35.35","0","78.50","295819.34","SABD0002000014","AAV2.0.0.13","3.0.1.1413","PSt7-10","180509-002","6/18/2019 6:15:17 AM","0000-00","0","no battery","V"
"07/13/2019","07:04:00","9","default","116269760","OXY_CH9","57.039","min","328.173","μmol/L","Humid","17.750","deg","90147","µV","20.291","°C","1013.000","hPa","36.5","pmil","0","55.690","deg","20.000","°C","100.000","%a.s.","22.400","deg","20.000","°C","962.000","hPa","0.861","-0.02617","0.00035","0","0","13.56","Humid","35.35","0","78.50","295816.35","SABD0002000014","AAV2.0.0.13","3.0.1.1413","PSt7-10","180509-002","6/18/2019 6:15:17 AM","0000-00","0","no battery","V"
"07/13/2019","07:04:01","9","default","116269760","OXY_CH9","57.056","min","327.962","μmol/L","Humid","17.753","deg","90151","µV","20.303","°C","1013.000","hPa","36.5","pmil","0","55.690","deg","20.000","°C","100.000","%a.s.","22.400","deg","20.000","°C","962.000","hPa","0.861","-0.02617","0.00035","0","0","13.56","Humid","35.35","0","78.50","295826.96","SABD0002000014","AAV2.0.0.13","3.0.1.1413","PSt7-10","180509-002","6/18/2019 6:15:17 AM","0000-00","0","no battery","V"
"07/13/2019","07:04:02","9","default","116269760","OXY_CH9","57.072","min","327.955","μmol/L","Humid","17.755","deg","90138","µV","20.297","°C","1013.000","hPa","36.5","pmil","0","55.690","deg","20.000","°C","100.000","%a.s.","22.400","deg","20.000","°C","962.000","hPa","0.861","-0.02617","0.00035","0","0","13.56","Humid","35.35","0","78.50","295823.81","SABD0002000014","AAV2.0.0.13","3.0.1.1413","PSt7-10","180509-002","6/18/2019 6:15:17 AM","0000-00","0","no battery","V"
"07/13/2019","07:04:03","9","default","116269760","OXY_CH9","57.089","min","328.116","μmol/L","Humid","17.750","deg","90124","µV","20.297","°C","1013.000","hPa","36.5","pmil","0","55.690","deg","20.000","°C","100.000","%a.s.","22.400","deg","20.000","°C","962.000","hPa","0.861","-0.02617","0.00035","0","0","13.56","Humid","35.35","0","78.50","295810.87","SABD0002000014","AAV2.0.0.13","3.0.1.1413","PSt7-10","180509-002","6/18/2019 6:15:17 AM","0000-00","0","no battery","V"
"07/13/2019","07:04:04","9","default","116269760","OXY_CH9","57.106","min","328.270","μmol/L","Humid","17.747","deg","90118","µV","20.291","°C","1013.000","hPa","36.5","pmil","0","55.690","deg","20.000","°C","100.000","%a.s.","22.400","deg","20.000","°C","962.000","hPa","0.861","-0.02617","0.00035","0","0","13.56","Humid","35.35","0","78.50","295817.16","SABD0002000014","AAV2.0.0.13","3.0.1.1413","PSt7-10","180509-002","6/18/2019 6:15:17 AM","0000-00","0","no battery","V"
"07/13/2019","07:04:05","9","default","116269760","OXY_CH9","57.122","min","328.244","μmol/L","Humid","17.746","deg","90108","µV","20.297","°C","1013.000","hPa","36.5","pmil","0","55.690","deg","20.000","°C","100.000","%a.s.","22.400","deg","20.000","°C","962.000","hPa","0.861","-0.02617","0.00035","0","0","13.56","Humid","35.35","0","78.50","295823.41","SABD0002000014","AAV2.0.0.13","3.0.1.1413","PSt7-10","180509-002","6/18/2019 6:15:17 AM","0000-00","0","no battery","V"
"07/13/2019","07:04:06","9","default","116269760","OXY_CH9","57.139","min","328.154","μmol/L","Humid","17.747","deg","90106","µV","20.303","°C","1013.000","hPa","36.5","pmil","0","55.690","deg","20.000","°C","100.000","%a.s.","22.400","deg","20.000","°C","962.000","hPa","0.861","-0.02617","0.00035","0","0","13.56","Humid","35.35","0","78.50","295807.89","SABD0002000014","AAV2.0.0.13","3.0.1.1413","PSt7-10","180509-002","6/18/2019 6:15:17 AM","0000-00","0","no battery","V"
"07/13/2019","07:04:07","9","default","116269760","OXY_CH9","57.155","min","328.218","μmol/L","Humid","17.745","deg","90103","µV","20.303","°C","1013.000","hPa","36.5","pmil","0","55.690","deg","20.000","°C","100.000","%a.s.","22.400","deg","20.000","°C","962.000","hPa","0.861","-0.02617","0.00035","0","0","13.56","Humid","35.35","0","78.50","295829.80","SABD0002000014","AAV2.0.0.13","3.0.1.1413","PSt7-10","180509-002","6/18/2019 6:15:17 AM","0000-00","0","no battery","V"
"07/13/2019","07:04:08","9","default","116269760","OXY_CH9","57.172","min","328.250","μmol/L","Humid","17.744","deg","90094","µV","20.303","°C","1013.000","hPa","36.5","pmil","0","55.690","deg","20.000","°C","100.000","%a.s.","22.400","deg","20.000","°C","962.000","hPa","0.861","-0.02617","0.00035","0","0","13.56","Humid","35.35","0","78.50","295819.76","SABD0002000014","AAV2.0.0.13","3.0.1.1413","PSt7-10","180509-002","6/18/2019 6:15:17 AM","0000-00","0","no battery","V"
"07/13/2019","07:04:09","9","default","116269760","OXY_CH9","57.189","min","328.314","μmol/L","Humid","17.742","deg","90084","µV","20.303","°C","1013.000","hPa","36.5","pmil","0","55.690","deg","20.000","°C","100.000","%a.s.","22.400","deg","20.000","°C","962.000","hPa","0.861","-0.02617","0.00035","0","0","13.56","Humid","35.35","0","78.50","295832.11","SABD0002000014","AAV2.0.0.13","3.0.1.1413","PSt7-10","180509-002","6/18/2019 6:15:17 AM","0000-00","0","no battery","V"
"07/13/2019","07:04:10","9","default","116269760","OXY_CH9","57.205","min","328.410","μmol/L","Humid","17.739","deg","90085","µV","20.303","°C","1013.000","hPa","36.5","pmil","0","55.690","deg","20.000","°C","100.000","%a.s.","22.400","deg","20.000","°C","962.000","hPa","0.861","-0.02617","0.00035","0","0","13.56","Humid","35.35","0","78.50","295815.69","SABD0002000014","AAV2.0.0.13","3.0.1.1413","PSt7-10","180509-002","6/18/2019 6:15:17 AM","0000-00","0","no battery","V"
"07/13/2019","07:04:11","9","default","116269760","OXY_CH9","57.222","min","328.436","μmol/L","Humid","17.740","deg","90077","µV","20.297","°C","1013.000","hPa","36.5","pmil","0","55.690","deg","20.000","°C","100.000","%a.s.","22.400","deg","20.000","°C","962.000","hPa","0.861","-0.02617","0.00035","0","0","13.56","Humid","35.35","0","78.50","295818.54","SABD0002000014","AAV2.0.0.13","3.0.1.1413","PSt7-10","180509-002","6/18/2019 6:15:17 AM","0000-00","0","no battery","V"
"07/13/2019","07:04:12","9","default","116269760","OXY_CH9","57.239","min","328.500","μmol/L","Humid","17.738","deg","90064","µV","20.297","°C","1013.000","hPa","36.5","pmil","0","55.690","deg","20.000","°C","100.000","%a.s.","22.400","deg","20.000","°C","962.000","hPa","0.861","-0.02617","0.00035","0","0","13.56","Humid","35.35","0","78.50","295826.06","SABD0002000014","AAV2.0.0.13","3.0.1.1413","PSt7-10","180509-002","6/18/2019 6:15:17 AM","0000-00","0","no battery","V"
"07/13/2019","07:04:13","9","default","116269760","OXY_CH9","57.255","min","328.314","μmol/L","Humid","17.742","deg","90059","µV","20.303","°C","1013.000","hPa","36.5","pmil","0","55.690","deg","20.000","°C","100.000","%a.s.","22.400","deg","20.000","°C","962.000","hPa","0.861","-0.02617","0.00035","0","0","13.56","Humid","35.35","0","78.50","295826.35","SABD0002000014","AAV2.0.0.13","3.0.1.1413","PSt7-10","180509-002","6/18/2019 6:15:17 AM","0000-00","0","no battery","V"
"07/13/2019","07:04:14","9","default","116269760","OXY_CH9","57.272","min","328.474","μmol/L","Humid","17.737","deg","90063","µV","20.303","°C","1013.000","hPa","36.5","pmil","0","55.690","deg","20.000","°C","100.000","%a.s.","22.400","deg","20.000","°C","962.000","hPa","0.861","-0.02617","0.00035","0","0","13.56","Humid","35.35","0","78.50","295825.00","SABD0002000014","AAV2.0.0.13","3.0.1.1413","PSt7-10","180509-002","6/18/2019 6:15:17 AM","0000-00","0","no battery","V"
"07/13/2019","07:04:15","9","default","116269760","OXY_CH9","57.289","min","328.448","μmol/L","Humid","17.736","deg","90047","µV","20.309","°C","1013.000","hPa","36.5","pmil","0","55.690","deg","20.000","°C","100.000","%a.s.","22.400","deg","20.000","°C","962.000","hPa","0.861","-0.02617","0.00035","0","0","13.56","Humid","35.35","0","78.50","295820.84","SABD0002000014","AAV2.0.0.13","3.0.1.1413","PSt7-10","180509-002","6/18/2019 6:15:17 AM","0000-00","0","no battery","V"
"07/13/2019","07:04:16","9","default","116269760","OXY_CH9","57.306","min","328.609","μmol/L","Humid","17.731","deg","90042","µV","20.309","°C","1013.000","hPa","36.5","pmil","0","55.690","deg","20.000","°C","100.000","%a.s.","22.400","deg","20.000","°C","962.000","hPa","0.861","-0.02617","0.00035","0","0","13.56","Humid","35.35","0","78.50","295817.89","SABD0002000014","AAV2.0.0.13","3.0.1.1413","PSt7-10","180509-002","6/18/2019 6:15:17 AM","0000-00","0","no battery","V"
"07/13/2019","07:04:17","9","default","116269760","OXY_CH9","57.323","min","328.731","μmol/L","Humid","17.729","deg","90033","µV","20.303","°C","1013.000","hPa","36.5","pmil","0","55.690","deg","20.000","°C","100.000","%a.s.","22.400","deg","20.000","°C","962.000","hPa","0.861","-0.02617","0.00035","0","0","13.56","Humid","35.35","0","78.50","295841.44","SABD0002000014","AAV2.0.0.13","3.0.1.1413","PSt7-10","180509-002","6/18/2019 6:15:17 AM","0000-00","0","no battery","V"
"07/13/2019","07:04:18","9","default","116269760","OXY_CH9","57.339","min","328.699","μmol/L","Humid","17.730","deg","90028","µV","20.303","°C","1013.000","hPa","36.5","pmil","0","55.690","deg","20.000","°C","100.000","%a.s.","22.400","deg","20.000","°C","962.000","hPa","0.861","-0.02617","0.00035","0","0","13.56","Humid","35.35","0","78.50","295826.97","SABD0002000014","AAV2.0.0.13","3.0.1.1413","PSt7-10","180509-002","6/18/2019 6:15:17 AM","0000-00","0","no battery","V"
"07/13/2019","07:04:19","9","default","116269760","OXY_CH9","57.355","min","328.641","μmol/L","Humid","17.730","deg","90020","µV","20.309","°C","1013.000","hPa","36.5","pmil","0","55.690","deg","20.000","°C","100.000","%a.s.","22.400","deg","20.000","°C","962.000","hPa","0.861","-0.02617","0.00035","0","0","13.56","Humid","35.35","0","78.50","295829.00","SABD0002000014","AAV2.0.0.13","3.0.1.1413","PSt7-10","180509-002","6/18/2019 6:15:17 AM","0000-00","0","no battery","V"
"07/13/2019","07:04:20","9","default","116269760","OXY_CH9","57.373","min","328.609","μmol/L","Humid","17.731","deg","90015","µV","20.309","°C","1013.000","hPa","36.5","pmil","0","55.690","deg","20.000","°C","100.000","%a.s.","22.400","deg","20.000","°C","962.000","hPa","0.861","-0.02617","0.00035","0","0","13.56","Humid","35.35","0","78.50","295828.25","SABD0002000014","AAV2.0.0.13","3.0.1.1413","PSt7-10","180509-002","6/18/2019 6:15:17 AM","0000-00","0","no battery","V"
"07/13/2019","07:04:21","9","default","116269760","OXY_CH9","57.389","min","328.641","μmol/L","Humid","17.730","deg","90005","µV","20.309","°C","1013.000","hPa","36.5","pmil","0","55.690","deg","20.000","°C","100.000","%a.s.","22.400","deg","20.000","°C","962.000","hPa","0.861","-0.02617","0.00035","0","0","13.56","Humid","35.35","0","78.50","295824.07","SABD0002000014","AAV2.0.0.13","3.0.1.1413","PSt7-10","180509-002","6/18/2019 6:15:17 AM","0000-00","0","no battery","V"
"07/13/2019","07:04:22","9","default","116269760","OXY_CH9","57.406","min","328.866","μmol/L","Humid","17.723","deg","89996","µV","20.309","°C","1013.000","hPa","36.5","pmil","0","55.690","deg","20.000","°C","100.000","%a.s.","22.400","deg","20.000","°C","962.000","hPa","0.861","-0.02617","0.00035","0","0","13.56","Humid","35.35","0","78.50","295822.15","SABD0002000014","AAV2.0.0.13","3.0.1.1413","PSt7-10","180509-002","6/18/2019 6:15:17 AM","0000-00","0","no battery","V"
"07/13/2019","07:04:23","9","default","116269760","OXY_CH9","57.422","min","328.834","μmol/L","Humid","17.724","deg","89984","µV","20.309","°C","1013.000","hPa","36.5","pmil","0","55.690","deg","20.000","°C","100.000","%a.s.","22.400","deg","20.000","°C","962.000","hPa","0.861","-0.02617","0.00035","0","0","13.56","Humid","35.35","0","78.50","295819.21","SABD0002000014","AAV2.0.0.13","3.0.1.1413","PSt7-10","180509-002","6/18/2019 6:15:17 AM","0000-00","0","no battery","V"
"07/13/2019","07:04:24","9","default","116269760","OXY_CH9","57.439","min","328.834","μmol/L","Humid","17.724","deg","89989","µV","20.309","°C","1013.000","hPa","36.5","pmil","0","55.690","deg","20.000","°C","100.000","%a.s.","22.400","deg","20.000","°C","962.000","hPa","0.861","-0.02617","0.00035","0","0","13.56","Humid","35.35","0","78.50","295821.94","SABD0002000014","AAV2.0.0.13","3.0.1.1413","PSt7-10","180509-002","6/18/2019 6:15:17 AM","0000-00","0","no battery","V"
"07/13/2019","07:04:25","9","default","116269760","OXY_CH9","57.456","min","328.892","μmol/L","Humid","17.724","deg","89978","µV","20.303","°C","1013.000","hPa","36.5","pmil","0","55.690","deg","20.000","°C","100.000","%a.s.","22.400","deg","20.000","°C","962.000","hPa","0.861","-0.02617","0.00035","0","0","13.56","Humid","35.35","0","78.50","295820.56","SABD0002000014","AAV2.0.0.13","3.0.1.1413","PSt7-10","180509-002","6/18/2019 6:15:17 AM","0000-00","0","no battery","V"
"07/13/2019","07:04:26","9","default","116269760","OXY_CH9","57.472","min","328.866","μmol/L","Humid","17.723","deg","89972","µV","20.309","°C","1013.000","hPa","36.5","pmil","0","55.690","deg","20.000","°C","100.000","%a.s.","22.400","deg","20.000","°C","962.000","hPa","0.861","-0.02617","0.00035","0","0","13.56","Humid","35.35","0","78.50","295828.87","SABD0002000014","AAV2.0.0.13","3.0.1.1413","PSt7-10","180509-002","6/18/2019 6:15:17 AM","0000-00","0","no battery","V"
"07/13/2019","07:04:27","9","default","116269760","OXY_CH9","57.489","min","328.930","μmol/L","Humid","17.721","deg","89962","µV","20.309","°C","1013.000","hPa","36.5","pmil","0","55.690","deg","20.000","°C","100.000","%a.s.","22.400","deg","20.000","°C","962.000","hPa","0.861","-0.02617","0.00035","0","0","13.56","Humid","35.35","0","78.50","295826.27","SABD0002000014","AAV2.0.0.13","3.0.1.1413","PSt7-10","180509-002","6/18/2019 6:15:17 AM","0000-00","0","no battery","V"
"07/13/2019","07:04:28","9","default","116269760","OXY_CH9","57.505","min","328.840","μmol/L","Humid","17.722","deg","89954","µV","20.315","°C","1013.000","hPa","36.5","pmil","0","55.690","deg","20.000","°C","100.000","%a.s.","22.400","deg","20.000","°C","962.000","hPa","0.861","-0.02617","0.00035","0","0","13.56","Humid","35.35","0","78.50","295819.66","SABD0002000014","AAV2.0.0.13","3.0.1.1413","PSt7-10","180509-002","6/18/2019 6:15:17 AM","0000-00","0","no battery","V"
"07/13/2019","07:04:29","9","default","116269760","OXY_CH9","57.522","min","328.968","μmol/L","Humid","17.718","deg","90015","µV","20.315","°C","1013.000","hPa","36.5","pmil","0","55.690","deg","20.000","°C","100.000","%a.s.","22.400","deg","20.000","°C","962.000","hPa","0.861","-0.02617","0.00035","0","0","13.56","Humid","35.35","0","78.50","295817.78","SABD0002000014","AAV2.0.0.13","3.0.1.1413","PSt7-10","180509-002","6/18/2019 6:15:17 AM","0000-00","0","no battery","V"
"07/13/2019","07:04:30","9","default","116269760","OXY_CH9","57.539","min","329.000","μmol/L","Humid","17.717","deg","90124","µV","20.315","°C","1013.000","hPa","36.5","pmil","0","55.690","deg","20.000","°C","100.000","%a.s.","22.400","deg","20.000","°C","962.000","hPa","0.861","-0.02617","0.00035","0","0","13.56","Humid","35.35","0","78.50","295836.03","SABD0002000014","AAV2.0.0.13","3.0.1.1413","PSt7-10","180509-002","6/18/2019 6:15:17 AM","0000-00","0","no battery","V"
"07/13/2019","07:04:31","9","default","116269760","OXY_CH9","57.556","min","329.097","μmol/L","Humid","17.714","deg","90155","µV","20.315","°C","1013.000","hPa","36.5","pmil","0","55.690","deg","20.000","°C","100.000","%a.s.","22.400","deg","20.000","°C","962.000","hPa","0.861","-0.02617","0.00035","0","0","13.56","Humid","35.35","0","78.50","295833.39","SABD0002000014","AAV2.0.0.13","3.0.1.1413","PSt7-10","180509-002","6/18/2019 6:15:17 AM","0000-00","0","no battery","V"
"07/13/2019","07:04:32","9","default","116269760","OXY_CH9","57.572","min","329.071","μmol/L","Humid","17.713","deg","90191","µV","20.322","°C","1013.000","hPa","36.5","pmil","0","55.690","deg","20.000","°C","100.000","%a.s.","22.400","deg","20.000","°C","962.000","hPa","0.861","-0.02617","0.00035","0","0","13.56","Humid","35.35","0","78.50","295834.05","SABD0002000014","AAV2.0.0.13","3.0.1.1413","PSt7-10","180509-002","6/18/2019 6:15:17 AM","0000-00","0","no battery","V"
"07/13/2019","07:04:33","9","default","116269760","OXY_CH9","57.589","min","329.129","μmol/L","Humid","17.713","deg","90161","µV","20.315","°C","1013.000","hPa","36.5","pmil","0","55.690","deg","20.000","°C","100.000","%a.s.","22.400","deg","20.000","°C","962.000","hPa","0.861","-0.02617","0.00035","0","0","13.56","Humid","35.35","0","78.50","295833.30","SABD0002000014","AAV2.0.0.13","3.0.1.1413","PSt7-10","180509-002","6/18/2019 6:15:17 AM","0000-00","0","no battery","V"
"07/13/2019","07:04:34","9","default","116269760","OXY_CH9","57.605","min","329.097","μmol/L","Humid","17.714","deg","90126","µV","20.315","°C","1013.000","hPa","36.5","pmil","0","55.690","deg","20.000","°C","100.000","%a.s.","22.400","deg","20.000","°C","962.000","hPa","0.861","-0.02617","0.00035","0","0","13.56","Humid","35.35","0","78.50","295824.02","SABD0002000014","AAV2.0.0.13","3.0.1.1413","PSt7-10","180509-002","6/18/2019 6:15:17 AM","0000-00","0","no battery","V"
"07/13/2019","07:04:35","9","default","116269760","OXY_CH9","57.622","min","329.226","μmol/L","Humid","17.710","deg","90130","µV","20.315","°C","1013.000","hPa","36.5","pmil","0","55.690","deg","20.000","°C","100.000","%a.s.","22.400","deg","20.000","°C","962.000","hPa","0.861","-0.02617","0.00035","0","0","13.56","Humid","35.35","0","78.50","295829.96","SABD0002000014","AAV2.0.0.13","3.0.1.1413","PSt7-10","180509-002","6/18/2019 6:15:17 AM","0000-00","0","no battery","V"
"07/13/2019","07:04:36","9","default","116269760","OXY_CH9","57.639","min","329.193","μmol/L","Humid","17.711","deg","90127","µV","20.315","°C","1013.000","hPa","36.5","pmil","0","55.690","deg","20.000","°C","100.000","%a.s.","22.400","deg","20.000","°C","962.000","hPa","0.861","-0.02617","0.00035","0","0","13.56","Humid","35.35","0","78.50","295829.98","SABD0002000014","AAV2.0.0.13","3.0.1.1413","PSt7-10","180509-002","6/18/2019 6:15:17 AM","0000-00","0","no battery","V"
"07/13/2019","07:04:37","9","default","116269760","OXY_CH9","57.655","min","329.135","μmol/L","Humid","17.711","deg","90127","µV","20.322","°C","1013.000","hPa","36.5","pmil","0","55.690","deg","20.000","°C","100.000","%a.s.","22.400","deg","20.000","°C","962.000","hPa","0.861","-0.02617","0.00035","0","0","13.56","Humid","35.35","0","78.50","295831.04","SABD0002000014","AAV2.0.0.13","3.0.1.1413","PSt7-10","180509-002","6/18/2019 6:15:17 AM","0000-00","0","no battery","V"
"07/13/2019","07:04:38","9","default","116269760","OXY_CH9","57.672","min","329.251","μmol/L","Humid","17.711","deg","90113","µV","20.309","°C","1013.000","hPa","36.5","pmil","0","55.690","deg","20.000","°C","100.000","%a.s.","22.400","deg","20.000","°C","962.000","hPa","0.861","-0.02617","0.00035","0","0","13.56","Humid","35.35","0","78.50","295838.88","SABD0002000014","AAV2.0.0.13","3.0.1.1413","PSt7-10","180509-002","6/18/2019 6:15:17 AM","0000-00","0","no battery","V"
"07/13/2019","07:04:39","9","default","116269760","OXY_CH9","57.689","min","329.451","μmol/L","Humid","17.703","deg","90099","µV","20.315","°C","1013.000","hPa","36.5","pmil","0","55.690","deg","20.000","°C","100.000","%a.s.","22.400","deg","20.000","°C","962.000","hPa","0.861","-0.02617","0.00035","0","0","13.56","Humid","35.35","0","78.50","295830.46","SABD0002000014","AAV2.0.0.13","3.0.1.1413","PSt7-10","180509-002","6/18/2019 6:15:17 AM","0000-00","0","no battery","V"
"07/13/2019","07:04:40","9","default","116269760","OXY_CH9","57.706","min","329.232","μmol/L","Humid","17.708","deg","90130","µV","20.322","°C","1013.000","hPa","36.5","pmil","0","55.690","deg","20.000","°C","100.000","%a.s.","22.400","deg","20.000","°C","962.000","hPa","0.861","-0.02617","0.00035","0","0","13.56","Humid","35.35","0","78.50","295835.09","SABD0002000014","AAV2.0.0.13","3.0.1.1413","PSt7-10","180509-002","6/18/2019 6:15:17 AM","0000-00","0","no battery","V"
"07/13/2019","07:04:41","9","default","116269760","OXY_CH9","57.722","min","329.264","μmol/L","Humid","17.707","deg","90135","µV","20.322","°C","1013.000","hPa","36.5","pmil","0","55.690","deg","20.000","°C","100.000","%a.s.","22.400","deg","20.000","°C","962.000","hPa","0.861","-0.02617","0.00035","0","0","13.56","Humid","35.35","0","78.50","295840.78","SABD0002000014","AAV2.0.0.13","3.0.1.1413","PSt7-10","180509-002","6/18/2019 6:15:17 AM","0000-00","0","no battery","V"
"07/13/2019","07:04:42","9","default","116269760","OXY_CH9","57.739","min","329.425","μmol/L","Humid","17.702","deg","90119","µV","20.322","°C","1013.000","hPa","36.5","pmil","0","55.690","deg","20.000","°C","100.000","%a.s.","22.400","deg","20.000","°C","962.000","hPa","0.861","-0.02617","0.00035","0","0","13.56","Humid","35.35","0","78.50","295844.30","SABD0002000014","AAV2.0.0.13","3.0.1.1413","PSt7-10","180509-002","6/18/2019 6:15:17 AM","0000-00","0","no battery","V"
"07/13/2019","07:04:43","9","default","116269760","OXY_CH9","57.755","min","329.296","μmol/L","Humid","17.706","deg","90112","µV","20.322","°C","1013.000","hPa","36.5","pmil","0","55.690","deg","20.000","°C","100.000","%a.s.","22.400","deg","20.000","°C","962.000","hPa","0.861","-0.02617","0.00035","0","0","13.56","Humid","35.35","0","78.50","295833.89","SABD0002000014","AAV2.0.0.13","3.0.1.1413","PSt7-10","180509-002","6/18/2019 6:15:17 AM","0000-00","0","no battery","V"
"07/13/2019","07:04:44","9","default","116269760","OXY_CH9","57.772","min","329.361","μmol/L","Humid","17.704","deg","90109","µV","20.322","°C","1013.000","hPa","36.5","pmil","0","55.690","deg","20.000","°C","100.000","%a.s.","22.400","deg","20.000","°C","962.000","hPa","0.861","-0.02617","0.00035","0","0","13.56","Humid","35.35","0","78.50","295845.75","SABD0002000014","AAV2.0.0.13","3.0.1.1413","PSt7-10","180509-002","6/18/2019 6:15:17 AM","0000-00","0","no battery","V"
"07/13/2019","07:04:45","9","default","116269760","OXY_CH9","57.789","min","329.522","μmol/L","Humid","17.699","deg","90117","µV","20.322","°C","1013.000","hPa","36.5","pmil","0","55.690","deg","20.000","°C","100.000","%a.s.","22.400","deg","20.000","°C","962.000","hPa","0.861","-0.02617","0.00035","0","0","13.56","Humid","35.35","0","78.50","295843.70","SABD0002000014","AAV2.0.0.13","3.0.1.1413","PSt7-10","180509-002","6/18/2019 6:15:17 AM","0000-00","0","no battery","V"
"07/13/2019","07:04:46","9","default","116269760","OXY_CH9","57.805","min","329.528","μmol/L","Humid","17.697","deg","90115","µV","20.328","°C","1013.000","hPa","36.5","pmil","0","55.690","deg","20.000","°C","100.000","%a.s.","22.400","deg","20.000","°C","962.000","hPa","0.861","-0.02617","0.00035","0","0","13.56","Humid","35.35","0","78.50","295850.98","SABD0002000014","AAV2.0.0.13","3.0.1.1413","PSt7-10","180509-002","6/18/2019 6:15:17 AM","0000-00","0","no battery","V"
"07/13/2019","07:04:47","9","default","116269760","OXY_CH9","57.822","min","329.586","μmol/L","Humid","17.697","deg","90108","µV","20.322","°C","1013.000","hPa","36.5","pmil","0","55.690","deg","20.000","°C","100.000","%a.s.","22.400","deg","20.000","°C","962.000","hPa","0.861","-0.02617","0.00035","0","0","13.56","Humid","35.35","0","78.50","295856.26","SABD0002000014","AAV2.0.0.13","3.0.1.1413","PSt7-10","180509-002","6/18/2019 6:15:17 AM","0000-00","0","no battery","V"
"07/13/2019","07:04:48","9","default","116269760","OXY_CH9","57.839","min","329.496","μmol/L","Humid","17.698","deg","90109","µV","20.328","°C","1013.000","hPa","36.5","pmil","0","55.690","deg","20.000","°C","100.000","%a.s.","22.400","deg","20.000","°C","962.000","hPa","0.861","-0.02617","0.00035","0","0","13.56","Humid","35.35","0","78.50","295847.36","SABD0002000014","AAV2.0.0.13","3.0.1.1413","PSt7-10","180509-002","6/18/2019 6:15:17 AM","0000-00","0","no battery","V"
"07/13/2019","07:04:49","9","default","116269760","OXY_CH9","57.855","min","329.625","μmol/L","Humid","17.694","deg","90059","µV","20.328","°C","1013.000","hPa","36.5","pmil","0","55.690","deg","20.000","°C","100.000","%a.s.","22.400","deg","20.000","°C","962.000","hPa","0.861","-0.02617","0.00035","0","0","13.56","Humid","35.35","0","78.50","295851.95","SABD0002000014","AAV2.0.0.13","3.0.1.1413","PSt7-10","180509-002","6/18/2019 6:15:17 AM","0000-00","0","no battery","V"
"07/13/2019","07:04:50","9","default","116269760","OXY_CH9","57.872","min","329.592","μmol/L","Humid","17.695","deg","90141","µV","20.328","°C","1013.000","hPa","36.5","pmil","0","55.690","deg","20.000","°C","100.000","%a.s.","22.400","deg","20.000","°C","962.000","hPa","0.861","-0.02617","0.00035","0","0","13.56","Humid","35.35","0","78.50","295850.75","SABD0002000014","AAV2.0.0.13","3.0.1.1413","PSt7-10","180509-002","6/18/2019 6:15:17 AM","0000-00","0","no battery","V"
"07/13/2019","07:04:51","9","default","116269760","OXY_CH9","57.889","min","329.715","μmol/L","Humid","17.693","deg","90159","µV","20.322","°C","1013.000","hPa","36.5","pmil","0","55.690","deg","20.000","°C","100.000","%a.s.","22.400","deg","20.000","°C","962.000","hPa","0.861","-0.02617","0.00035","0","0","13.56","Humid","35.35","0","78.50","295855.52","SABD0002000014","AAV2.0.0.13","3.0.1.1413","PSt7-10","180509-002","6/18/2019 6:15:17 AM","0000-00","0","no battery","V"
"07/13/2019","07:04:52","9","default","116269760","OXY_CH9","57.905","min","329.586","μmol/L","Humid","17.697","deg","90138","µV","20.322","°C","1013.000","hPa","36.5","pmil","0","55.690","deg","20.000","°C","100.000","%a.s.","22.400","deg","20.000","°C","962.000","hPa","0.861","-0.02617","0.00035","0","0","13.56","Humid","35.35","0","78.50","295849.88","SABD0002000014","AAV2.0.0.13","3.0.1.1413","PSt7-10","180509-002","6/18/2019 6:15:17 AM","0000-00","0","no battery","V"
"07/13/2019","07:04:53","9","default","116269760","OXY_CH9","57.922","min","329.844","μmol/L","Humid","17.689","deg","90142","µV","20.322","°C","1013.000","hPa","36.5","pmil","0","55.690","deg","20.000","°C","100.000","%a.s.","22.400","deg","20.000","°C","962.000","hPa","0.861","-0.02617","0.00035","0","0","13.56","Humid","35.35","0","78.50","295857.12","SABD0002000014","AAV2.0.0.13","3.0.1.1413","PSt7-10","180509-002","6/18/2019 6:15:17 AM","0000-00","0","no battery","V"
"07/13/2019","07:04:54","9","default","116269760","OXY_CH9","57.939","min","329.973","μmol/L","Humid","17.685","deg","90125","µV","20.322","°C","1013.000","hPa","36.5","pmil","0","55.690","deg","20.000","°C","100.000","%a.s.","22.400","deg","20.000","°C","962.000","hPa","0.861","-0.02617","0.00035","0","0","13.56","Humid","35.35","0","78.50","295849.04","SABD0002000014","AAV2.0.0.13","3.0.1.1413","PSt7-10","180509-002","6/18/2019 6:15:17 AM","0000-00","0","no battery","V"
"07/13/2019","07:04:55","9","default","116269760","OXY_CH9","57.955","min","329.754","μmol/L","Humid","17.690","deg","90111","µV","20.328","°C","1013.000","hPa","36.5","pmil","0","55.690","deg","20.000","°C","100.000","%a.s.","22.400","deg","20.000","°C","962.000","hPa","0.861","-0.02617","0.00035","0","0","13.56","Humid","35.35","0","78.50","295847.36","SABD0002000014","AAV2.0.0.13","3.0.1.1413","PSt7-10","180509-002","6/18/2019 6:15:17 AM","0000-00","0","no battery","V"
"07/13/2019","07:04:56","9","default","116269760","OXY_CH9","57.972","min","329.812","μmol/L","Humid","17.690","deg","90119","µV","20.322","°C","1013.000","hPa","36.5","pmil","0","55.690","deg","20.000","°C","100.000","%a.s.","22.400","deg","20.000","°C","962.000","hPa","0.861","-0.02617","0.00035","0","0","13.56","Humid","35.35","0","78.50","295849.49","SABD0002000014","AAV2.0.0.13","3.0.1.1413","PSt7-10","180509-002","6/18/2019 6:15:17 AM","0000-00","0","no battery","V"
"07/13/2019","07:04:57","9","default","116269760","OXY_CH9","57.989","min","329.909","μmol/L","Humid","17.687","deg","90109","µV","20.322","°C","1013.000","hPa","36.5","pmil","0","55.690","deg","20.000","°C","100.000","%a.s.","22.400","deg","20.000","°C","962.000","hPa","0.861","-0.02617","0.00035","0","0","13.56","Humid","35.35","0","78.50","295849.22","SABD0002000014","AAV2.0.0.13","3.0.1.1413","PSt7-10","180509-002","6/18/2019 6:15:17 AM","0000-00","0","no battery","V"
"07/13/2019","07:04:58","9","default","116269760","OXY_CH9","58.006","min","330.005","μmol/L","Humid","17.684","deg","90111","µV","20.322","°C","1013.000","hPa","36.5","pmil","0","55.690","deg","20.000","°C","100.000","%a.s.","22.400","deg","20.000","°C","962.000","hPa","0.861","-0.02617","0.00035","0","0","13.56","Humid","35.35","0","78.50","295848.94","SABD0002000014","AAV2.0.0.13","3.0.1.1413","PSt7-10","180509-002","6/18/2019 6:15:17 AM","0000-00","0","no battery","V"
"07/13/2019","07:04:59","9","default","116269760","OXY_CH9","58.022","min","329.915","μmol/L","Humid","17.685","deg","90114","µV","20.328","°C","1013.000","hPa","36.5","pmil","0","55.690","deg","20.000","°C","100.000","%a.s.","22.400","deg","20.000","°C","962.000","hPa","0.861","-0.02617","0.00035","0","0","13.56","Humid","35.35","0","78.50","295855.72","SABD0002000014","AAV2.0.0.13","3.0.1.1413","PSt7-10","180509-002","6/18/2019 6:15:17 AM","0000-00","0","no battery","V"
"07/13/2019","07:05:00","9","default","116269760","OXY_CH9","58.039","min","329.979","μmol/L","Humid","17.683","deg","90104","µV","20.328","°C","1013.000","hPa","36.5","pmil","0","55.690","deg","20.000","°C","100.000","%a.s.","22.400","deg","20.000","°C","962.000","hPa","0.861","-0.02617","0.00035","0","0","13.56","Humid","35.35","0","78.50","295844.34","SABD0002000014","AAV2.0.0.13","3.0.1.1413","PSt7-10","180509-002","6/18/2019 6:15:17 AM","0000-00","0","no battery","V"
"07/13/2019","07:05:01","9","default","116269760","OXY_CH9","58.056","min","329.954","μmol/L","Humid","17.682","deg","90086","µV","20.334","°C","1013.000","hPa","36.5","pmil","0","55.690","deg","20.000","°C","100.000","%a.s.","22.400","deg","20.000","°C","962.000","hPa","0.861","-0.02617","0.00035","0","0","13.56","Humid","35.35","0","78.50","295849.62","SABD0002000014","AAV2.0.0.13","3.0.1.1413","PSt7-10","180509-002","6/18/2019 6:15:17 AM","0000-00","0","no battery","V"
"07/13/2019","07:05:02","9","default","116269760","OXY_CH9","58.073","min","330.083","μmol/L","Humid","17.678","deg","90085","µV","20.334","°C","1013.000","hPa","36.5","pmil","0","55.690","deg","20.000","°C","100.000","%a.s.","22.400","deg","20.000","°C","962.000","hPa","0.861","-0.02617","0.00035","0","0","13.56","Humid","35.35","0","78.50","295854.00","SABD0002000014","AAV2.0.0.13","3.0.1.1413","PSt7-10","180509-002","6/18/2019 6:15:17 AM","0000-00","0","no battery","V"
"07/13/2019","07:05:03","9","default","116269760","OXY_CH9","58.089","min","330.173","μmol/L","Humid","17.677","deg","90085","µV","20.328","°C","1013.000","hPa","36.5","pmil","0","55.690","deg","20.000","°C","100.000","%a.s.","22.400","deg","20.000","°C","962.000","hPa","0.861","-0.02617","0.00035","0","0","13.56","Humid","35.35","0","78.50","295851.52","SABD0002000014","AAV2.0.0.13","3.0.1.1413","PSt7-10","180509-002","6/18/2019 6:15:17 AM","0000-00","0","no battery","V"
"07/13/2019","07:05:04","9","default","116269760","OXY_CH9","58.106","min","330.018","μmol/L","Humid","17.680","deg","90075","µV","20.334","°C","1013.000","hPa","36.5","pmil","0","55.690","deg","20.000","°C","100.000","%a.s.","22.400","deg","20.000","°C","962.000","hPa","0.861","-0.02617","0.00035","0","0","13.56","Humid","35.35","0","78.50","295842.30","SABD0002000014","AAV2.0.0.13","3.0.1.1413","PSt7-10","180509-002","6/18/2019 6:15:17 AM","0000-00","0","no battery","V"
"07/13/2019","07:05:05","9","default","116269760","OXY_CH9","58.122","min","330.206","μmol/L","Humid","17.676","deg","90071","µV","20.328","°C","1013.000","hPa","36.5","pmil","0","55.690","deg","20.000","°C","100.000","%a.s.","22.400","deg","20.000","°C","962.000","hPa","0.861","-0.02617","0.00035","0","0","13.56","Humid","35.35","0","78.50","295860.91","SABD0002000014","AAV2.0.0.13","3.0.1.1413","PSt7-10","180509-002","6/18/2019 6:15:17 AM","0000-00","0","no battery","V"
"07/13/2019","07:05:06","9","default","116269760","OXY_CH9","58.139","min","330.238","μmol/L","Humid","17.675","deg","90063","µV","20.328","°C","1013.000","hPa","36.5","pmil","0","55.690","deg","20.000","°C","100.000","%a.s.","22.400","deg","20.000","°C","962.000","hPa","0.861","-0.02617","0.00035","0","0","13.56","Humid","35.35","0","78.50","295856.97","SABD0002000014","AAV2.0.0.13","3.0.1.1413","PSt7-10","180509-002","6/18/2019 6:15:17 AM","0000-00","0","no battery","V"
"07/13/2019","07:05:07","9","default","116269760","OXY_CH9","58.155","min","330.302","μmol/L","Humid","17.673","deg","90053","µV","20.328","°C","1013.000","hPa","36.5","pmil","0","55.690","deg","20.000","°C","100.000","%a.s.","22.400","deg","20.000","°C","962.000","hPa","0.861","-0.02617","0.00035","0","0","13.56","Humid","35.35","0","78.50","295869.88","SABD0002000014","AAV2.0.0.13","3.0.1.1413","PSt7-10","180509-002","6/18/2019 6:15:17 AM","0000-00","0","no battery","V"
"07/13/2019","07:05:08","9","default","116269760","OXY_CH9","58.172","min","330.238","μmol/L","Humid","17.675","deg","90052","µV","20.328","°C","1013.000","hPa","36.5","pmil","0","55.690","deg","20.000","°C","100.000","%a.s.","22.400","deg","20.000","°C","962.000","hPa","0.861","-0.02617","0.00035","0","0","13.56","Humid","35.35","0","78.50","295868.34","SABD0002000014","AAV2.0.0.13","3.0.1.1413","PSt7-10","180509-002","6/18/2019 6:15:17 AM","0000-00","0","no battery","V"
"07/13/2019","07:05:09","9","default","116269760","OXY_CH9","58.189","min","330.089","μmol/L","Humid","17.676","deg","90054","µV","20.340","°C","1013.000","hPa","36.5","pmil","0","55.690","deg","20.000","°C","100.000","%a.s.","22.400","deg","20.000","°C","962.000","hPa","0.861","-0.02617","0.00035","0","0","13.56","Humid","35.35","0","78.50","295874.61","SABD0002000014","AAV2.0.0.13","3.0.1.1413","PSt7-10","180509-002","6/18/2019 6:15:17 AM","0000-00","0","no battery","V"
"07/13/2019","07:05:10","9","default","116269760","OXY_CH9","58.205","min","330.406","μmol/L","Humid","17.668","deg","90041","µV","20.334","°C","1013.000","hPa","36.5","pmil","0","55.690","deg","20.000","°C","100.000","%a.s.","22.400","deg","20.000","°C","962.000","hPa","0.861","-0.02617","0.00035","0","0","13.56","Humid","35.35","0","78.50","295876.10","SABD0002000014","AAV2.0.0.13","3.0.1.1413","PSt7-10","180509-002","6/18/2019 6:15:17 AM","0000-00","0","no battery","V"
"07/13/2019","07:05:11","9","default","116269760","OXY_CH9","58.222","min","330.341","μmol/L","Humid","17.670","deg","90044","µV","20.334","°C","1013.000","hPa","36.5","pmil","0","55.690","deg","20.000","°C","100.000","%a.s.","22.400","deg","20.000","°C","962.000","hPa","0.861","-0.02617","0.00035","0","0","13.56","Humid","35.35","0","78.50","295876.45","SABD0002000014","AAV2.0.0.13","3.0.1.1413","PSt7-10","180509-002","6/18/2019 6:15:17 AM","0000-00","0","no battery","V"
"07/13/2019","07:05:12","9","default","116269760","OXY_CH9","58.239","min","330.374","μmol/L","Humid","17.669","deg","90038","µV","20.334","°C","1013.000","hPa","36.5","pmil","0","55.690","deg","20.000","°C","100.000","%a.s.","22.400","deg","20.000","°C","962.000","hPa","0.861","-0.02617","0.00035","0","0","13.56","Humid","35.35","0","78.50","295866.53","SABD0002000014","AAV2.0.0.13","3.0.1.1413","PSt7-10","180509-002","6/18/2019 6:15:17 AM","0000-00","0","no battery","V"
"07/13/2019","07:05:13","9","default","116269760","OXY_CH9","58.255","min","330.445","μmol/L","Humid","17.665","deg","90033","µV","20.340","°C","1013.000","hPa","36.5","pmil","0","55.690","deg","20.000","°C","100.000","%a.s.","22.400","deg","20.000","°C","962.000","hPa","0.861","-0.02617","0.00035","0","0","13.56","Humid","35.35","0","78.50","295880.11","SABD0002000014","AAV2.0.0.13","3.0.1.1413","PSt7-10","180509-002","6/18/2019 6:15:17 AM","0000-00","0","no battery","V"
"07/13/2019","07:05:14","9","default","116269760","OXY_CH9","58.272","min","330.438","μmol/L","Humid","17.667","deg","90029","µV","20.334","°C","1013.000","hPa","36.5","pmil","0","55.690","deg","20.000","°C","100.000","%a.s.","22.400","deg","20.000","°C","962.000","hPa","0.861","-0.02617","0.00035","0","0","13.56","Humid","35.35","0","78.50","295868.50","SABD0002000014","AAV2.0.0.13","3.0.1.1413","PSt7-10","180509-002","6/18/2019 6:15:17 AM","0000-00","0","no battery","V"
"07/13/2019","07:05:15","9","default","116269760","OXY_CH9","58.289","min","330.315","μmol/L","Humid","17.669","deg","90021","µV","20.340","°C","1013.000","hPa","36.5","pmil","0","55.690","deg","20.000","°C","100.000","%a.s.","22.400","deg","20.000","°C","962.000","hPa","0.861","-0.02617","0.00035","0","0","13.56","Humid","35.35","0","78.50","295874.46","SABD0002000014","AAV2.0.0.13","3.0.1.1413","PSt7-10","180509-002","6/18/2019 6:15:17 AM","0000-00","0","no battery","V"
"07/13/2019","07:05:16","9","default","116269760","OXY_CH9","58.306","min","330.471","μmol/L","Humid","17.666","deg","90014","µV","20.334","°C","1013.000","hPa","36.5","pmil","0","55.690","deg","20.000","°C","100.000","%a.s.","22.400","deg","20.000","°C","962.000","hPa","0.861","-0.02617","0.00035","0","0","13.56","Humid","35.35","0","78.50","295885.61","SABD0002000014","AAV2.0.0.13","3.0.1.1413","PSt7-10","180509-002","6/18/2019 6:15:17 AM","0000-00","0","no battery","V"
"07/13/2019","07:05:17","9","default","116269760","OXY_CH9","58.322","min","330.477","μmol/L","Humid","17.664","deg","90005","µV","20.340","°C","1013.000","hPa","36.5","pmil","0","55.690","deg","20.000","°C","100.000","%a.s.","22.400","deg","20.000","°C","962.000","hPa","0.861","-0.02617","0.00035","0","0","13.56","Humid","35.35","0","78.50","295882.49","SABD0002000014","AAV2.0.0.13","3.0.1.1413","PSt7-10","180509-002","6/18/2019 6:15:17 AM","0000-00","0","no battery","V"
"07/13/2019","07:05:18","9","default","116269760","OXY_CH9","58.339","min","330.542","μmol/L","Humid","17.662","deg","90008","µV","20.340","°C","1013.000","hPa","36.5","pmil","0","55.690","deg","20.000","°C","100.000","%a.s.","22.400","deg","20.000","°C","962.000","hPa","0.861","-0.02617","0.00035","0","0","13.56","Humid","35.35","0","78.50","295877.75","SABD0002000014","AAV2.0.0.13","3.0.1.1413","PSt7-10","180509-002","6/18/2019 6:15:17 AM","0000-00","0","no battery","V"
"07/13/2019","07:05:19","9","default","116269760","OXY_CH9","58.356","min","330.697","μmol/L","Humid","17.659","deg","89995","µV","20.334","°C","1013.000","hPa","36.5","pmil","0","55.690","deg","20.000","°C","100.000","%a.s.","22.400","deg","20.000","°C","962.000","hPa","0.861","-0.02617","0.00035","0","0","13.56","Humid","35.35","0","78.50","295876.06","SABD0002000014","AAV2.0.0.13","3.0.1.1413","PSt7-10","180509-002","6/18/2019 6:15:17 AM","0000-00","0","no battery","V"
"07/13/2019","07:05:20","9","default","116269760","OXY_CH9","58.372","min","330.509","μmol/L","Humid","17.663","deg","89991","µV","20.340","°C","1013.000","hPa","36.5","pmil","0","55.690","deg","20.000","°C","100.000","%a.s.","22.400","deg","20.000","°C","962.000","hPa","0.861","-0.02617","0.00035","0","0","13.56","Humid","35.35","0","78.50","295867.45","SABD0002000014","AAV2.0.0.13","3.0.1.1413","PSt7-10","180509-002","6/18/2019 6:15:17 AM","0000-00","0","no battery","V"
"07/13/2019","07:05:21","9","default","116269760","OXY_CH9","58.389","min","330.703","μmol/L","Humid","17.657","deg","89991","µV","20.340","°C","1013.000","hPa","36.5","pmil","0","55.690","deg","20.000","°C","100.000","%a.s.","22.400","deg","20.000","°C","962.000","hPa","0.861","-0.02617","0.00035","0","0","13.56","Humid","35.35","0","78.50","295883.79","SABD0002000014","AAV2.0.0.13","3.0.1.1413","PSt7-10","180509-002","6/18/2019 6:15:17 AM","0000-00","0","no battery","V"
"07/13/2019","07:05:22","9","default","116269760","OXY_CH9","58.406","min","330.859","μmol/L","Humid","17.654","deg","89983","µV","20.334","°C","1013.000","hPa","36.5","pmil","0","55.690","deg","20.000","°C","100.000","%a.s.","22.400","deg","20.000","°C","962.000","hPa","0.861","-0.02617","0.00035","0","0","13.56","Humid","35.35","0","78.50","295882.70","SABD0002000014","AAV2.0.0.13","3.0.1.1413","PSt7-10","180509-002","6/18/2019 6:15:17 AM","0000-00","0","no battery","V"
"07/13/2019","07:05:23","9","default","116269760","OXY_CH9","58.423","min","330.742","μmol/L","Humid","17.654","deg","89985","µV","20.346","°C","1013.000","hPa","36.5","pmil","0","55.690","deg","20.000","°C","100.000","%a.s.","22.400","deg","20.000","°C","962.000","hPa","0.861","-0.02617","0.00035","0","0","13.56","Humid","35.35","0","78.50","295877.47","SABD0002000014","AAV2.0.0.13","3.0.1.1413","PSt7-10","180509-002","6/18/2019 6:15:17 AM","0000-00","0","no battery","V"
"07/13/2019","07:05:24","9","default","116269760","OXY_CH9","58.439","min","330.865","μmol/L","Humid","17.652","deg","89975","µV","20.340","°C","1013.000","hPa","36.5","pmil","0","55.690","deg","20.000","°C","100.000","%a.s.","22.400","deg","20.000","°C","962.000","hPa","0.861","-0.02617","0.00035","0","0","13.56","Humid","35.35","0","78.50","295882.21","SABD0002000014","AAV2.0.0.13","3.0.1.1413","PSt7-10","180509-002","6/18/2019 6:15:17 AM","0000-00","0","no battery","V"
"07/13/2019","07:05:25","9","default","116269760","OXY_CH9","58.455","min","330.678","μmol/L","Humid","17.656","deg","89972","µV","20.346","°C","1013.000","hPa","36.5","pmil","0","55.690","deg","20.000","°C","100.000","%a.s.","22.400","deg","20.000","°C","962.000","hPa","0.861","-0.02617","0.00035","0","0","13.56","Humid","35.35","0","78.50","295880.00","SABD0002000014","AAV2.0.0.13","3.0.1.1413","PSt7-10","180509-002","6/18/2019 6:15:17 AM","0000-00","0","no battery","V"
"07/13/2019","07:05:26","9","default","116269760","OXY_CH9","58.472","min","330.775","μmol/L","Humid","17.653","deg","89966","µV","20.346","°C","1013.000","hPa","36.5","pmil","0","55.690","deg","20.000","°C","100.000","%a.s.","22.400","deg","20.000","°C","962.000","hPa","0.861","-0.02617","0.00035","0","0","13.56","Humid","35.35","0","78.50","295881.00","SABD0002000014","AAV2.0.0.13","3.0.1.1413","PSt7-10","180509-002","6/18/2019 6:15:17 AM","0000-00","0","no battery","V"
"07/13/2019","07:05:27","9","default","116269760","OXY_CH9","58.489","min","330.898","μmol/L","Humid","17.651","deg","89950","µV","20.340","°C","1013.000","hPa","36.5","pmil","0","55.690","deg","20.000","°C","100.000","%a.s.","22.400","deg","20.000","°C","962.000","hPa","0.861","-0.02617","0.00035","0","0","13.56","Humid","35.35","0","78.50","295867.30","SABD0002000014","AAV2.0.0.13","3.0.1.1413","PSt7-10","180509-002","6/18/2019 6:15:17 AM","0000-00","0","no battery","V"
"07/13/2019","07:05:28","9","default","116269760","OXY_CH9","58.505","min","330.865","μmol/L","Humid","17.652","deg","89952","µV","20.340","°C","1013.000","hPa","36.5","pmil","0","55.690","deg","20.000","°C","100.000","%a.s.","22.400","deg","20.000","°C","962.000","hPa","0.861","-0.02617","0.00035","0","0","13.56","Humid","35.35","0","78.50","295878.47","SABD0002000014","AAV2.0.0.13","3.0.1.1413","PSt7-10","180509-002","6/18/2019 6:15:17 AM","0000-00","0","no battery","V"
"07/13/2019","07:05:29","9","default","116269760","OXY_CH9","58.522","min","330.911","μmol/L","Humid","17.647","deg","89951","µV","20.352","°C","1013.000","hPa","36.5","pmil","0","55.690","deg","20.000","°C","100.000","%a.s.","22.400","deg","20.000","°C","962.000","hPa","0.861","-0.02617","0.00035","0","0","13.56","Humid","35.35","0","78.50","295864.53","SABD0002000014","AAV2.0.0.13","3.0.1.1413","PSt7-10","180509-002","6/18/2019 6:15:17 AM","0000-00","0","no battery","V"
"07/13/2019","07:05:30","9","default","116269760","OXY_CH9","58.539","min","331.034","μmol/L","Humid","17.645","deg","89934","µV","20.346","°C","1013.000","hPa","36.5","pmil","0","55.690","deg","20.000","°C","100.000","%a.s.","22.400","deg","20.000","°C","962.000","hPa","0.861","-0.02617","0.00035","0","0","13.56","Humid","35.35","0","78.50","295877.41","SABD0002000014","AAV2.0.0.13","3.0.1.1413","PSt7-10","180509-002","6/18/2019 6:15:17 AM","0000-00","0","no battery","V"
"07/13/2019","07:05:31","9","default","116269760","OXY_CH9","58.555","min","331.073","μmol/L","Humid","17.642","deg","89939","µV","20.352","°C","1013.000","hPa","36.5","pmil","0","55.690","deg","20.000","°C","100.000","%a.s.","22.400","deg","20.000","°C","962.000","hPa","0.861","-0.02617","0.00035","0","0","13.56","Humid","35.35","0","78.50","295873.64","SABD0002000014","AAV2.0.0.13","3.0.1.1413","PSt7-10","180509-002","6/18/2019 6:15:17 AM","0000-00","0","no battery","V"
"07/13/2019","07:05:32","9","default","116269760","OXY_CH9","58.572","min","331.066","μmol/L","Humid","17.644","deg","89928","µV","20.346","°C","1013.000","hPa","36.5","pmil","0","55.690","deg","20.000","°C","100.000","%a.s.","22.400","deg","20.000","°C","962.000","hPa","0.861","-0.02617","0.00035","0","0","13.56","Humid","35.35","0","78.50","295892.67","SABD0002000014","AAV2.0.0.13","3.0.1.1413","PSt7-10","180509-002","6/18/2019 6:15:17 AM","0000-00","0","no battery","V"
"07/13/2019","07:05:33","9","default","116269760","OXY_CH9","58.589","min","331.034","μmol/L","Humid","17.645","deg","89926","µV","20.346","°C","1013.000","hPa","36.5","pmil","0","55.690","deg","20.000","°C","100.000","%a.s.","22.400","deg","20.000","°C","962.000","hPa","0.861","-0.02617","0.00035","0","0","13.56","Humid","35.35","0","78.50","295885.03","SABD0002000014","AAV2.0.0.13","3.0.1.1413","PSt7-10","180509-002","6/18/2019 6:15:17 AM","0000-00","0","no battery","V"
"07/13/2019","07:05:34","9","default","116269760","OXY_CH9","58.606","min","331.099","μmol/L","Humid","17.643","deg","89933","µV","20.346","°C","1013.000","hPa","36.5","pmil","0","55.690","deg","20.000","°C","100.000","%a.s.","22.400","deg","20.000","°C","962.000","hPa","0.861","-0.02617","0.00035","0","0","13.56","Humid","35.35","0","78.50","295880.47","SABD0002000014","AAV2.0.0.13","3.0.1.1413","PSt7-10","180509-002","6/18/2019 6:15:17 AM","0000-00","0","no battery","V"
"07/13/2019","07:05:35","9","default","116269760","OXY_CH9","58.622","min","331.164","μmol/L","Humid","17.641","deg","89915","µV","20.346","°C","1013.000","hPa","36.5","pmil","0","55.690","deg","20.000","°C","100.000","%a.s.","22.400","deg","20.000","°C","962.000","hPa","0.861","-0.02617","0.00035","0","0","13.56","Humid","35.35","0","78.50","295888.50","SABD0002000014","AAV2.0.0.13","3.0.1.1413","PSt7-10","180509-002","6/18/2019 6:15:17 AM","0000-00","0","no battery","V"
"07/13/2019","07:05:36","9","default","116269760","OXY_CH9","58.639","min","331.255","μmol/L","Humid","17.640","deg","89915","µV","20.340","°C","1013.000","hPa","36.5","pmil","0","55.690","deg","20.000","°C","100.000","%a.s.","22.400","deg","20.000","°C","962.000","hPa","0.861","-0.02617","0.00035","0","0","13.56","Humid","35.35","0","78.50","295893.72","SABD0002000014","AAV2.0.0.13","3.0.1.1413","PSt7-10","180509-002","6/18/2019 6:15:17 AM","0000-00","0","no battery","V"
"07/13/2019","07:05:37","9","default","116269760","OXY_CH9","58.656","min","330.775","μmol/L","Humid","17.653","deg","90479","µV","20.346","°C","1013.000","hPa","36.5","pmil","0","55.690","deg","20.000","°C","100.000","%a.s.","22.400","deg","20.000","°C","962.000","hPa","0.861","-0.02617","0.00035","0","0","13.56","Humid","35.35","0","78.50","295909.51","SABD0002000014","AAV2.0.0.13","3.0.1.1413","PSt7-10","180509-002","6/18/2019 6:15:17 AM","0000-00","0","no battery","V"
"07/13/2019","07:05:38","9","default","116269760","OXY_CH9","58.672","min","329.128","μmol/L","Humid","17.704","deg","90986","µV","20.346","°C","1013.000","hPa","36.5","pmil","0","55.690","deg","20.000","°C","100.000","%a.s.","22.400","deg","20.000","°C","962.000","hPa","0.861","-0.02617","0.00035","0","0","13.56","Humid","35.35","0","78.50","295893.25","SABD0002000014","AAV2.0.0.13","3.0.1.1413","PSt7-10","180509-002","6/18/2019 6:15:17 AM","0000-00","0","no battery","V"
"07/13/2019","07:05:39","9","default","116269760","OXY_CH9","58.689","min","327.679","μmol/L","Humid","17.751","deg","91227","µV","20.340","°C","1013.000","hPa","36.5","pmil","0","55.690","deg","20.000","°C","100.000","%a.s.","22.400","deg","20.000","°C","962.000","hPa","0.861","-0.02617","0.00035","0","0","13.56","Humid","35.35","0","78.50","295891.02","SABD0002000014","AAV2.0.0.13","3.0.1.1413","PSt7-10","180509-002","6/18/2019 6:15:17 AM","0000-00","0","no battery","V"
"07/13/2019","07:05:40","9","default","116269760","OXY_CH9","58.706","min","325.767","μmol/L","Humid","17.811","deg","91313","µV","20.340","°C","1013.000","hPa","36.5","pmil","0","55.690","deg","20.000","°C","100.000","%a.s.","22.400","deg","20.000","°C","962.000","hPa","0.861","-0.02617","0.00035","0","0","13.56","Humid","35.35","0","78.50","295904.47","SABD0002000014","AAV2.0.0.13","3.0.1.1413","PSt7-10","180509-002","6/18/2019 6:15:17 AM","0000-00","0","no battery","V"
"07/13/2019","07:05:41","9","default","116269760","OXY_CH9","58.722","min","323.637","μmol/L","Humid","17.873","deg","91241","µV","20.358","°C","1013.000","hPa","36.5","pmil","0","55.690","deg","20.000","°C","100.000","%a.s.","22.400","deg","20.000","°C","962.000","hPa","0.861","-0.02617","0.00035","0","0","13.56","Humid","35.35","0","78.50","295889.18","SABD0002000014","AAV2.0.0.13","3.0.1.1413","PSt7-10","180509-002","6/18/2019 6:15:17 AM","0000-00","0","no battery","V"
"07/13/2019","07:05:42","9","default","116269760","OXY_CH9","58.739","min","321.908","μmol/L","Humid","17.930","deg","92000","µV","20.352","°C","1013.000","hPa","36.5","pmil","0","55.690","deg","20.000","°C","100.000","%a.s.","22.400","deg","20.000","°C","962.000","hPa","0.861","-0.02617","0.00035","0","0","13.56","Humid","35.35","0","78.50","295884.90","SABD0002000014","AAV2.0.0.13","3.0.1.1413","PSt7-10","180509-002","6/18/2019 6:15:17 AM","0000-00","0","no battery","V"
"07/13/2019","07:05:43","9","default","116269760","OXY_CH9","58.755","min","320.787","μmol/L","Humid","17.966","deg","92249","µV","20.352","°C","1013.000","hPa","36.5","pmil","0","55.690","deg","20.000","°C","100.000","%a.s.","22.400","deg","20.000","°C","962.000","hPa","0.861","-0.02617","0.00035","0","0","13.56","Humid","35.35","0","78.50","295898.05","SABD0002000014","AAV2.0.0.13","3.0.1.1413","PSt7-10","180509-002","6/18/2019 6:15:17 AM","0000-00","0","no battery","V"
"07/13/2019","07:05:44","9","default","116269760","OXY_CH9","58.772","min","314.592","μmol/L","Humid","18.168","deg","93291","µV","20.352","°C","1013.000","hPa","36.5","pmil","0","55.690","deg","20.000","°C","100.000","%a.s.","22.400","deg","20.000","°C","962.000","hPa","0.861","-0.02617","0.00035","0","0","13.56","Humid","35.35","0","78.50","295899.88","SABD0002000014","AAV2.0.0.13","3.0.1.1413","PSt7-10","180509-002","6/18/2019 6:15:17 AM","0000-00","0","no battery","V"
"07/13/2019","07:05:45","9","default","116269760","OXY_CH9","58.789","min","302.736","μmol/L","Humid","18.570","deg","94865","µV","20.352","°C","1013.000","hPa","36.5","pmil","0","55.690","deg","20.000","°C","100.000","%a.s.","22.400","deg","20.000","°C","962.000","hPa","0.861","-0.02617","0.00035","0","0","13.56","Humid","35.35","0","78.50","295898.08","SABD0002000014","AAV2.0.0.13","3.0.1.1413","PSt7-10","180509-002","6/18/2019 6:15:17 AM","0000-00","0","no battery","V"
"07/13/2019","07:05:46","9","default","116269760","OXY_CH9","58.805","min","301.504","μmol/L","Humid","18.613","deg","96073","µV","20.352","°C","1013.000","hPa","36.5","pmil","0","55.690","deg","20.000","°C","100.000","%a.s.","22.400","deg","20.000","°C","962.000","hPa","0.861","-0.02617","0.00035","0","0","13.56","Humid","35.35","0","78.50","295905.20","SABD0002000014","AAV2.0.0.13","3.0.1.1413","PSt7-10","180509-002","6/18/2019 6:15:17 AM","0000-00","0","no battery","V"
"07/13/2019","07:05:47","9","default","116269760","OXY_CH9","58.822","min","302.166","μmol/L","Humid","18.588","deg","96064","µV","20.358","°C","1013.000","hPa","36.5","pmil","0","55.690","deg","20.000","°C","100.000","%a.s.","22.400","deg","20.000","°C","962.000","hPa","0.861","-0.02617","0.00035","0","0","13.56","Humid","35.35","0","78.50","295905.71","SABD0002000014","AAV2.0.0.13","3.0.1.1413","PSt7-10","180509-002","6/18/2019 6:15:17 AM","0000-00","0","no battery","V"
"07/13/2019","07:05:48","9","default","116269760","OXY_CH9","58.839","min","302.424","μmol/L","Humid","18.579","deg","96013","µV","20.358","°C","1013.000","hPa","36.5","pmil","0","55.690","deg","20.000","°C","100.000","%a.s.","22.400","deg","20.000","°C","962.000","hPa","0.861","-0.02617","0.00035","0","0","13.56","Humid","35.35","0","78.50","295909.75","SABD0002000014","AAV2.0.0.13","3.0.1.1413","PSt7-10","180509-002","6/18/2019 6:15:17 AM","0000-00","0","no battery","V"
"07/13/2019","07:05:49","9","default","116269760","OXY_CH9","58.856","min","302.831","μmol/L","Humid","18.563","deg","95945","µV","20.364","°C","1013.000","hPa","36.5","pmil","0","55.690","deg","20.000","°C","100.000","%a.s.","22.400","deg","20.000","°C","962.000","hPa","0.861","-0.02617","0.00035","0","0","13.56","Humid","35.35","0","78.50","295900.34","SABD0002000014","AAV2.0.0.13","3.0.1.1413","PSt7-10","180509-002","6/18/2019 6:15:17 AM","0000-00","0","no battery","V"
"07/13/2019","07:05:50","9","default","116269760","OXY_CH9","58.872","min","303.229","μmol/L","Humid","18.551","deg","95835","µV","20.358","°C","1013.000","hPa","36.5","pmil","0","55.690","deg","20.000","°C","100.000","%a.s.","22.400","deg","20.000","°C","962.000","hPa","0.861","-0.02617","0.00035","0","0","13.56","Humid","35.35","0","78.50","295904.38","SABD0002000014","AAV2.0.0.13","3.0.1.1413","PSt7-10","180509-002","6/18/2019 6:15:17 AM","0000-00","0","no battery","V"
"07/13/2019","07:05:51","9","default","116269760","OXY_CH9","58.889","min","303.864","μmol/L","Humid","18.529","deg","95758","µV","20.358","°C","1013.000","hPa","36.5","pmil","0","55.690","deg","20.000","°C","100.000","%a.s.","22.400","deg","20.000","°C","962.000","hPa","0.861","-0.02617","0.00035","0","0","13.56","Humid","35.35","0","78.50","295910.22","SABD0002000014","AAV2.0.0.13","3.0.1.1413","PSt7-10","180509-002","6/18/2019 6:15:17 AM","0000-00","0","no battery","V"
"07/13/2019","07:05:52","9","default","116269760","OXY_CH9","58.906","min","304.385","μmol/L","Humid","18.511","deg","95680","µV","20.358","°C","1013.000","hPa","36.5","pmil","0","55.690","deg","20.000","°C","100.000","%a.s.","22.400","deg","20.000","°C","962.000","hPa","0.861","-0.02617","0.00035","0","0","13.56","Humid","35.35","0","78.50","295912.34","SABD0002000014","AAV2.0.0.13","3.0.1.1413","PSt7-10","180509-002","6/18/2019 6:15:17 AM","0000-00","0","no battery","V"
"07/13/2019","07:05:53","9","default","116269760","OXY_CH9","58.922","min","304.674","μmol/L","Humid","18.501","deg","95568","µV","20.358","°C","1013.000","hPa","36.5","pmil","0","55.690","deg","20.000","°C","100.000","%a.s.","22.400","deg","20.000","°C","962.000","hPa","0.861","-0.02617","0.00035","0","0","13.56","Humid","35.35","0","78.50","295897.36","SABD0002000014","AAV2.0.0.13","3.0.1.1413","PSt7-10","180509-002","6/18/2019 6:15:17 AM","0000-00","0","no battery","V"
"07/13/2019","07:05:54","9","default","116269760","OXY_CH9","58.939","min","304.993","μmol/L","Humid","18.490","deg","95475","µV","20.358","°C","1013.000","hPa","36.5","pmil","0","55.690","deg","20.000","°C","100.000","%a.s.","22.400","deg","20.000","°C","962.000","hPa","0.861","-0.02617","0.00035","0","0","13.56","Humid","35.35","0","78.50","295911.46","SABD0002000014","AAV2.0.0.13","3.0.1.1413","PSt7-10","180509-002","6/18/2019 6:15:17 AM","0000-00","0","no battery","V"
"07/13/2019","07:05:55","9","default","116269760","OXY_CH9","58.956","min","305.629","μmol/L","Humid","18.470","deg","95539","µV","20.352","°C","1013.000","hPa","36.5","pmil","0","55.690","deg","20.000","°C","100.000","%a.s.","22.400","deg","20.000","°C","962.000","hPa","0.861","-0.02617","0.00035","0","0","13.56","Humid","35.35","0","78.50","295915.06","SABD0002000014","AAV2.0.0.13","3.0.1.1413","PSt7-10","180509-002","6/18/2019 6:15:17 AM","0000-00","0","no battery","V"
"07/13/2019","07:05:56","9","default","116269760","OXY_CH9","58.973","min","305.895","μmol/L","Humid","18.459","deg","95493","µV","20.358","°C","1013.000","hPa","36.5","pmil","0","55.690","deg","20.000","°C","100.000","%a.s.","22.400","deg","20.000","°C","962.000","hPa","0.861","-0.02617","0.00035","0","0","13.56","Humid","35.35","0","78.50","295912.33","SABD0002000014","AAV2.0.0.13","3.0.1.1413","PSt7-10","180509-002","6/18/2019 6:15:17 AM","0000-00","0","no battery","V"
"07/13/2019","07:05:57","9","default","116269760","OXY_CH9","58.989","min","306.416","μmol/L","Humid","18.443","deg","95415","µV","20.352","°C","1013.000","hPa","36.5","pmil","0","55.690","deg","20.000","°C","100.000","%a.s.","22.400","deg","20.000","°C","962.000","hPa","0.861","-0.02617","0.00035","0","0","13.56","Humid","35.35","0","78.50","295907.90","SABD0002000014","AAV2.0.0.13","3.0.1.1413","PSt7-10","180509-002","6/18/2019 6:15:17 AM","0000-00","0","no battery","V"
"07/13/2019","07:05:58","9","default","116269760","OXY_CH9","59.006","min","306.829","μmol/L","Humid","18.427","deg","95311","µV","20.358","°C","1013.000","hPa","36.5","pmil","0","55.690","deg","20.000","°C","100.000","%a.s.","22.400","deg","20.000","°C","962.000","hPa","0.861","-0.02617","0.00035","0","0","13.56","Humid","35.35","0","78.50","295913.90","SABD0002000014","AAV2.0.0.13","3.0.1.1413","PSt7-10","180509-002","6/18/2019 6:15:17 AM","0000-00","0","no battery","V"
"07/13/2019","07:05:59","9","default","116269760","OXY_CH9","59.022","min","307.181","μmol/L","Humid","18.415","deg","95252","µV","20.358","°C","1013.000","hPa","36.5","pmil","0","55.690","deg","20.000","°C","100.000","%a.s.","22.400","deg","20.000","°C","962.000","hPa","0.861","-0.02617","0.00035","0","0","13.56","Humid","35.35","0","78.50","295908.70","SABD0002000014","AAV2.0.0.13","3.0.1.1413","PSt7-10","180509-002","6/18/2019 6:15:17 AM","0000-00","0","no battery","V"
"07/13/2019","07:06:00","9","default","116269760","OXY_CH9","59.039","min","307.391","μmol/L","Humid","18.406","deg","95178","µV","20.364","°C","1013.000","hPa","36.5","pmil","0","55.690","deg","20.000","°C","100.000","%a.s.","22.400","deg","20.000","°C","962.000","hPa","0.861","-0.02617","0.00035","0","0","13.56","Humid","35.35","0","78.50","295931.05","SABD0002000014","AAV2.0.0.13","3.0.1.1413","PSt7-10","180509-002","6/18/2019 6:15:17 AM","0000-00","0","no battery","V"
"07/13/2019","07:06:01","9","default","116269760","OXY_CH9","59.055","min","308.007","μmol/L","Humid","18.385","deg","95060","µV","20.364","°C","1013.000","hPa","36.5","pmil","0","55.690","deg","20.000","°C","100.000","%a.s.","22.400","deg","20.000","°C","962.000","hPa","0.861","-0.02617","0.00035","0","0","13.56","Humid","35.35","0","78.50","295914.47","SABD0002000014","AAV2.0.0.13","3.0.1.1413","PSt7-10","180509-002","6/18/2019 6:15:17 AM","0000-00","0","no battery","V"
"07/13/2019","07:06:02","9","default","116269760","OXY_CH9","59.072","min","308.508","μmol/L","Humid","18.368","deg","94957","µV","20.364","°C","1013.000","hPa","36.5","pmil","0","55.690","deg","20.000","°C","100.000","%a.s.","22.400","deg","20.000","°C","962.000","hPa","0.861","-0.02617","0.00035","0","0","13.56","Humid","35.35","0","78.50","295914.01","SABD0002000014","AAV2.0.0.13","3.0.1.1413","PSt7-10","180509-002","6/18/2019 6:15:17 AM","0000-00","0","no battery","V"
"07/13/2019","07:06:03","9","default","116269760","OXY_CH9","59.089","min","309.035","μmol/L","Humid","18.352","deg","94865","µV","20.358","°C","1013.000","hPa","36.5","pmil","0","55.690","deg","20.000","°C","100.000","%a.s.","22.400","deg","20.000","°C","962.000","hPa","0.861","-0.02617","0.00035","0","0","13.56","Humid","35.35","0","78.50","295929.83","SABD0002000014","AAV2.0.0.13","3.0.1.1413","PSt7-10","180509-002","6/18/2019 6:15:17 AM","0000-00","0","no battery","V"
"07/13/2019","07:06:04","9","default","116269760","OXY_CH9","59.105","min","309.567","μmol/L","Humid","18.334","deg","94785","µV","20.358","°C","1013.000","hPa","36.5","pmil","0","55.690","deg","20.000","°C","100.000","%a.s.","22.400","deg","20.000","°C","962.000","hPa","0.861","-0.02617","0.00035","0","0","13.56","Humid","35.35","0","78.50","295900.98","SABD0002000014","AAV2.0.0.13","3.0.1.1413","PSt7-10","180509-002","6/18/2019 6:15:17 AM","0000-00","0","no battery","V"
"07/13/2019","07:06:05","9","default","116269760","OXY_CH9","59.122","min","309.834","μmol/L","Humid","18.325","deg","94687","µV","20.358","°C","1013.000","hPa","36.5","pmil","0","55.690","deg","20.000","°C","100.000","%a.s.","22.400","deg","20.000","°C","962.000","hPa","0.861","-0.02617","0.00035","0","0","13.56","Humid","35.35","0","78.50","295919.73","SABD0002000014","AAV2.0.0.13","3.0.1.1413","PSt7-10","180509-002","6/18/2019 6:15:17 AM","0000-00","0","no battery","V"
"07/13/2019","07:06:06","9","default","116269760","OXY_CH9","59.139","min","310.313","μmol/L","Humid","18.307","deg","94596","µV","20.364","°C","1013.000","hPa","36.5","pmil","0","55.690","deg","20.000","°C","100.000","%a.s.","22.400","deg","20.000","°C","962.000","hPa","0.861","-0.02617","0.00035","0","0","13.56","Humid","35.35","0","78.50","295918.09","SABD0002000014","AAV2.0.0.13","3.0.1.1413","PSt7-10","180509-002","6/18/2019 6:15:17 AM","0000-00","0","no battery","V"
"07/13/2019","07:06:07","9","default","116269760","OXY_CH9","59.156","min","310.725","μmol/L","Humid","18.295","deg","94518","µV","20.358","°C","1013.000","hPa","36.5","pmil","0","55.690","deg","20.000","°C","100.000","%a.s.","22.400","deg","20.000","°C","962.000","hPa","0.861","-0.02617","0.00035","0","0","13.56","Humid","35.35","0","78.50","295935.03","SABD0002000014","AAV2.0.0.13","3.0.1.1413","PSt7-10","180509-002","6/18/2019 6:15:17 AM","0000-00","0","no battery","V"
"07/13/2019","07:06:08","9","default","116269760","OXY_CH9","59.172","min","311.122","μmol/L","Humid","18.278","deg","94404","µV","20.371","°C","1013.000","hPa","36.5","pmil","0","55.690","deg","20.000","°C","100.000","%a.s.","22.400","deg","20.000","°C","962.000","hPa","0.861","-0.02617","0.00035","0","0","13.56","Humid","35.35","0","78.50","295913.68","SABD0002000014","AAV2.0.0.13","3.0.1.1413","PSt7-10","180509-002","6/18/2019 6:15:17 AM","0000-00","0","no battery","V"
"07/13/2019","07:06:09","9","default","116269760","OXY_CH9","59.189","min","311.709","μmol/L","Humid","18.262","deg","94310","µV","20.358","°C","1013.000","hPa","36.5","pmil","0","55.690","deg","20.000","°C","100.000","%a.s.","22.400","deg","20.000","°C","962.000","hPa","0.861","-0.02617","0.00035","0","0","13.56","Humid","35.35","0","78.50","295914.79","SABD0002000014","AAV2.0.0.13","3.0.1.1413","PSt7-10","180509-002","6/18/2019 6:15:17 AM","0000-00","0","no battery","V"
"07/13/2019","07:06:10","9","default","116269760","OXY_CH9","59.206","min","312.043","μmol/L","Humid","18.249","deg","94245","µV","20.364","°C","1013.000","hPa","36.5","pmil","0","55.690","deg","20.000","°C","100.000","%a.s.","22.400","deg","20.000","°C","962.000","hPa","0.861","-0.02617","0.00035","0","0","13.56","Humid","35.35","0","78.50","295929.21","SABD0002000014","AAV2.0.0.13","3.0.1.1413","PSt7-10","180509-002","6/18/2019 6:15:17 AM","0000-00","0","no battery","V"
"07/13/2019","07:06:11","9","default","116269760","OXY_CH9","59.223","min","312.443","μmol/L","Humid","18.232","deg","94157","µV","20.377","°C","1013.000","hPa","36.5","pmil","0","55.690","deg","20.000","°C","100.000","%a.s.","22.400","deg","20.000","°C","962.000","hPa","0.861","-0.02617","0.00035","0","0","13.56","Humid","35.35","0","78.50","295925.75","SABD0002000014","AAV2.0.0.13","3.0.1.1413","PSt7-10","180509-002","6/18/2019 6:15:17 AM","0000-00","0","no battery","V"
"07/13/2019","07:06:12","9","default","116269760","OXY_CH9","59.239","min","312.943","μmol/L","Humid","18.219","deg","94053","µV","20.364","°C","1013.000","hPa","36.5","pmil","0","55.690","deg","20.000","°C","100.000","%a.s.","22.400","deg","20.000","°C","962.000","hPa","0.861","-0.02617","0.00035","0","0","13.56","Humid","35.35","0","78.50","295913.21","SABD0002000014","AAV2.0.0.13","3.0.1.1413","PSt7-10","180509-002","6/18/2019 6:15:17 AM","0000-00","0","no battery","V"
"07/13/2019","07:06:13","9","default","116269760","OXY_CH9","59.256","min","313.399","μmol/L","Humid","18.202","deg","93966","µV","20.371","°C","1013.000","hPa","36.5","pmil","0","55.690","deg","20.000","°C","100.000","%a.s.","22.400","deg","20.000","°C","962.000","hPa","0.861","-0.02617","0.00035","0","0","13.56","Humid","35.35","0","78.50","295926.62","SABD0002000014","AAV2.0.0.13","3.0.1.1413","PSt7-10","180509-002","6/18/2019 6:15:17 AM","0000-00","0","no battery","V"
"07/13/2019","07:06:14","9","default","116269760","OXY_CH9","59.272","min","313.756","μmol/L","Humid","18.192","deg","93902","µV","20.364","°C","1013.000","hPa","36.5","pmil","0","55.690","deg","20.000","°C","100.000","%a.s.","22.400","deg","20.000","°C","962.000","hPa","0.861","-0.02617","0.00035","0","0","13.56","Humid","35.35","0","78.50","295922.23","SABD0002000014","AAV2.0.0.13","3.0.1.1413","PSt7-10","180509-002","6/18/2019 6:15:17 AM","0000-00","0","no battery","V"
"07/13/2019","07:06:15","9","default","116269760","OXY_CH9","59.289","min","314.123","μmol/L","Humid","18.178","deg","93829","µV","20.371","°C","1013.000","hPa","36.5","pmil","0","55.690","deg","20.000","°C","100.000","%a.s.","22.400","deg","20.000","°C","962.000","hPa","0.861","-0.02617","0.00035","0","0","13.56","Humid","35.35","0","78.50","295923.33","SABD0002000014","AAV2.0.0.13","3.0.1.1413","PSt7-10","180509-002","6/18/2019 6:15:17 AM","0000-00","0","no battery","V"
"07/13/2019","07:06:16","9","default","116269760","OXY_CH9","59.306","min","314.370","μmol/L","Humid","18.168","deg","93752","µV","20.377","°C","1013.000","hPa","36.5","pmil","0","55.690","deg","20.000","°C","100.000","%a.s.","22.400","deg","20.000","°C","962.000","hPa","0.861","-0.02617","0.00035","0","0","13.56","Humid","35.35","0","78.50","295935.41","SABD0002000014","AAV2.0.0.13","3.0.1.1413","PSt7-10","180509-002","6/18/2019 6:15:17 AM","0000-00","0","no battery","V"
"07/13/2019","07:06:17","9","default","116269760","OXY_CH9","59.322","min","314.819","μmol/L","Humid","18.155","deg","93658","µV","20.371","°C","1013.000","hPa","36.5","pmil","0","55.690","deg","20.000","°C","100.000","%a.s.","22.400","deg","20.000","°C","962.000","hPa","0.861","-0.02617","0.00035","0","0","13.56","Humid","35.35","0","78.50","295913.75","SABD0002000014","AAV2.0.0.13","3.0.1.1413","PSt7-10","180509-002","6/18/2019 6:15:17 AM","0000-00","0","no battery","V"
"07/13/2019","07:06:18","9","default","116269760","OXY_CH9","59.339","min","315.365","μmol/L","Humid","18.137","deg","93585","µV","20.371","°C","1013.000","hPa","36.5","pmil","0","55.690","deg","20.000","°C","100.000","%a.s.","22.400","deg","20.000","°C","962.000","hPa","0.861","-0.02617","0.00035","0","0","13.56","Humid","35.35","0","78.50","295923.76","SABD0002000014","AAV2.0.0.13","3.0.1.1413","PSt7-10","180509-002","6/18/2019 6:15:17 AM","0000-00","0","no battery","V"
"07/13/2019","07:06:19","9","default","116269760","OXY_CH9","59.356","min","315.725","μmol/L","Humid","18.127","deg","93511","µV","20.364","°C","1013.000","hPa","36.5","pmil","0","55.690","deg","20.000","°C","100.000","%a.s.","22.400","deg","20.000","°C","962.000","hPa","0.861","-0.02617","0.00035","0","0","13.56","Humid","35.35","0","78.50","295938.64","SABD0002000014","AAV2.0.0.13","3.0.1.1413","PSt7-10","180509-002","6/18/2019 6:15:17 AM","0000-00","0","no battery","V"
"07/13/2019","07:06:20","9","default","116269760","OXY_CH9","59.373","min","316.029","μmol/L","Humid","18.117","deg","93447","µV","20.364","°C","1013.000","hPa","36.5","pmil","0","55.690","deg","20.000","°C","100.000","%a.s.","22.400","deg","20.000","°C","962.000","hPa","0.861","-0.02617","0.00035","0","0","13.56","Humid","35.35","0","78.50","295935.60","SABD0002000014","AAV2.0.0.13","3.0.1.1413","PSt7-10","180509-002","6/18/2019 6:15:17 AM","0000-00","0","no battery","V"
"07/13/2019","07:06:21","9","default","116269760","OXY_CH9","59.389","min","316.227","μmol/L","Humid","18.105","deg","93384","µV","20.383","°C","1013.000","hPa","36.5","pmil","0","55.690","deg","20.000","°C","100.000","%a.s.","22.400","deg","20.000","°C","962.000","hPa","0.861","-0.02617","0.00035","0","0","13.56","Humid","35.35","0","78.50","295926.91","SABD0002000014","AAV2.0.0.13","3.0.1.1413","PSt7-10","180509-002","6/18/2019 6:15:17 AM","0000-00","0","no battery","V"
"07/13/2019","07:06:22","9","default","116269760","OXY_CH9","59.405","min","316.614","μmol/L","Humid","18.096","deg","93325","µV","20.371","°C","1013.000","hPa","36.5","pmil","0","55.690","deg","20.000","°C","100.000","%a.s.","22.400","deg","20.000","°C","962.000","hPa","0.861","-0.02617","0.00035","0","0","13.56","Humid","35.35","0","78.50","295934.63","SABD0002000014","AAV2.0.0.13","3.0.1.1413","PSt7-10","180509-002","6/18/2019 6:15:17 AM","0000-00","0","no battery","V"
"07/13/2019","07:06:23","9","default","116269760","OXY_CH9","59.422","min","317.042","μmol/L","Humid","18.082","deg","93237","µV","20.371","°C","1013.000","hPa","36.5","pmil","0","55.690","deg","20.000","°C","100.000","%a.s.","22.400","deg","20.000","°C","962.000","hPa","0.861","-0.02617","0.00035","0","0","13.56","Humid","35.35","0","78.50","295931.76","SABD0002000014","AAV2.0.0.13","3.0.1.1413","PSt7-10","180509-002","6/18/2019 6:15:17 AM","0000-00","0","no battery","V"
"07/13/2019","07:06:24","9","default","116269760","OXY_CH9","59.438","min","317.470","μmol/L","Humid","18.068","deg","93164","µV","20.371","°C","1013.000","hPa","36.5","pmil","0","55.690","deg","20.000","°C","100.000","%a.s.","22.400","deg","20.000","°C","962.000","hPa","0.861","-0.02617","0.00035","0","0","13.56","Humid","35.35","0","78.50","295939.84","SABD0002000014","AAV2.0.0.13","3.0.1.1413","PSt7-10","180509-002","6/18/2019 6:15:17 AM","0000-00","0","no battery","V"
"07/13/2019","07:06:25","9","default","116269760","OXY_CH9","59.455","min","317.782","μmol/L","Humid","18.056","deg","93094","µV","20.377","°C","1013.000","hPa","36.5","pmil","0","55.690","deg","20.000","°C","100.000","%a.s.","22.400","deg","20.000","°C","962.000","hPa","0.861","-0.02617","0.00035","0","0","13.56","Humid","35.35","0","78.50","295932.25","SABD0002000014","AAV2.0.0.13","3.0.1.1413","PSt7-10","180509-002","6/18/2019 6:15:17 AM","0000-00","0","no battery","V"
"07/13/2019","07:06:26","9","default","116269760","OXY_CH9","59.472","min","318.202","μmol/L","Humid","18.046","deg","93031","µV","20.364","°C","1013.000","hPa","36.5","pmil","0","55.690","deg","20.000","°C","100.000","%a.s.","22.400","deg","20.000","°C","962.000","hPa","0.861","-0.02617","0.00035","0","0","13.56","Humid","35.35","0","78.50","295941.99","SABD0002000014","AAV2.0.0.13","3.0.1.1413","PSt7-10","180509-002","6/18/2019 6:15:17 AM","0000-00","0","no battery","V"
"07/13/2019","07:06:27","9","default","116269760","OXY_CH9","59.489","min","318.484","μmol/L","Humid","18.035","deg","92970","µV","20.371","°C","1013.000","hPa","36.5","pmil","0","55.690","deg","20.000","°C","100.000","%a.s.","22.400","deg","20.000","°C","962.000","hPa","0.861","-0.02617","0.00035","0","0","13.56","Humid","35.35","0","78.50","295937.55","SABD0002000014","AAV2.0.0.13","3.0.1.1413","PSt7-10","180509-002","6/18/2019 6:15:17 AM","0000-00","0","no battery","V"
"07/13/2019","07:06:28","9","default","116269760","OXY_CH9","59.505","min","318.705","μmol/L","Humid","18.026","deg","92909","µV","20.377","°C","1013.000","hPa","36.5","pmil","0","55.690","deg","20.000","°C","100.000","%a.s.","22.400","deg","20.000","°C","962.000","hPa","0.861","-0.02617","0.00035","0","0","13.56","Humid","35.35","0","78.50","295933.97","SABD0002000014","AAV2.0.0.13","3.0.1.1413","PSt7-10","180509-002","6/18/2019 6:15:17 AM","0000-00","0","no battery","V"
"07/13/2019","07:06:29","9","default","116269760","OXY_CH9","59.522","min","318.982","μmol/L","Humid","18.017","deg","92844","µV","20.377","°C","1013.000","hPa","36.5","pmil","0","55.690","deg","20.000","°C","100.000","%a.s.","22.400","deg","20.000","°C","962.000","hPa","0.861","-0.02617","0.00035","0","0","13.56","Humid","35.35","0","78.50","295944.32","SABD0002000014","AAV2.0.0.13","3.0.1.1413","PSt7-10","180509-002","6/18/2019 6:15:17 AM","0000-00","0","no battery","V"
"07/13/2019","07:06:30","9","default","116269760","OXY_CH9","59.539","min","319.352","μmol/L","Humid","18.005","deg","92783","µV","20.377","°C","1013.000","hPa","36.5","pmil","0","55.690","deg","20.000","°C","100.000","%a.s.","22.400","deg","20.000","°C","962.000","hPa","0.861","-0.02617","0.00035","0","0","13.56","Humid","35.35","0","78.50","295935.22","SABD0002000014","AAV2.0.0.13","3.0.1.1413","PSt7-10","180509-002","6/18/2019 6:15:17 AM","0000-00","0","no battery","V"
"07/13/2019","07:06:31","9","default","116269760","OXY_CH9","59.555","min","319.569","μmol/L","Humid","17.998","deg","92719","µV","20.377","°C","1013.000","hPa","36.5","pmil","0","55.690","deg","20.000","°C","100.000","%a.s.","22.400","deg","20.000","°C","962.000","hPa","0.861","-0.02617","0.00035","0","0","13.56","Humid","35.35","0","78.50","295931.37","SABD0002000014","AAV2.0.0.13","3.0.1.1413","PSt7-10","180509-002","6/18/2019 6:15:17 AM","0000-00","0","no battery","V"
"07/13/2019","07:06:32","9","default","116269760","OXY_CH9","59.572","min","319.853","μmol/L","Humid","17.987","deg","92663","µV","20.383","°C","1013.000","hPa","36.5","pmil","0","55.690","deg","20.000","°C","100.000","%a.s.","22.400","deg","20.000","°C","962.000","hPa","0.861","-0.02617","0.00035","0","0","13.56","Humid","35.35","0","78.50","295940.43","SABD0002000014","AAV2.0.0.13","3.0.1.1413","PSt7-10","180509-002","6/18/2019 6:15:17 AM","0000-00","0","no battery","V"
"07/13/2019","07:06:33","9","default","116269760","OXY_CH9","59.589","min","320.281","μmol/L","Humid","17.975","deg","92600","µV","20.377","°C","1013.000","hPa","36.5","pmil","0","55.690","deg","20.000","°C","100.000","%a.s.","22.400","deg","20.000","°C","962.000","hPa","0.861","-0.02617","0.00035","0","0","13.56","Humid","35.35","0","78.50","295929.31","SABD0002000014","AAV2.0.0.13","3.0.1.1413","PSt7-10","180509-002","6/18/2019 6:15:17 AM","0000-00","0","no battery","V"

"Date","Time","delta_t","Device_Serial","Channel","User","Annotation"
