"PreSens Measurement Studio 2","3.0.1.1413",""
"Date","Time","Channel","User","SensorID","Sensor_Name","delta_t","Time_Unit","Value","O2_Unit","Mode","Phase","Phase_Unit","Amplitude","Amplitude_Unit","Temp","Temp_Unit","Pressure","Pressure_Unit","Salinity","Salinity_Unit","Error","Cal0","Cal0_Unit","T0","T0_Unit","O2Cal2nd","O2_Unit","Cal2nd","Cal2nd_Unit","T2nd","T2nd_Unit","CalPressure","CalPressure_Unit","f1","dPhi1","dkSv1","dPhi2","dkSv2","m","Cal_Mode","SignalLEDCurrent","User_Signal_Intensity","ReferenceLEDCurrent","Reference_Amplitude","Device_Serial","FwVersion","SwVersion","Sensor_Type","BatchID","Calibration_Date","Sensor_Lot","PreSens_Calibr","Battery_Voltage","Battery_Voltage_Unit"
"06/28/2019","10:24:34","6","default","651713401","OXY_CH6","0.000","min","146.247","μmol/L","Humid","23.435","deg","198298","µV","30.717","°C","1015.000","hPa","36.5","pmil","0","55.720","deg","20.000","°C","100.000","%a.s.","22.420","deg","20.000","°C","971.000","hPa","0.861","-0.02617","0.00035","0","0","13.56","Humid","56.77","1","57.00","371499.15","SABD0002000014","AAV2.0.0.13","3.0.1.1413","PSt7-10","180726-015","6/18/2019 6:14:49 AM","0000-00","0","no battery","V"
"06/28/2019","10:24:35","6","default","651713401","OXY_CH6","0.013","min","146.193","μmol/L","Humid","23.437","deg","198230","µV","30.723","°C","1015.000","hPa","36.5","pmil","0","55.720","deg","20.000","°C","100.000","%a.s.","22.420","deg","20.000","°C","971.000","hPa","0.861","-0.02617","0.00035","0","0","13.56","Humid","56.77","1","57.00","371404.30","SABD0002000014","AAV2.0.0.13","3.0.1.1413","PSt7-10","180726-015","6/18/2019 6:14:49 AM","0000-00","0","no battery","V"
"06/28/2019","10:24:36","6","default","651713401","OXY_CH6","0.029","min","146.210","μmol/L","Humid","23.438","deg","198212","µV","30.717","°C","1015.000","hPa","36.5","pmil","0","55.720","deg","20.000","°C","100.000","%a.s.","22.420","deg","20.000","°C","971.000","hPa","0.861","-0.02617","0.00035","0","0","13.56","Humid","56.77","1","57.00","371362.73","SABD0002000014","AAV2.0.0.13","3.0.1.1413","PSt7-10","180726-015","6/18/2019 6:14:49 AM","0000-00","0","no battery","V"
"06/28/2019","10:24:37","6","default","651713401","OXY_CH6","0.046","min","146.161","μmol/L","Humid","23.442","deg","198209","µV","30.717","°C","1015.000","hPa","36.5","pmil","0","55.720","deg","20.000","°C","100.000","%a.s.","22.420","deg","20.000","°C","971.000","hPa","0.861","-0.02617","0.00035","0","0","13.56","Humid","56.77","1","57.00","371338.94","SABD0002000014","AAV2.0.0.13","3.0.1.1413","PSt7-10","180726-015","6/18/2019 6:14:49 AM","0000-00","0","no battery","V"
"06/28/2019","10:24:38","6","default","651713401","OXY_CH6","0.063","min","146.165","μmol/L","Humid","23.444","deg","198211","µV","30.710","°C","1015.000","hPa","36.5","pmil","0","55.720","deg","20.000","°C","100.000","%a.s.","22.420","deg","20.000","°C","971.000","hPa","0.861","-0.02617","0.00035","0","0","13.56","Humid","56.77","1","57.00","371327.88","SABD0002000014","AAV2.0.0.13","3.0.1.1413","PSt7-10","180726-015","6/18/2019 6:14:49 AM","0000-00","0","no battery","V"
"06/28/2019","10:24:39","6","default","651713401","OXY_CH6","0.079","min","146.112","μmol/L","Humid","23.446","deg","198212","µV","30.717","°C","1015.000","hPa","36.5","pmil","0","55.720","deg","20.000","°C","100.000","%a.s.","22.420","deg","20.000","°C","971.000","hPa","0.861","-0.02617","0.00035","0","0","13.56","Humid","56.77","1","57.00","371321.36","SABD0002000014","AAV2.0.0.13","3.0.1.1413","PSt7-10","180726-015","6/18/2019 6:14:49 AM","0000-00","0","no battery","V"
"06/28/2019","10:24:40","6","default","651713401","OXY_CH6","0.096","min","146.116","μmol/L","Humid","23.448","deg","198213","µV","30.710","°C","1015.000","hPa","36.5","pmil","0","55.720","deg","20.000","°C","100.000","%a.s.","22.420","deg","20.000","°C","971.000","hPa","0.861","-0.02617","0.00035","0","0","13.56","Humid","56.77","1","57.00","371304.44","SABD0002000014","AAV2.0.0.13","3.0.1.1413","PSt7-10","180726-015","6/18/2019 6:14:49 AM","0000-00","0","no battery","V"
"06/28/2019","10:24:41","6","default","651713401","OXY_CH6","0.113","min","146.063","μmol/L","Humid","23.450","deg","198217","µV","30.717","°C","1015.000","hPa","36.5","pmil","0","55.720","deg","20.000","°C","100.000","%a.s.","22.420","deg","20.000","°C","971.000","hPa","0.861","-0.02617","0.00035","0","0","13.56","Humid","56.77","1","57.00","371298.02","SABD0002000014","AAV2.0.0.13","3.0.1.1413","PSt7-10","180726-015","6/18/2019 6:14:49 AM","0000-00","0","no battery","V"
"06/28/2019","10:24:42","6","default","651713401","OXY_CH6","0.130","min","146.038","μmol/L","Humid","23.452","deg","198233","µV","30.717","°C","1015.000","hPa","36.5","pmil","0","55.720","deg","20.000","°C","100.000","%a.s.","22.420","deg","20.000","°C","971.000","hPa","0.861","-0.02617","0.00035","0","0","13.56","Humid","56.77","1","57.00","371307.47","SABD0002000014","AAV2.0.0.13","3.0.1.1413","PSt7-10","180726-015","6/18/2019 6:14:49 AM","0000-00","0","no battery","V"
"06/28/2019","10:24:43","6","default","651713401","OXY_CH6","0.146","min","146.067","μmol/L","Humid","23.452","deg","198250","µV","30.710","°C","1015.000","hPa","36.5","pmil","0","55.720","deg","20.000","°C","100.000","%a.s.","22.420","deg","20.000","°C","971.000","hPa","0.861","-0.02617","0.00035","0","0","13.56","Humid","56.77","1","57.00","371286.62","SABD0002000014","AAV2.0.0.13","3.0.1.1413","PSt7-10","180726-015","6/18/2019 6:14:49 AM","0000-00","0","no battery","V"
"06/28/2019","10:24:44","6","default","651713401","OXY_CH6","0.163","min","146.043","μmol/L","Humid","23.454","deg","198247","µV","30.710","°C","1015.000","hPa","36.5","pmil","0","55.720","deg","20.000","°C","100.000","%a.s.","22.420","deg","20.000","°C","971.000","hPa","0.861","-0.02617","0.00035","0","0","13.56","Humid","56.77","1","57.00","371275.52","SABD0002000014","AAV2.0.0.13","3.0.1.1413","PSt7-10","180726-015","6/18/2019 6:14:49 AM","0000-00","0","no battery","V"
"06/28/2019","10:24:45","6","default","651713401","OXY_CH6","0.180","min","145.977","μmol/L","Humid","23.457","deg","198267","µV","30.717","°C","1015.000","hPa","36.5","pmil","0","55.720","deg","20.000","°C","100.000","%a.s.","22.420","deg","20.000","°C","971.000","hPa","0.861","-0.02617","0.00035","0","0","13.56","Humid","56.77","1","57.00","371263.43","SABD0002000014","AAV2.0.0.13","3.0.1.1413","PSt7-10","180726-015","6/18/2019 6:14:49 AM","0000-00","0","no battery","V"
"06/28/2019","10:24:46","6","default","651713401","OXY_CH6","0.196","min","145.982","μmol/L","Humid","23.459","deg","198270","µV","30.710","°C","1015.000","hPa","36.5","pmil","0","55.720","deg","20.000","°C","100.000","%a.s.","22.420","deg","20.000","°C","971.000","hPa","0.861","-0.02617","0.00035","0","0","13.56","Humid","56.77","1","57.00","371267.57","SABD0002000014","AAV2.0.0.13","3.0.1.1413","PSt7-10","180726-015","6/18/2019 6:14:49 AM","0000-00","0","no battery","V"
"06/28/2019","10:24:47","6","default","651713401","OXY_CH6","0.213","min","145.957","μmol/L","Humid","23.461","deg","198280","µV","30.710","°C","1015.000","hPa","36.5","pmil","0","55.720","deg","20.000","°C","100.000","%a.s.","22.420","deg","20.000","°C","971.000","hPa","0.861","-0.02617","0.00035","0","0","13.56","Humid","56.77","1","57.00","371260.74","SABD0002000014","AAV2.0.0.13","3.0.1.1413","PSt7-10","180726-015","6/18/2019 6:14:49 AM","0000-00","0","no battery","V"
"06/28/2019","10:24:48","6","default","651713401","OXY_CH6","0.229","min","145.940","μmol/L","Humid","23.460","deg","198287","µV","30.717","°C","1015.000","hPa","36.5","pmil","0","55.720","deg","20.000","°C","100.000","%a.s.","22.420","deg","20.000","°C","971.000","hPa","0.861","-0.02617","0.00035","0","0","13.56","Humid","56.77","1","57.00","371256.59","SABD0002000014","AAV2.0.0.13","3.0.1.1413","PSt7-10","180726-015","6/18/2019 6:14:49 AM","0000-00","0","no battery","V"
"06/28/2019","10:24:49","6","default","651713401","OXY_CH6","0.246","min","145.933","μmol/L","Humid","23.463","deg","198301","µV","30.710","°C","1015.000","hPa","36.5","pmil","0","55.720","deg","20.000","°C","100.000","%a.s.","22.420","deg","20.000","°C","971.000","hPa","0.861","-0.02617","0.00035","0","0","13.56","Humid","56.77","1","57.00","371253.06","SABD0002000014","AAV2.0.0.13","3.0.1.1413","PSt7-10","180726-015","6/18/2019 6:14:49 AM","0000-00","0","no battery","V"
"06/28/2019","10:24:50","6","default","651713401","OXY_CH6","0.263","min","145.891","μmol/L","Humid","23.464","deg","198317","µV","30.717","°C","1015.000","hPa","36.5","pmil","0","55.720","deg","20.000","°C","100.000","%a.s.","22.420","deg","20.000","°C","971.000","hPa","0.861","-0.02617","0.00035","0","0","13.56","Humid","56.77","1","57.00","371258.97","SABD0002000014","AAV2.0.0.13","3.0.1.1413","PSt7-10","180726-015","6/18/2019 6:14:49 AM","0000-00","0","no battery","V"
"06/28/2019","10:24:51","6","default","651713401","OXY_CH6","0.280","min","145.867","μmol/L","Humid","23.466","deg","198328","µV","30.717","°C","1015.000","hPa","36.5","pmil","0","55.720","deg","20.000","°C","100.000","%a.s.","22.420","deg","20.000","°C","971.000","hPa","0.861","-0.02617","0.00035","0","0","13.56","Humid","56.77","1","57.00","371247.01","SABD0002000014","AAV2.0.0.13","3.0.1.1413","PSt7-10","180726-015","6/18/2019 6:14:49 AM","0000-00","0","no battery","V"
"06/28/2019","10:24:52","6","default","651713401","OXY_CH6","0.297","min","145.830","μmol/L","Humid","23.469","deg","198333","µV","30.717","°C","1015.000","hPa","36.5","pmil","0","55.720","deg","20.000","°C","100.000","%a.s.","22.420","deg","20.000","°C","971.000","hPa","0.861","-0.02617","0.00035","0","0","13.56","Humid","56.77","1","57.00","371255.97","SABD0002000014","AAV2.0.0.13","3.0.1.1413","PSt7-10","180726-015","6/18/2019 6:14:49 AM","0000-00","0","no battery","V"
"06/28/2019","10:24:53","6","default","651713401","OXY_CH6","0.313","min","145.830","μmol/L","Humid","23.469","deg","198352","µV","30.717","°C","1015.000","hPa","36.5","pmil","0","55.720","deg","20.000","°C","100.000","%a.s.","22.420","deg","20.000","°C","971.000","hPa","0.861","-0.02617","0.00035","0","0","13.56","Humid","56.77","1","57.00","371247.03","SABD0002000014","AAV2.0.0.13","3.0.1.1413","PSt7-10","180726-015","6/18/2019 6:14:49 AM","0000-00","0","no battery","V"
"06/28/2019","10:24:54","6","default","651713401","OXY_CH6","0.330","min","145.794","μmol/L","Humid","23.472","deg","198354","µV","30.717","°C","1015.000","hPa","36.5","pmil","0","55.720","deg","20.000","°C","100.000","%a.s.","22.420","deg","20.000","°C","971.000","hPa","0.861","-0.02617","0.00035","0","0","13.56","Humid","56.77","1","57.00","371252.12","SABD0002000014","AAV2.0.0.13","3.0.1.1413","PSt7-10","180726-015","6/18/2019 6:14:49 AM","0000-00","0","no battery","V"
"06/28/2019","10:24:55","6","default","651713401","OXY_CH6","0.346","min","145.781","μmol/L","Humid","23.473","deg","198365","µV","30.717","°C","1015.000","hPa","36.5","pmil","0","55.720","deg","20.000","°C","100.000","%a.s.","22.420","deg","20.000","°C","971.000","hPa","0.861","-0.02617","0.00035","0","0","13.56","Humid","56.77","1","57.00","371240.82","SABD0002000014","AAV2.0.0.13","3.0.1.1413","PSt7-10","180726-015","6/18/2019 6:14:49 AM","0000-00","0","no battery","V"
"06/28/2019","10:24:56","6","default","651713401","OXY_CH6","0.363","min","145.781","μmol/L","Humid","23.473","deg","198380","µV","30.717","°C","1015.000","hPa","36.5","pmil","0","55.720","deg","20.000","°C","100.000","%a.s.","22.420","deg","20.000","°C","971.000","hPa","0.861","-0.02617","0.00035","0","0","13.56","Humid","56.77","1","57.00","371234.67","SABD0002000014","AAV2.0.0.13","3.0.1.1413","PSt7-10","180726-015","6/18/2019 6:14:49 AM","0000-00","0","no battery","V"
"06/28/2019","10:24:57","6","default","651713401","OXY_CH6","0.380","min","145.732","μmol/L","Humid","23.477","deg","198382","µV","30.717","°C","1015.000","hPa","36.5","pmil","0","55.720","deg","20.000","°C","100.000","%a.s.","22.420","deg","20.000","°C","971.000","hPa","0.861","-0.02617","0.00035","0","0","13.56","Humid","56.77","1","57.00","371218.31","SABD0002000014","AAV2.0.0.13","3.0.1.1413","PSt7-10","180726-015","6/18/2019 6:14:49 AM","0000-00","0","no battery","V"
"06/28/2019","10:24:58","6","default","651713401","OXY_CH6","0.396","min","145.667","μmol/L","Humid","23.480","deg","198391","µV","30.723","°C","1015.000","hPa","36.5","pmil","0","55.720","deg","20.000","°C","100.000","%a.s.","22.420","deg","20.000","°C","971.000","hPa","0.861","-0.02617","0.00035","0","0","13.56","Humid","56.77","1","57.00","371229.35","SABD0002000014","AAV2.0.0.13","3.0.1.1413","PSt7-10","180726-015","6/18/2019 6:14:49 AM","0000-00","0","no battery","V"
"06/28/2019","10:24:59","6","default","651713401","OXY_CH6","0.413","min","145.696","μmol/L","Humid","23.480","deg","198409","µV","30.717","°C","1015.000","hPa","36.5","pmil","0","55.720","deg","20.000","°C","100.000","%a.s.","22.420","deg","20.000","°C","971.000","hPa","0.861","-0.02617","0.00035","0","0","13.56","Humid","56.77","1","57.00","371231.09","SABD0002000014","AAV2.0.0.13","3.0.1.1413","PSt7-10","180726-015","6/18/2019 6:14:49 AM","0000-00","0","no battery","V"
"06/28/2019","10:25:00","6","default","651713401","OXY_CH6","0.430","min","145.642","μmol/L","Humid","23.482","deg","198418","µV","30.723","°C","1015.000","hPa","36.5","pmil","0","55.720","deg","20.000","°C","100.000","%a.s.","22.420","deg","20.000","°C","971.000","hPa","0.861","-0.02617","0.00035","0","0","13.56","Humid","56.77","1","57.00","371204.82","SABD0002000014","AAV2.0.0.13","3.0.1.1413","PSt7-10","180726-015","6/18/2019 6:14:49 AM","0000-00","0","no battery","V"
"06/28/2019","10:25:01","6","default","651713401","OXY_CH6","0.446","min","145.696","μmol/L","Humid","23.480","deg","198427","µV","30.717","°C","1015.000","hPa","36.5","pmil","0","55.720","deg","20.000","°C","100.000","%a.s.","22.420","deg","20.000","°C","971.000","hPa","0.861","-0.02617","0.00035","0","0","13.56","Humid","56.77","1","57.00","371211.33","SABD0002000014","AAV2.0.0.13","3.0.1.1413","PSt7-10","180726-015","6/18/2019 6:14:49 AM","0000-00","0","no battery","V"
"06/28/2019","10:25:02","6","default","651713401","OXY_CH6","0.463","min","145.647","μmol/L","Humid","23.484","deg","198423","µV","30.717","°C","1015.000","hPa","36.5","pmil","0","55.720","deg","20.000","°C","100.000","%a.s.","22.420","deg","20.000","°C","971.000","hPa","0.861","-0.02617","0.00035","0","0","13.56","Humid","56.77","1","57.00","371209.93","SABD0002000014","AAV2.0.0.13","3.0.1.1413","PSt7-10","180726-015","6/18/2019 6:14:49 AM","0000-00","0","no battery","V"
"06/28/2019","10:25:03","6","default","651713401","OXY_CH6","0.480","min","145.603","μmol/L","Humid","23.490","deg","198432","µV","30.710","°C","1015.000","hPa","36.5","pmil","0","55.720","deg","20.000","°C","100.000","%a.s.","22.420","deg","20.000","°C","971.000","hPa","0.861","-0.02617","0.00035","0","0","13.56","Humid","56.77","1","57.00","371211.40","SABD0002000014","AAV2.0.0.13","3.0.1.1413","PSt7-10","180726-015","6/18/2019 6:14:49 AM","0000-00","0","no battery","V"
"06/28/2019","10:25:04","6","default","651713401","OXY_CH6","0.496","min","145.545","μmol/L","Humid","23.490","deg","198445","µV","30.723","°C","1015.000","hPa","36.5","pmil","0","55.720","deg","20.000","°C","100.000","%a.s.","22.420","deg","20.000","°C","971.000","hPa","0.861","-0.02617","0.00035","0","0","13.56","Humid","56.77","1","57.00","371185.61","SABD0002000014","AAV2.0.0.13","3.0.1.1413","PSt7-10","180726-015","6/18/2019 6:14:49 AM","0000-00","0","no battery","V"
"06/28/2019","10:25:05","6","default","651713401","OXY_CH6","0.513","min","145.598","μmol/L","Humid","23.488","deg","198463","µV","30.717","°C","1015.000","hPa","36.5","pmil","0","55.720","deg","20.000","°C","100.000","%a.s.","22.420","deg","20.000","°C","971.000","hPa","0.861","-0.02617","0.00035","0","0","13.56","Humid","56.77","1","57.00","371200.82","SABD0002000014","AAV2.0.0.13","3.0.1.1413","PSt7-10","180726-015","6/18/2019 6:14:49 AM","0000-00","0","no battery","V"
"06/28/2019","10:25:06","6","default","651713401","OXY_CH6","0.529","min","145.545","μmol/L","Humid","23.490","deg","198486","µV","30.723","°C","1015.000","hPa","36.5","pmil","0","55.720","deg","20.000","°C","100.000","%a.s.","22.420","deg","20.000","°C","971.000","hPa","0.861","-0.02617","0.00035","0","0","13.56","Humid","56.77","1","57.00","371204.35","SABD0002000014","AAV2.0.0.13","3.0.1.1413","PSt7-10","180726-015","6/18/2019 6:14:49 AM","0000-00","0","no battery","V"
"06/28/2019","10:25:07","6","default","651713401","OXY_CH6","0.546","min","145.513","μmol/L","Humid","23.495","deg","198496","µV","30.717","°C","1015.000","hPa","36.5","pmil","0","55.720","deg","20.000","°C","100.000","%a.s.","22.420","deg","20.000","°C","971.000","hPa","0.861","-0.02617","0.00035","0","0","13.56","Humid","56.77","1","57.00","371203.57","SABD0002000014","AAV2.0.0.13","3.0.1.1413","PSt7-10","180726-015","6/18/2019 6:14:49 AM","0000-00","0","no battery","V"
"06/28/2019","10:25:08","6","default","651713401","OXY_CH6","0.563","min","145.566","μmol/L","Humid","23.493","deg","198491","µV","30.710","°C","1015.000","hPa","36.5","pmil","0","55.720","deg","20.000","°C","100.000","%a.s.","22.420","deg","20.000","°C","971.000","hPa","0.861","-0.02617","0.00035","0","0","13.56","Humid","56.77","1","57.00","371191.95","SABD0002000014","AAV2.0.0.13","3.0.1.1413","PSt7-10","180726-015","6/18/2019 6:14:49 AM","0000-00","0","no battery","V"
"06/28/2019","10:25:09","6","default","651713401","OXY_CH6","0.580","min","145.488","μmol/L","Humid","23.497","deg","198507","µV","30.717","°C","1015.000","hPa","36.5","pmil","0","55.720","deg","20.000","°C","100.000","%a.s.","22.420","deg","20.000","°C","971.000","hPa","0.861","-0.02617","0.00035","0","0","13.56","Humid","56.77","1","57.00","371177.32","SABD0002000014","AAV2.0.0.13","3.0.1.1413","PSt7-10","180726-015","6/18/2019 6:14:49 AM","0000-00","0","no battery","V"
"06/28/2019","10:25:10","6","default","651713401","OXY_CH6","0.596","min","145.435","μmol/L","Humid","23.499","deg","198507","µV","30.723","°C","1015.000","hPa","36.5","pmil","0","55.720","deg","20.000","°C","100.000","%a.s.","22.420","deg","20.000","°C","971.000","hPa","0.861","-0.02617","0.00035","0","0","13.56","Humid","56.77","1","57.00","371162.66","SABD0002000014","AAV2.0.0.13","3.0.1.1413","PSt7-10","180726-015","6/18/2019 6:14:49 AM","0000-00","0","no battery","V"
"06/28/2019","10:25:11","6","default","651713401","OXY_CH6","0.612","min","145.464","μmol/L","Humid","23.499","deg","198526","µV","30.717","°C","1015.000","hPa","36.5","pmil","0","55.720","deg","20.000","°C","100.000","%a.s.","22.420","deg","20.000","°C","971.000","hPa","0.861","-0.02617","0.00035","0","0","13.56","Humid","56.77","1","57.00","371160.95","SABD0002000014","AAV2.0.0.13","3.0.1.1413","PSt7-10","180726-015","6/18/2019 6:14:49 AM","0000-00","0","no battery","V"
"06/28/2019","10:25:12","6","default","651713401","OXY_CH6","0.629","min","145.452","μmol/L","Humid","23.500","deg","198534","µV","30.717","°C","1015.000","hPa","36.5","pmil","0","55.720","deg","20.000","°C","100.000","%a.s.","22.420","deg","20.000","°C","971.000","hPa","0.861","-0.02617","0.00035","0","0","13.56","Humid","56.77","1","57.00","371162.82","SABD0002000014","AAV2.0.0.13","3.0.1.1413","PSt7-10","180726-015","6/18/2019 6:14:49 AM","0000-00","0","no battery","V"
"06/28/2019","10:25:13","6","default","651713401","OXY_CH6","0.646","min","145.415","μmol/L","Humid","23.503","deg","198546","µV","30.717","°C","1015.000","hPa","36.5","pmil","0","55.720","deg","20.000","°C","100.000","%a.s.","22.420","deg","20.000","°C","971.000","hPa","0.861","-0.02617","0.00035","0","0","13.56","Humid","56.77","1","57.00","371167.23","SABD0002000014","AAV2.0.0.13","3.0.1.1413","PSt7-10","180726-015","6/18/2019 6:14:49 AM","0000-00","0","no battery","V"
"06/28/2019","10:25:14","6","default","651713401","OXY_CH6","0.663","min","145.391","μmol/L","Humid","23.505","deg","198575","µV","30.717","°C","1015.000","hPa","36.5","pmil","0","55.720","deg","20.000","°C","100.000","%a.s.","22.420","deg","20.000","°C","971.000","hPa","0.861","-0.02617","0.00035","0","0","13.56","Humid","56.77","1","57.00","371167.68","SABD0002000014","AAV2.0.0.13","3.0.1.1413","PSt7-10","180726-015","6/18/2019 6:14:49 AM","0000-00","0","no battery","V"
"06/28/2019","10:25:15","6","default","651713401","OXY_CH6","0.679","min","145.362","μmol/L","Humid","23.505","deg","198566","µV","30.723","°C","1015.000","hPa","36.5","pmil","0","55.720","deg","20.000","°C","100.000","%a.s.","22.420","deg","20.000","°C","971.000","hPa","0.861","-0.02617","0.00035","0","0","13.56","Humid","56.77","1","57.00","371157.81","SABD0002000014","AAV2.0.0.13","3.0.1.1413","PSt7-10","180726-015","6/18/2019 6:14:49 AM","0000-00","0","no battery","V"
"06/28/2019","10:25:16","6","default","651713401","OXY_CH6","0.696","min","145.366","μmol/L","Humid","23.507","deg","198584","µV","30.717","°C","1015.000","hPa","36.5","pmil","0","55.720","deg","20.000","°C","100.000","%a.s.","22.420","deg","20.000","°C","971.000","hPa","0.861","-0.02617","0.00035","0","0","13.56","Humid","56.77","1","57.00","371145.25","SABD0002000014","AAV2.0.0.13","3.0.1.1413","PSt7-10","180726-015","6/18/2019 6:14:49 AM","0000-00","0","no battery","V"
"06/28/2019","10:25:17","6","default","651713401","OXY_CH6","0.713","min","145.325","μmol/L","Humid","23.508","deg","198591","µV","30.723","°C","1015.000","hPa","36.5","pmil","0","55.720","deg","20.000","°C","100.000","%a.s.","22.420","deg","20.000","°C","971.000","hPa","0.861","-0.02617","0.00035","0","0","13.56","Humid","56.77","1","57.00","371139.98","SABD0002000014","AAV2.0.0.13","3.0.1.1413","PSt7-10","180726-015","6/18/2019 6:14:49 AM","0000-00","0","no battery","V"
"06/28/2019","10:25:18","6","default","651713401","OXY_CH6","0.730","min","145.330","μmol/L","Humid","23.510","deg","198595","µV","30.717","°C","1015.000","hPa","36.5","pmil","0","55.720","deg","20.000","°C","100.000","%a.s.","22.420","deg","20.000","°C","971.000","hPa","0.861","-0.02617","0.00035","0","0","13.56","Humid","56.77","1","57.00","371148.95","SABD0002000014","AAV2.0.0.13","3.0.1.1413","PSt7-10","180726-015","6/18/2019 6:14:49 AM","0000-00","0","no battery","V"
"06/28/2019","10:25:19","6","default","651713401","OXY_CH6","0.746","min","145.289","μmol/L","Humid","23.511","deg","198612","µV","30.723","°C","1015.000","hPa","36.5","pmil","0","55.720","deg","20.000","°C","100.000","%a.s.","22.420","deg","20.000","°C","971.000","hPa","0.861","-0.02617","0.00035","0","0","13.56","Humid","56.77","1","57.00","371130.88","SABD0002000014","AAV2.0.0.13","3.0.1.1413","PSt7-10","180726-015","6/18/2019 6:14:49 AM","0000-00","0","no battery","V"
"06/28/2019","10:25:20","6","default","651713401","OXY_CH6","0.763","min","145.199","μmol/L","Humid","23.516","deg","198620","µV","30.729","°C","1015.000","hPa","36.5","pmil","0","55.720","deg","20.000","°C","100.000","%a.s.","22.420","deg","20.000","°C","971.000","hPa","0.861","-0.02617","0.00035","0","0","13.56","Humid","56.77","1","57.00","371134.80","SABD0002000014","AAV2.0.0.13","3.0.1.1413","PSt7-10","180726-015","6/18/2019 6:14:49 AM","0000-00","0","no battery","V"
"06/28/2019","10:25:21","6","default","651713401","OXY_CH6","0.780","min","145.240","μmol/L","Humid","23.515","deg","198629","µV","30.723","°C","1015.000","hPa","36.5","pmil","0","55.720","deg","20.000","°C","100.000","%a.s.","22.420","deg","20.000","°C","971.000","hPa","0.861","-0.02617","0.00035","0","0","13.56","Humid","56.77","1","57.00","371124.89","SABD0002000014","AAV2.0.0.13","3.0.1.1413","PSt7-10","180726-015","6/18/2019 6:14:49 AM","0000-00","0","no battery","V"
"06/28/2019","10:25:22","6","default","651713401","OXY_CH6","0.796","min","145.245","μmol/L","Humid","23.517","deg","198644","µV","30.717","°C","1015.000","hPa","36.5","pmil","0","55.720","deg","20.000","°C","100.000","%a.s.","22.420","deg","20.000","°C","971.000","hPa","0.861","-0.02617","0.00035","0","0","13.56","Humid","56.77","1","57.00","371139.61","SABD0002000014","AAV2.0.0.13","3.0.1.1413","PSt7-10","180726-015","6/18/2019 6:14:49 AM","0000-00","0","no battery","V"
"06/28/2019","10:25:23","6","default","651713401","OXY_CH6","0.813","min","145.245","μmol/L","Humid","23.517","deg","198646","µV","30.717","°C","1015.000","hPa","36.5","pmil","0","55.720","deg","20.000","°C","100.000","%a.s.","22.420","deg","20.000","°C","971.000","hPa","0.861","-0.02617","0.00035","0","0","13.56","Humid","56.77","1","57.00","371113.72","SABD0002000014","AAV2.0.0.13","3.0.1.1413","PSt7-10","180726-015","6/18/2019 6:14:49 AM","0000-00","0","no battery","V"
"06/28/2019","10:25:24","6","default","651713401","OXY_CH6","0.830","min","145.208","μmol/L","Humid","23.520","deg","198675","µV","30.717","°C","1015.000","hPa","36.5","pmil","0","55.720","deg","20.000","°C","100.000","%a.s.","22.420","deg","20.000","°C","971.000","hPa","0.861","-0.02617","0.00035","0","0","13.56","Humid","56.77","1","57.00","371115.67","SABD0002000014","AAV2.0.0.13","3.0.1.1413","PSt7-10","180726-015","6/18/2019 6:14:49 AM","0000-00","0","no battery","V"
"06/28/2019","10:25:25","6","default","651713401","OXY_CH6","0.846","min","145.200","μmol/L","Humid","23.523","deg","198660","µV","30.710","°C","1015.000","hPa","36.5","pmil","0","55.720","deg","20.000","°C","100.000","%a.s.","22.420","deg","20.000","°C","971.000","hPa","0.861","-0.02617","0.00035","0","0","13.56","Humid","56.77","1","57.00","371101.52","SABD0002000014","AAV2.0.0.13","3.0.1.1413","PSt7-10","180726-015","6/18/2019 6:14:49 AM","0000-00","0","no battery","V"
"06/28/2019","10:25:26","6","default","651713401","OXY_CH6","0.863","min","145.172","μmol/L","Humid","23.523","deg","198680","µV","30.717","°C","1015.000","hPa","36.5","pmil","0","55.720","deg","20.000","°C","100.000","%a.s.","22.420","deg","20.000","°C","971.000","hPa","0.861","-0.02617","0.00035","0","0","13.56","Humid","56.77","1","57.00","371114.24","SABD0002000014","AAV2.0.0.13","3.0.1.1413","PSt7-10","180726-015","6/18/2019 6:14:49 AM","0000-00","0","no battery","V"
"06/28/2019","10:25:27","6","default","651713401","OXY_CH6","0.879","min","145.106","μmol/L","Humid","23.526","deg","198689","µV","30.723","°C","1015.000","hPa","36.5","pmil","0","55.720","deg","20.000","°C","100.000","%a.s.","22.420","deg","20.000","°C","971.000","hPa","0.861","-0.02617","0.00035","0","0","13.56","Humid","56.77","1","57.00","371096.23","SABD0002000014","AAV2.0.0.13","3.0.1.1413","PSt7-10","180726-015","6/18/2019 6:14:49 AM","0000-00","0","no battery","V"
"06/28/2019","10:25:28","6","default","651713401","OXY_CH6","0.896","min","145.106","μmol/L","Humid","23.526","deg","198692","µV","30.723","°C","1015.000","hPa","36.5","pmil","0","55.720","deg","20.000","°C","100.000","%a.s.","22.420","deg","20.000","°C","971.000","hPa","0.861","-0.02617","0.00035","0","0","13.56","Humid","56.77","1","57.00","371087.89","SABD0002000014","AAV2.0.0.13","3.0.1.1413","PSt7-10","180726-015","6/18/2019 6:14:49 AM","0000-00","0","no battery","V"
"06/28/2019","10:25:29","6","default","651713401","OXY_CH6","0.913","min","145.135","μmol/L","Humid","23.526","deg","198712","µV","30.717","°C","1015.000","hPa","36.5","pmil","0","55.720","deg","20.000","°C","100.000","%a.s.","22.420","deg","20.000","°C","971.000","hPa","0.861","-0.02617","0.00035","0","0","13.56","Humid","56.77","1","57.00","371080.09","SABD0002000014","AAV2.0.0.13","3.0.1.1413","PSt7-10","180726-015","6/18/2019 6:14:49 AM","0000-00","0","no battery","V"
"06/28/2019","10:25:30","6","default","651713401","OXY_CH6","0.929","min","145.111","μmol/L","Humid","23.528","deg","198716","µV","30.717","°C","1015.000","hPa","36.5","pmil","0","55.720","deg","20.000","°C","100.000","%a.s.","22.420","deg","20.000","°C","971.000","hPa","0.861","-0.02617","0.00035","0","0","13.56","Humid","56.77","1","57.00","371094.79","SABD0002000014","AAV2.0.0.13","3.0.1.1413","PSt7-10","180726-015","6/18/2019 6:14:49 AM","0000-00","0","no battery","V"
"06/28/2019","10:25:31","6","default","651713401","OXY_CH6","0.946","min","145.033","μmol/L","Humid","23.532","deg","198716","µV","30.723","°C","1015.000","hPa","36.5","pmil","0","55.720","deg","20.000","°C","100.000","%a.s.","22.420","deg","20.000","°C","971.000","hPa","0.861","-0.02617","0.00035","0","0","13.56","Humid","56.77","1","57.00","371094.05","SABD0002000014","AAV2.0.0.13","3.0.1.1413","PSt7-10","180726-015","6/18/2019 6:14:49 AM","0000-00","0","no battery","V"
"06/28/2019","10:25:32","6","default","651713401","OXY_CH6","0.963","min","145.029","μmol/L","Humid","23.530","deg","198735","µV","30.729","°C","1015.000","hPa","36.5","pmil","0","55.720","deg","20.000","°C","100.000","%a.s.","22.420","deg","20.000","°C","971.000","hPa","0.861","-0.02617","0.00035","0","0","13.56","Humid","56.77","1","57.00","371080.35","SABD0002000014","AAV2.0.0.13","3.0.1.1413","PSt7-10","180726-015","6/18/2019 6:14:49 AM","0000-00","0","no battery","V"
"06/28/2019","10:25:33","6","default","651713401","OXY_CH6","0.980","min","145.021","μmol/L","Humid","23.533","deg","198744","µV","30.723","°C","1015.000","hPa","36.5","pmil","0","55.720","deg","20.000","°C","100.000","%a.s.","22.420","deg","20.000","°C","971.000","hPa","0.861","-0.02617","0.00035","0","0","13.56","Humid","56.77","1","57.00","371085.04","SABD0002000014","AAV2.0.0.13","3.0.1.1413","PSt7-10","180726-015","6/18/2019 6:14:49 AM","0000-00","0","no battery","V"
"06/28/2019","10:25:34","6","default","651713401","OXY_CH6","0.996","min","145.014","μmol/L","Humid","23.536","deg","198754","µV","30.717","°C","1015.000","hPa","36.5","pmil","0","55.720","deg","20.000","°C","100.000","%a.s.","22.420","deg","20.000","°C","971.000","hPa","0.861","-0.02617","0.00035","0","0","13.56","Humid","56.77","1","57.00","371074.87","SABD0002000014","AAV2.0.0.13","3.0.1.1413","PSt7-10","180726-015","6/18/2019 6:14:49 AM","0000-00","0","no battery","V"
"06/28/2019","10:25:35","6","default","651713401","OXY_CH6","1.013","min","144.973","μmol/L","Humid","23.537","deg","198778","µV","30.723","°C","1015.000","hPa","36.5","pmil","0","55.720","deg","20.000","°C","100.000","%a.s.","22.420","deg","20.000","°C","971.000","hPa","0.861","-0.02617","0.00035","0","0","13.56","Humid","56.77","1","57.00","371092.15","SABD0002000014","AAV2.0.0.13","3.0.1.1413","PSt7-10","180726-015","6/18/2019 6:14:49 AM","0000-00","0","no battery","V"
"06/28/2019","10:25:36","6","default","651713401","OXY_CH6","1.030","min","144.961","μmol/L","Humid","23.538","deg","198778","µV","30.723","°C","1015.000","hPa","36.5","pmil","0","55.720","deg","20.000","°C","100.000","%a.s.","22.420","deg","20.000","°C","971.000","hPa","0.861","-0.02617","0.00035","0","0","13.56","Humid","56.77","1","57.00","371072.24","SABD0002000014","AAV2.0.0.13","3.0.1.1413","PSt7-10","180726-015","6/18/2019 6:14:49 AM","0000-00","0","no battery","V"
"06/28/2019","10:25:37","6","default","651713401","OXY_CH6","1.046","min","144.895","μmol/L","Humid","23.541","deg","198793","µV","30.729","°C","1015.000","hPa","36.5","pmil","0","55.720","deg","20.000","°C","100.000","%a.s.","22.420","deg","20.000","°C","971.000","hPa","0.861","-0.02617","0.00035","0","0","13.56","Humid","56.77","1","57.00","371065.23","SABD0002000014","AAV2.0.0.13","3.0.1.1413","PSt7-10","180726-015","6/18/2019 6:14:49 AM","0000-00","0","no battery","V"
"06/28/2019","10:25:38","6","default","651713401","OXY_CH6","1.063","min","144.920","μmol/L","Humid","23.539","deg","198801","µV","30.729","°C","1015.000","hPa","36.5","pmil","0","55.720","deg","20.000","°C","100.000","%a.s.","22.420","deg","20.000","°C","971.000","hPa","0.861","-0.02617","0.00035","0","0","13.56","Humid","56.77","1","57.00","371062.04","SABD0002000014","AAV2.0.0.13","3.0.1.1413","PSt7-10","180726-015","6/18/2019 6:14:49 AM","0000-00","0","no battery","V"
"06/28/2019","10:25:39","6","default","651713401","OXY_CH6","1.079","min","144.883","μmol/L","Humid","23.542","deg","198821","µV","30.729","°C","1015.000","hPa","36.5","pmil","0","55.720","deg","20.000","°C","100.000","%a.s.","22.420","deg","20.000","°C","971.000","hPa","0.861","-0.02617","0.00035","0","0","13.56","Humid","56.77","1","57.00","371070.17","SABD0002000014","AAV2.0.0.13","3.0.1.1413","PSt7-10","180726-015","6/18/2019 6:14:49 AM","0000-00","0","no battery","V"
"06/28/2019","10:25:40","6","default","651713401","OXY_CH6","1.097","min","144.888","μmol/L","Humid","23.544","deg","198833","µV","30.723","°C","1015.000","hPa","36.5","pmil","0","55.720","deg","20.000","°C","100.000","%a.s.","22.420","deg","20.000","°C","971.000","hPa","0.861","-0.02617","0.00035","0","0","13.56","Humid","56.77","1","57.00","371056.61","SABD0002000014","AAV2.0.0.13","3.0.1.1413","PSt7-10","180726-015","6/18/2019 6:14:49 AM","0000-00","0","no battery","V"
"06/28/2019","10:25:41","6","default","651713401","OXY_CH6","1.113","min","144.888","μmol/L","Humid","23.544","deg","198830","µV","30.723","°C","1015.000","hPa","36.5","pmil","0","55.720","deg","20.000","°C","100.000","%a.s.","22.420","deg","20.000","°C","971.000","hPa","0.861","-0.02617","0.00035","0","0","13.56","Humid","56.77","1","57.00","371060.49","SABD0002000014","AAV2.0.0.13","3.0.1.1413","PSt7-10","180726-015","6/18/2019 6:14:49 AM","0000-00","0","no battery","V"
"06/28/2019","10:25:42","6","default","651713401","OXY_CH6","1.130","min","144.835","μmol/L","Humid","23.546","deg","198844","µV","30.729","°C","1015.000","hPa","36.5","pmil","0","55.720","deg","20.000","°C","100.000","%a.s.","22.420","deg","20.000","°C","971.000","hPa","0.861","-0.02617","0.00035","0","0","13.56","Humid","56.77","1","57.00","371044.94","SABD0002000014","AAV2.0.0.13","3.0.1.1413","PSt7-10","180726-015","6/18/2019 6:14:49 AM","0000-00","0","no battery","V"
"06/28/2019","10:25:43","6","default","651713401","OXY_CH6","1.146","min","144.786","μmol/L","Humid","23.550","deg","198860","µV","30.729","°C","1015.000","hPa","36.5","pmil","0","55.720","deg","20.000","°C","100.000","%a.s.","22.420","deg","20.000","°C","971.000","hPa","0.861","-0.02617","0.00035","0","0","13.56","Humid","56.77","1","57.00","371041.13","SABD0002000014","AAV2.0.0.13","3.0.1.1413","PSt7-10","180726-015","6/18/2019 6:14:49 AM","0000-00","0","no battery","V"
"06/28/2019","10:25:44","6","default","651713401","OXY_CH6","1.163","min","144.774","μmol/L","Humid","23.551","deg","198866","µV","30.729","°C","1015.000","hPa","36.5","pmil","0","55.720","deg","20.000","°C","100.000","%a.s.","22.420","deg","20.000","°C","971.000","hPa","0.861","-0.02617","0.00035","0","0","13.56","Humid","56.77","1","57.00","371048.19","SABD0002000014","AAV2.0.0.13","3.0.1.1413","PSt7-10","180726-015","6/18/2019 6:14:49 AM","0000-00","0","no battery","V"
"06/28/2019","10:25:45","6","default","651713401","OXY_CH6","1.179","min","144.803","μmol/L","Humid","23.551","deg","198876","µV","30.723","°C","1015.000","hPa","36.5","pmil","0","55.720","deg","20.000","°C","100.000","%a.s.","22.420","deg","20.000","°C","971.000","hPa","0.861","-0.02617","0.00035","0","0","13.56","Humid","56.77","1","57.00","371052.65","SABD0002000014","AAV2.0.0.13","3.0.1.1413","PSt7-10","180726-015","6/18/2019 6:14:49 AM","0000-00","0","no battery","V"
"06/28/2019","10:25:46","6","default","651713401","OXY_CH6","1.196","min","144.738","μmol/L","Humid","23.554","deg","198886","µV","30.729","°C","1015.000","hPa","36.5","pmil","0","55.720","deg","20.000","°C","100.000","%a.s.","22.420","deg","20.000","°C","971.000","hPa","0.861","-0.02617","0.00035","0","0","13.56","Humid","56.77","1","57.00","371047.50","SABD0002000014","AAV2.0.0.13","3.0.1.1413","PSt7-10","180726-015","6/18/2019 6:14:49 AM","0000-00","0","no battery","V"
"06/28/2019","10:25:47","6","default","651713401","OXY_CH6","1.213","min","144.779","μmol/L","Humid","23.553","deg","198900","µV","30.723","°C","1015.000","hPa","36.5","pmil","0","55.720","deg","20.000","°C","100.000","%a.s.","22.420","deg","20.000","°C","971.000","hPa","0.861","-0.02617","0.00035","0","0","13.56","Humid","56.77","1","57.00","371050.19","SABD0002000014","AAV2.0.0.13","3.0.1.1413","PSt7-10","180726-015","6/18/2019 6:14:49 AM","0000-00","0","no battery","V"
"06/28/2019","10:25:48","6","default","651713401","OXY_CH6","1.229","min","144.726","μmol/L","Humid","23.555","deg","198902","µV","30.729","°C","1015.000","hPa","36.5","pmil","0","55.720","deg","20.000","°C","100.000","%a.s.","22.420","deg","20.000","°C","971.000","hPa","0.861","-0.02617","0.00035","0","0","13.56","Humid","56.77","1","57.00","371030.43","SABD0002000014","AAV2.0.0.13","3.0.1.1413","PSt7-10","180726-015","6/18/2019 6:14:49 AM","0000-00","0","no battery","V"
"06/28/2019","10:25:49","6","default","651713401","OXY_CH6","1.246","min","144.677","μmol/L","Humid","23.559","deg","198924","µV","30.729","°C","1015.000","hPa","36.5","pmil","0","55.720","deg","20.000","°C","100.000","%a.s.","22.420","deg","20.000","°C","971.000","hPa","0.861","-0.02617","0.00035","0","0","13.56","Humid","56.77","1","57.00","371030.67","SABD0002000014","AAV2.0.0.13","3.0.1.1413","PSt7-10","180726-015","6/18/2019 6:14:49 AM","0000-00","0","no battery","V"
"06/28/2019","10:25:50","6","default","651713401","OXY_CH6","1.263","min","144.665","μmol/L","Humid","23.560","deg","198929","µV","30.729","°C","1015.000","hPa","36.5","pmil","0","55.720","deg","20.000","°C","100.000","%a.s.","22.420","deg","20.000","°C","971.000","hPa","0.861","-0.02617","0.00035","0","0","13.56","Humid","56.77","1","57.00","371042.80","SABD0002000014","AAV2.0.0.13","3.0.1.1413","PSt7-10","180726-015","6/18/2019 6:14:49 AM","0000-00","0","no battery","V"
"06/28/2019","10:25:51","6","default","651713401","OXY_CH6","1.279","min","144.665","μmol/L","Humid","23.560","deg","198944","µV","30.729","°C","1015.000","hPa","36.5","pmil","0","55.720","deg","20.000","°C","100.000","%a.s.","22.420","deg","20.000","°C","971.000","hPa","0.861","-0.02617","0.00035","0","0","13.56","Humid","56.77","1","57.00","371037.66","SABD0002000014","AAV2.0.0.13","3.0.1.1413","PSt7-10","180726-015","6/18/2019 6:14:49 AM","0000-00","0","no battery","V"
"06/28/2019","10:25:52","6","default","651713401","OXY_CH6","1.296","min","144.645","μmol/L","Humid","23.564","deg","198963","µV","30.723","°C","1015.000","hPa","36.5","pmil","0","55.720","deg","20.000","°C","100.000","%a.s.","22.420","deg","20.000","°C","971.000","hPa","0.861","-0.02617","0.00035","0","0","13.56","Humid","56.77","1","57.00","371029.33","SABD0002000014","AAV2.0.0.13","3.0.1.1413","PSt7-10","180726-015","6/18/2019 6:14:49 AM","0000-00","0","no battery","V"
"06/28/2019","10:25:53","6","default","651713401","OXY_CH6","1.313","min","144.617","μmol/L","Humid","23.564","deg","198972","µV","30.729","°C","1015.000","hPa","36.5","pmil","0","55.720","deg","20.000","°C","100.000","%a.s.","22.420","deg","20.000","°C","971.000","hPa","0.861","-0.02617","0.00035","0","0","13.56","Humid","56.77","1","57.00","371018.16","SABD0002000014","AAV2.0.0.13","3.0.1.1413","PSt7-10","180726-015","6/18/2019 6:14:49 AM","0000-00","0","no battery","V"
"06/28/2019","10:25:54","6","default","651713401","OXY_CH6","1.330","min","144.617","μmol/L","Humid","23.564","deg","198986","µV","30.729","°C","1015.000","hPa","36.5","pmil","0","55.720","deg","20.000","°C","100.000","%a.s.","22.420","deg","20.000","°C","971.000","hPa","0.861","-0.02617","0.00035","0","0","13.56","Humid","56.77","1","57.00","371006.92","SABD0002000014","AAV2.0.0.13","3.0.1.1413","PSt7-10","180726-015","6/18/2019 6:14:49 AM","0000-00","0","no battery","V"
"06/28/2019","10:25:55","6","default","651713401","OXY_CH6","1.346","min","144.621","μmol/L","Humid","23.566","deg","198984","µV","30.723","°C","1015.000","hPa","36.5","pmil","0","55.720","deg","20.000","°C","100.000","%a.s.","22.420","deg","20.000","°C","971.000","hPa","0.861","-0.02617","0.00035","0","0","13.56","Humid","56.77","1","57.00","371011.16","SABD0002000014","AAV2.0.0.13","3.0.1.1413","PSt7-10","180726-015","6/18/2019 6:14:49 AM","0000-00","0","no battery","V"
"06/28/2019","10:25:56","6","default","651713401","OXY_CH6","1.363","min","144.573","μmol/L","Humid","23.570","deg","199004","µV","30.723","°C","1015.000","hPa","36.5","pmil","0","55.720","deg","20.000","°C","100.000","%a.s.","22.420","deg","20.000","°C","971.000","hPa","0.861","-0.02617","0.00035","0","0","13.56","Humid","56.77","1","57.00","371019.54","SABD0002000014","AAV2.0.0.13","3.0.1.1413","PSt7-10","180726-015","6/18/2019 6:14:49 AM","0000-00","0","no battery","V"
"06/28/2019","10:25:57","6","default","651713401","OXY_CH6","1.380","min","144.515","μmol/L","Humid","23.570","deg","198998","µV","30.735","°C","1015.000","hPa","36.5","pmil","0","55.720","deg","20.000","°C","100.000","%a.s.","22.420","deg","20.000","°C","971.000","hPa","0.861","-0.02617","0.00035","0","0","13.56","Humid","56.77","1","57.00","370996.23","SABD0002000014","AAV2.0.0.13","3.0.1.1413","PSt7-10","180726-015","6/18/2019 6:14:49 AM","0000-00","0","no battery","V"
"06/28/2019","10:25:58","6","default","651713401","OXY_CH6","1.396","min","144.527","μmol/L","Humid","23.569","deg","199014","µV","30.735","°C","1015.000","hPa","36.5","pmil","0","55.720","deg","20.000","°C","100.000","%a.s.","22.420","deg","20.000","°C","971.000","hPa","0.861","-0.02617","0.00035","0","0","13.56","Humid","56.77","1","57.00","370986.36","SABD0002000014","AAV2.0.0.13","3.0.1.1413","PSt7-10","180726-015","6/18/2019 6:14:49 AM","0000-00","0","no battery","V"
"06/28/2019","10:25:59","6","default","651713401","OXY_CH6","1.413","min","144.520","μmol/L","Humid","23.572","deg","199033","µV","30.729","°C","1015.000","hPa","36.5","pmil","0","55.720","deg","20.000","°C","100.000","%a.s.","22.420","deg","20.000","°C","971.000","hPa","0.861","-0.02617","0.00035","0","0","13.56","Humid","56.77","1","57.00","370989.51","SABD0002000014","AAV2.0.0.13","3.0.1.1413","PSt7-10","180726-015","6/18/2019 6:14:49 AM","0000-00","0","no battery","V"
"06/28/2019","10:26:00","6","default","651713401","OXY_CH6","1.429","min","144.520","μmol/L","Humid","23.572","deg","199042","µV","30.729","°C","1015.000","hPa","36.5","pmil","0","55.720","deg","20.000","°C","100.000","%a.s.","22.420","deg","20.000","°C","971.000","hPa","0.861","-0.02617","0.00035","0","0","13.56","Humid","56.77","1","57.00","370987.38","SABD0002000014","AAV2.0.0.13","3.0.1.1413","PSt7-10","180726-015","6/18/2019 6:14:49 AM","0000-00","0","no battery","V"
"06/28/2019","10:26:01","6","default","651713401","OXY_CH6","1.446","min","144.496","μmol/L","Humid","23.574","deg","199052","µV","30.729","°C","1015.000","hPa","36.5","pmil","0","55.720","deg","20.000","°C","100.000","%a.s.","22.420","deg","20.000","°C","971.000","hPa","0.861","-0.02617","0.00035","0","0","13.56","Humid","56.77","1","57.00","370993.81","SABD0002000014","AAV2.0.0.13","3.0.1.1413","PSt7-10","180726-015","6/18/2019 6:14:49 AM","0000-00","0","no battery","V"
"06/28/2019","10:26:02","6","default","651713401","OXY_CH6","1.463","min","144.431","μmol/L","Humid","23.577","deg","199075","µV","30.735","°C","1015.000","hPa","36.5","pmil","0","55.720","deg","20.000","°C","100.000","%a.s.","22.420","deg","20.000","°C","971.000","hPa","0.861","-0.02617","0.00035","0","0","13.56","Humid","56.77","1","57.00","370990.08","SABD0002000014","AAV2.0.0.13","3.0.1.1413","PSt7-10","180726-015","6/18/2019 6:14:49 AM","0000-00","0","no battery","V"
"06/28/2019","10:26:03","6","default","651713401","OXY_CH6","1.480","min","144.419","μmol/L","Humid","23.578","deg","199079","µV","30.735","°C","1015.000","hPa","36.5","pmil","0","55.720","deg","20.000","°C","100.000","%a.s.","22.420","deg","20.000","°C","971.000","hPa","0.861","-0.02617","0.00035","0","0","13.56","Humid","56.77","1","57.00","370992.95","SABD0002000014","AAV2.0.0.13","3.0.1.1413","PSt7-10","180726-015","6/18/2019 6:14:49 AM","0000-00","0","no battery","V"
"06/28/2019","10:26:04","6","default","651713401","OXY_CH6","1.496","min","144.406","μmol/L","Humid","23.579","deg","199086","µV","30.735","°C","1015.000","hPa","36.5","pmil","0","55.720","deg","20.000","°C","100.000","%a.s.","22.420","deg","20.000","°C","971.000","hPa","0.861","-0.02617","0.00035","0","0","13.56","Humid","56.77","1","57.00","370985.53","SABD0002000014","AAV2.0.0.13","3.0.1.1413","PSt7-10","180726-015","6/18/2019 6:14:49 AM","0000-00","0","no battery","V"
"06/28/2019","10:26:05","6","default","651713401","OXY_CH6","1.513","min","144.346","μmol/L","Humid","23.584","deg","199103","µV","30.735","°C","1015.000","hPa","36.5","pmil","0","55.720","deg","20.000","°C","100.000","%a.s.","22.420","deg","20.000","°C","971.000","hPa","0.861","-0.02617","0.00035","0","0","13.56","Humid","56.77","1","57.00","370975.55","SABD0002000014","AAV2.0.0.13","3.0.1.1413","PSt7-10","180726-015","6/18/2019 6:14:49 AM","0000-00","0","no battery","V"
"06/28/2019","10:26:06","6","default","651713401","OXY_CH6","1.529","min","144.411","μmol/L","Humid","23.581","deg","199108","µV","30.729","°C","1015.000","hPa","36.5","pmil","0","55.720","deg","20.000","°C","100.000","%a.s.","22.420","deg","20.000","°C","971.000","hPa","0.861","-0.02617","0.00035","0","0","13.56","Humid","56.77","1","57.00","370970.79","SABD0002000014","AAV2.0.0.13","3.0.1.1413","PSt7-10","180726-015","6/18/2019 6:14:49 AM","0000-00","0","no battery","V"
"06/28/2019","10:26:07","6","default","651713401","OXY_CH6","1.546","min","144.363","μmol/L","Humid","23.585","deg","199117","µV","30.729","°C","1015.000","hPa","36.5","pmil","0","55.720","deg","20.000","°C","100.000","%a.s.","22.420","deg","20.000","°C","971.000","hPa","0.861","-0.02617","0.00035","0","0","13.56","Humid","56.77","1","57.00","370977.26","SABD0002000014","AAV2.0.0.13","3.0.1.1413","PSt7-10","180726-015","6/18/2019 6:14:49 AM","0000-00","0","no battery","V"
"06/28/2019","10:26:08","6","default","651713401","OXY_CH6","1.563","min","144.338","μmol/L","Humid","23.587","deg","199134","µV","30.729","°C","1015.000","hPa","36.5","pmil","0","55.720","deg","20.000","°C","100.000","%a.s.","22.420","deg","20.000","°C","971.000","hPa","0.861","-0.02617","0.00035","0","0","13.56","Humid","56.77","1","57.00","370979.85","SABD0002000014","AAV2.0.0.13","3.0.1.1413","PSt7-10","180726-015","6/18/2019 6:14:49 AM","0000-00","0","no battery","V"
"06/28/2019","10:26:09","6","default","651713401","OXY_CH6","1.579","min","144.346","μmol/L","Humid","23.584","deg","199149","µV","30.735","°C","1015.000","hPa","36.5","pmil","0","55.720","deg","20.000","°C","100.000","%a.s.","22.420","deg","20.000","°C","971.000","hPa","0.861","-0.02617","0.00035","0","0","13.56","Humid","56.77","1","57.00","370976.85","SABD0002000014","AAV2.0.0.13","3.0.1.1413","PSt7-10","180726-015","6/18/2019 6:14:49 AM","0000-00","0","no battery","V"
"06/28/2019","10:26:10","6","default","651713401","OXY_CH6","1.596","min","144.338","μmol/L","Humid","23.587","deg","199165","µV","30.729","°C","1015.000","hPa","36.5","pmil","0","55.720","deg","20.000","°C","100.000","%a.s.","22.420","deg","20.000","°C","971.000","hPa","0.861","-0.02617","0.00035","0","0","13.56","Humid","56.77","1","57.00","370977.98","SABD0002000014","AAV2.0.0.13","3.0.1.1413","PSt7-10","180726-015","6/18/2019 6:14:49 AM","0000-00","0","no battery","V"
"06/28/2019","10:26:11","6","default","651713401","OXY_CH6","1.612","min","144.262","μmol/L","Humid","23.591","deg","199160","µV","30.735","°C","1015.000","hPa","36.5","pmil","0","55.720","deg","20.000","°C","100.000","%a.s.","22.420","deg","20.000","°C","971.000","hPa","0.861","-0.02617","0.00035","0","0","13.56","Humid","56.77","1","57.00","370968.92","SABD0002000014","AAV2.0.0.13","3.0.1.1413","PSt7-10","180726-015","6/18/2019 6:14:49 AM","0000-00","0","no battery","V"
"06/28/2019","10:26:12","6","default","651713401","OXY_CH6","1.629","min","144.249","μmol/L","Humid","23.592","deg","199178","µV","30.735","°C","1015.000","hPa","36.5","pmil","0","55.720","deg","20.000","°C","100.000","%a.s.","22.420","deg","20.000","°C","971.000","hPa","0.861","-0.02617","0.00035","0","0","13.56","Humid","56.77","1","57.00","370974.51","SABD0002000014","AAV2.0.0.13","3.0.1.1413","PSt7-10","180726-015","6/18/2019 6:14:49 AM","0000-00","0","no battery","V"
"06/28/2019","10:26:13","6","default","651713401","OXY_CH6","1.646","min","144.249","μmol/L","Humid","23.592","deg","199185","µV","30.735","°C","1015.000","hPa","36.5","pmil","0","55.720","deg","20.000","°C","100.000","%a.s.","22.420","deg","20.000","°C","971.000","hPa","0.861","-0.02617","0.00035","0","0","13.56","Humid","56.77","1","57.00","370949.23","SABD0002000014","AAV2.0.0.13","3.0.1.1413","PSt7-10","180726-015","6/18/2019 6:14:49 AM","0000-00","0","no battery","V"
"06/28/2019","10:26:14","6","default","651713401","OXY_CH6","1.663","min","144.201","μmol/L","Humid","23.596","deg","199199","µV","30.735","°C","1015.000","hPa","36.5","pmil","0","55.720","deg","20.000","°C","100.000","%a.s.","22.420","deg","20.000","°C","971.000","hPa","0.861","-0.02617","0.00035","0","0","13.56","Humid","56.77","1","57.00","370940.71","SABD0002000014","AAV2.0.0.13","3.0.1.1413","PSt7-10","180726-015","6/18/2019 6:14:49 AM","0000-00","0","no battery","V"
"06/28/2019","10:26:15","6","default","651713401","OXY_CH6","1.679","min","144.189","μmol/L","Humid","23.597","deg","199197","µV","30.735","°C","1015.000","hPa","36.5","pmil","0","55.720","deg","20.000","°C","100.000","%a.s.","22.420","deg","20.000","°C","971.000","hPa","0.861","-0.02617","0.00035","0","0","13.56","Humid","56.77","1","57.00","370945.06","SABD0002000014","AAV2.0.0.13","3.0.1.1413","PSt7-10","180726-015","6/18/2019 6:14:49 AM","0000-00","0","no battery","V"
"06/28/2019","10:26:16","6","default","651713401","OXY_CH6","1.696","min","144.185","μmol/L","Humid","23.595","deg","199214","µV","30.741","°C","1015.000","hPa","36.5","pmil","0","55.720","deg","20.000","°C","100.000","%a.s.","22.420","deg","20.000","°C","971.000","hPa","0.861","-0.02617","0.00035","0","0","13.56","Humid","56.77","1","57.00","370958.75","SABD0002000014","AAV2.0.0.13","3.0.1.1413","PSt7-10","180726-015","6/18/2019 6:14:49 AM","0000-00","0","no battery","V"
"06/28/2019","10:26:17","6","default","651713401","OXY_CH6","1.713","min","144.165","μmol/L","Humid","23.599","deg","199220","µV","30.735","°C","1015.000","hPa","36.5","pmil","0","55.720","deg","20.000","°C","100.000","%a.s.","22.420","deg","20.000","°C","971.000","hPa","0.861","-0.02617","0.00035","0","0","13.56","Humid","56.77","1","57.00","370940.69","SABD0002000014","AAV2.0.0.13","3.0.1.1413","PSt7-10","180726-015","6/18/2019 6:14:49 AM","0000-00","0","no battery","V"
"06/28/2019","10:26:18","6","default","651713401","OXY_CH6","1.729","min","144.153","μmol/L","Humid","23.600","deg","199238","µV","30.735","°C","1015.000","hPa","36.5","pmil","0","55.720","deg","20.000","°C","100.000","%a.s.","22.420","deg","20.000","°C","971.000","hPa","0.861","-0.02617","0.00035","0","0","13.56","Humid","56.77","1","57.00","370939.82","SABD0002000014","AAV2.0.0.13","3.0.1.1413","PSt7-10","180726-015","6/18/2019 6:14:49 AM","0000-00","0","no battery","V"
"06/28/2019","10:26:19","6","default","651713401","OXY_CH6","1.746","min","144.100","μmol/L","Humid","23.602","deg","199258","µV","30.741","°C","1015.000","hPa","36.5","pmil","0","55.720","deg","20.000","°C","100.000","%a.s.","22.420","deg","20.000","°C","971.000","hPa","0.861","-0.02617","0.00035","0","0","13.56","Humid","56.77","1","57.00","370942.24","SABD0002000014","AAV2.0.0.13","3.0.1.1413","PSt7-10","180726-015","6/18/2019 6:14:49 AM","0000-00","0","no battery","V"
"06/28/2019","10:26:20","6","default","651713401","OXY_CH6","1.763","min","144.145","μmol/L","Humid","23.603","deg","199271","µV","30.729","°C","1015.000","hPa","36.5","pmil","0","55.720","deg","20.000","°C","100.000","%a.s.","22.420","deg","20.000","°C","971.000","hPa","0.861","-0.02617","0.00035","0","0","13.56","Humid","56.77","1","57.00","370943.53","SABD0002000014","AAV2.0.0.13","3.0.1.1413","PSt7-10","180726-015","6/18/2019 6:14:49 AM","0000-00","0","no battery","V"
"06/28/2019","10:26:21","6","default","651713401","OXY_CH6","1.779","min","144.048","μmol/L","Humid","23.604","deg","199279","µV","30.748","°C","1015.000","hPa","36.5","pmil","0","55.720","deg","20.000","°C","100.000","%a.s.","22.420","deg","20.000","°C","971.000","hPa","0.861","-0.02617","0.00035","0","0","13.56","Humid","56.77","1","57.00","370946.22","SABD0002000014","AAV2.0.0.13","3.0.1.1413","PSt7-10","180726-015","6/18/2019 6:14:49 AM","0000-00","0","no battery","V"
"06/28/2019","10:26:22","6","default","651713401","OXY_CH6","1.796","min","144.081","μmol/L","Humid","23.606","deg","199292","µV","30.735","°C","1015.000","hPa","36.5","pmil","0","55.720","deg","20.000","°C","100.000","%a.s.","22.420","deg","20.000","°C","971.000","hPa","0.861","-0.02617","0.00035","0","0","13.56","Humid","56.77","1","57.00","370937.11","SABD0002000014","AAV2.0.0.13","3.0.1.1413","PSt7-10","180726-015","6/18/2019 6:14:49 AM","0000-00","0","no battery","V"
"06/28/2019","10:26:23","6","default","651713401","OXY_CH6","1.813","min","144.040","μmol/L","Humid","23.607","deg","199316","µV","30.741","°C","1015.000","hPa","36.5","pmil","0","55.720","deg","20.000","°C","100.000","%a.s.","22.420","deg","20.000","°C","971.000","hPa","0.861","-0.02617","0.00035","0","0","13.56","Humid","56.77","1","57.00","370943.49","SABD0002000014","AAV2.0.0.13","3.0.1.1413","PSt7-10","180726-015","6/18/2019 6:14:49 AM","0000-00","0","no battery","V"
"06/28/2019","10:26:24","6","default","651713401","OXY_CH6","1.829","min","144.040","μmol/L","Humid","23.607","deg","199327","µV","30.741","°C","1015.000","hPa","36.5","pmil","0","55.720","deg","20.000","°C","100.000","%a.s.","22.420","deg","20.000","°C","971.000","hPa","0.861","-0.02617","0.00035","0","0","13.56","Humid","56.77","1","57.00","370941.18","SABD0002000014","AAV2.0.0.13","3.0.1.1413","PSt7-10","180726-015","6/18/2019 6:14:49 AM","0000-00","0","no battery","V"
"06/28/2019","10:26:25","6","default","651713401","OXY_CH6","1.846","min","144.004","μmol/L","Humid","23.610","deg","199338","µV","30.741","°C","1015.000","hPa","36.5","pmil","0","55.720","deg","20.000","°C","100.000","%a.s.","22.420","deg","20.000","°C","971.000","hPa","0.861","-0.02617","0.00035","0","0","13.56","Humid","56.77","1","57.00","370946.34","SABD0002000014","AAV2.0.0.13","3.0.1.1413","PSt7-10","180726-015","6/18/2019 6:14:49 AM","0000-00","0","no battery","V"
"06/28/2019","10:26:26","6","default","651713401","OXY_CH6","1.869","min","143.944","μmol/L","Humid","23.615","deg","199384","µV","30.741","°C","1015.000","hPa","36.5","pmil","0","55.720","deg","20.000","°C","100.000","%a.s.","22.420","deg","20.000","°C","971.000","hPa","0.861","-0.02617","0.00035","0","0","13.56","Humid","56.77","1","57.00","370970.87","SABD0002000014","AAV2.0.0.13","3.0.1.1413","PSt7-10","180726-015","6/18/2019 6:14:49 AM","0000-00","0","no battery","V"
"06/28/2019","10:26:27","6","default","651713401","OXY_CH6","1.879","min","143.968","μmol/L","Humid","23.613","deg","199343","µV","30.741","°C","1015.000","hPa","36.5","pmil","0","55.720","deg","20.000","°C","100.000","%a.s.","22.420","deg","20.000","°C","971.000","hPa","0.861","-0.02617","0.00035","0","0","13.56","Humid","56.77","1","57.00","370890.16","SABD0002000014","AAV2.0.0.13","3.0.1.1413","PSt7-10","180726-015","6/18/2019 6:14:49 AM","0000-00","0","no battery","V"
"06/28/2019","10:26:28","6","default","651713401","OXY_CH6","1.896","min","143.932","μmol/L","Humid","23.616","deg","199385","µV","30.741","°C","1015.000","hPa","36.5","pmil","0","55.720","deg","20.000","°C","100.000","%a.s.","22.420","deg","20.000","°C","971.000","hPa","0.861","-0.02617","0.00035","0","0","13.56","Humid","56.77","1","57.00","370922.92","SABD0002000014","AAV2.0.0.13","3.0.1.1413","PSt7-10","180726-015","6/18/2019 6:14:49 AM","0000-00","0","no battery","V"
"06/28/2019","10:26:29","6","default","651713401","OXY_CH6","1.912","min","143.972","μmol/L","Humid","23.615","deg","199399","µV","30.735","°C","1015.000","hPa","36.5","pmil","0","55.720","deg","20.000","°C","100.000","%a.s.","22.420","deg","20.000","°C","971.000","hPa","0.861","-0.02617","0.00035","0","0","13.56","Humid","56.77","1","57.00","370926.08","SABD0002000014","AAV2.0.0.13","3.0.1.1413","PSt7-10","180726-015","6/18/2019 6:14:49 AM","0000-00","0","no battery","V"
"06/28/2019","10:26:30","6","default","651713401","OXY_CH6","1.930","min","143.948","μmol/L","Humid","23.617","deg","199411","µV","30.735","°C","1015.000","hPa","36.5","pmil","0","55.720","deg","20.000","°C","100.000","%a.s.","22.420","deg","20.000","°C","971.000","hPa","0.861","-0.02617","0.00035","0","0","13.56","Humid","56.77","1","57.00","370929.87","SABD0002000014","AAV2.0.0.13","3.0.1.1413","PSt7-10","180726-015","6/18/2019 6:14:49 AM","0000-00","0","no battery","V"
"06/28/2019","10:26:31","6","default","651713401","OXY_CH6","1.947","min","143.936","μmol/L","Humid","23.618","deg","199415","µV","30.735","°C","1015.000","hPa","36.5","pmil","0","55.720","deg","20.000","°C","100.000","%a.s.","22.420","deg","20.000","°C","971.000","hPa","0.861","-0.02617","0.00035","0","0","13.56","Humid","56.77","1","57.00","370906.37","SABD0002000014","AAV2.0.0.13","3.0.1.1413","PSt7-10","180726-015","6/18/2019 6:14:49 AM","0000-00","0","no battery","V"
"06/28/2019","10:26:32","6","default","651713401","OXY_CH6","1.963","min","143.871","μmol/L","Humid","23.621","deg","199424","µV","30.741","°C","1015.000","hPa","36.5","pmil","0","55.720","deg","20.000","°C","100.000","%a.s.","22.420","deg","20.000","°C","971.000","hPa","0.861","-0.02617","0.00035","0","0","13.56","Humid","56.77","1","57.00","370890.32","SABD0002000014","AAV2.0.0.13","3.0.1.1413","PSt7-10","180726-015","6/18/2019 6:14:49 AM","0000-00","0","no battery","V"
"06/28/2019","10:26:33","6","default","651713401","OXY_CH6","1.980","min","143.835","μmol/L","Humid","23.624","deg","199439","µV","30.741","°C","1015.000","hPa","36.5","pmil","0","55.720","deg","20.000","°C","100.000","%a.s.","22.420","deg","20.000","°C","971.000","hPa","0.861","-0.02617","0.00035","0","0","13.56","Humid","56.77","1","57.00","370903.87","SABD0002000014","AAV2.0.0.13","3.0.1.1413","PSt7-10","180726-015","6/18/2019 6:14:49 AM","0000-00","0","no battery","V"
"06/28/2019","10:26:34","6","default","651713401","OXY_CH6","1.996","min","143.859","μmol/L","Humid","23.622","deg","199463","µV","30.741","°C","1015.000","hPa","36.5","pmil","0","55.720","deg","20.000","°C","100.000","%a.s.","22.420","deg","20.000","°C","971.000","hPa","0.861","-0.02617","0.00035","0","0","13.56","Humid","56.77","1","57.00","370912.03","SABD0002000014","AAV2.0.0.13","3.0.1.1413","PSt7-10","180726-015","6/18/2019 6:14:49 AM","0000-00","0","no battery","V"
"06/28/2019","10:26:35","6","default","651713401","OXY_CH6","2.013","min","143.811","μmol/L","Humid","23.626","deg","199465","µV","30.741","°C","1015.000","hPa","36.5","pmil","0","55.720","deg","20.000","°C","100.000","%a.s.","22.420","deg","20.000","°C","971.000","hPa","0.861","-0.02617","0.00035","0","0","13.56","Humid","56.77","1","57.00","370897.82","SABD0002000014","AAV2.0.0.13","3.0.1.1413","PSt7-10","180726-015","6/18/2019 6:14:49 AM","0000-00","0","no battery","V"
"06/28/2019","10:26:36","6","default","651713401","OXY_CH6","2.029","min","143.747","μmol/L","Humid","23.629","deg","199469","µV","30.748","°C","1015.000","hPa","36.5","pmil","0","55.720","deg","20.000","°C","100.000","%a.s.","22.420","deg","20.000","°C","971.000","hPa","0.861","-0.02617","0.00035","0","0","13.56","Humid","56.77","1","57.00","370895.54","SABD0002000014","AAV2.0.0.13","3.0.1.1413","PSt7-10","180726-015","6/18/2019 6:14:49 AM","0000-00","0","no battery","V"
"06/28/2019","10:26:37","6","default","651713401","OXY_CH6","2.046","min","143.747","μmol/L","Humid","23.629","deg","199499","µV","30.748","°C","1015.000","hPa","36.5","pmil","0","55.720","deg","20.000","°C","100.000","%a.s.","22.420","deg","20.000","°C","971.000","hPa","0.861","-0.02617","0.00035","0","0","13.56","Humid","56.77","1","57.00","370904.85","SABD0002000014","AAV2.0.0.13","3.0.1.1413","PSt7-10","180726-015","6/18/2019 6:14:49 AM","0000-00","0","no battery","V"
"06/28/2019","10:26:38","6","default","651713401","OXY_CH6","2.063","min","143.763","μmol/L","Humid","23.630","deg","199503","µV","30.741","°C","1015.000","hPa","36.5","pmil","0","55.720","deg","20.000","°C","100.000","%a.s.","22.420","deg","20.000","°C","971.000","hPa","0.861","-0.02617","0.00035","0","0","13.56","Humid","56.77","1","57.00","370906.83","SABD0002000014","AAV2.0.0.13","3.0.1.1413","PSt7-10","180726-015","6/18/2019 6:14:49 AM","0000-00","0","no battery","V"
"06/28/2019","10:26:39","6","default","651713401","OXY_CH6","2.079","min","143.759","μmol/L","Humid","23.628","deg","199515","µV","30.748","°C","1015.000","hPa","36.5","pmil","0","55.720","deg","20.000","°C","100.000","%a.s.","22.420","deg","20.000","°C","971.000","hPa","0.861","-0.02617","0.00035","0","0","13.56","Humid","56.77","1","57.00","370900.96","SABD0002000014","AAV2.0.0.13","3.0.1.1413","PSt7-10","180726-015","6/18/2019 6:14:49 AM","0000-00","0","no battery","V"
"06/28/2019","10:26:40","6","default","651713401","OXY_CH6","2.096","min","143.723","μmol/L","Humid","23.631","deg","199534","µV","30.748","°C","1015.000","hPa","36.5","pmil","0","55.720","deg","20.000","°C","100.000","%a.s.","22.420","deg","20.000","°C","971.000","hPa","0.861","-0.02617","0.00035","0","0","13.56","Humid","56.77","1","57.00","370898.95","SABD0002000014","AAV2.0.0.13","3.0.1.1413","PSt7-10","180726-015","6/18/2019 6:14:49 AM","0000-00","0","no battery","V"
"06/28/2019","10:26:41","6","default","651713401","OXY_CH6","2.113","min","143.711","μmol/L","Humid","23.632","deg","199540","µV","30.748","°C","1015.000","hPa","36.5","pmil","0","55.720","deg","20.000","°C","100.000","%a.s.","22.420","deg","20.000","°C","971.000","hPa","0.861","-0.02617","0.00035","0","0","13.56","Humid","56.77","1","57.00","370883.14","SABD0002000014","AAV2.0.0.13","3.0.1.1413","PSt7-10","180726-015","6/18/2019 6:14:49 AM","0000-00","0","no battery","V"
"06/28/2019","10:26:42","6","default","651713401","OXY_CH6","2.129","min","143.699","μmol/L","Humid","23.633","deg","199544","µV","30.748","°C","1015.000","hPa","36.5","pmil","0","55.720","deg","20.000","°C","100.000","%a.s.","22.420","deg","20.000","°C","971.000","hPa","0.861","-0.02617","0.00035","0","0","13.56","Humid","56.77","1","57.00","370874.00","SABD0002000014","AAV2.0.0.13","3.0.1.1413","PSt7-10","180726-015","6/18/2019 6:14:49 AM","0000-00","0","no battery","V"
"06/28/2019","10:26:43","6","default","651713401","OXY_CH6","2.146","min","143.687","μmol/L","Humid","23.634","deg","199549","µV","30.748","°C","1015.000","hPa","36.5","pmil","0","55.720","deg","20.000","°C","100.000","%a.s.","22.420","deg","20.000","°C","971.000","hPa","0.861","-0.02617","0.00035","0","0","13.56","Humid","56.77","1","57.00","370887.15","SABD0002000014","AAV2.0.0.13","3.0.1.1413","PSt7-10","180726-015","6/18/2019 6:14:49 AM","0000-00","0","no battery","V"
"06/28/2019","10:26:44","6","default","651713401","OXY_CH6","2.163","min","143.610","μmol/L","Humid","23.638","deg","199572","µV","30.754","°C","1015.000","hPa","36.5","pmil","0","55.720","deg","20.000","°C","100.000","%a.s.","22.420","deg","20.000","°C","971.000","hPa","0.861","-0.02617","0.00035","0","0","13.56","Humid","56.77","1","57.00","370890.52","SABD0002000014","AAV2.0.0.13","3.0.1.1413","PSt7-10","180726-015","6/18/2019 6:14:49 AM","0000-00","0","no battery","V"
"06/28/2019","10:26:45","6","default","651713401","OXY_CH6","2.179","min","143.667","μmol/L","Humid","23.638","deg","199585","µV","30.741","°C","1015.000","hPa","36.5","pmil","0","55.720","deg","20.000","°C","100.000","%a.s.","22.420","deg","20.000","°C","971.000","hPa","0.861","-0.02617","0.00035","0","0","13.56","Humid","56.77","1","57.00","370878.35","SABD0002000014","AAV2.0.0.13","3.0.1.1413","PSt7-10","180726-015","6/18/2019 6:14:49 AM","0000-00","0","no battery","V"
"06/28/2019","10:26:46","6","default","651713401","OXY_CH6","2.197","min","143.590","μmol/L","Humid","23.642","deg","199600","µV","30.748","°C","1015.000","hPa","36.5","pmil","0","55.720","deg","20.000","°C","100.000","%a.s.","22.420","deg","20.000","°C","971.000","hPa","0.861","-0.02617","0.00035","0","0","13.56","Humid","56.77","1","57.00","370866.96","SABD0002000014","AAV2.0.0.13","3.0.1.1413","PSt7-10","180726-015","6/18/2019 6:14:49 AM","0000-00","0","no battery","V"
"06/28/2019","10:26:47","6","default","651713401","OXY_CH6","2.213","min","143.590","μmol/L","Humid","23.642","deg","199602","µV","30.748","°C","1015.000","hPa","36.5","pmil","0","55.720","deg","20.000","°C","100.000","%a.s.","22.420","deg","20.000","°C","971.000","hPa","0.861","-0.02617","0.00035","0","0","13.56","Humid","56.77","1","57.00","370886.51","SABD0002000014","AAV2.0.0.13","3.0.1.1413","PSt7-10","180726-015","6/18/2019 6:14:49 AM","0000-00","0","no battery","V"
"06/28/2019","10:26:48","6","default","651713401","OXY_CH6","2.230","min","143.607","μmol/L","Humid","23.643","deg","199615","µV","30.741","°C","1015.000","hPa","36.5","pmil","0","55.720","deg","20.000","°C","100.000","%a.s.","22.420","deg","20.000","°C","971.000","hPa","0.861","-0.02617","0.00035","0","0","13.56","Humid","56.77","1","57.00","370868.59","SABD0002000014","AAV2.0.0.13","3.0.1.1413","PSt7-10","180726-015","6/18/2019 6:14:49 AM","0000-00","0","no battery","V"
"06/28/2019","10:26:49","6","default","651713401","OXY_CH6","2.246","min","143.571","μmol/L","Humid","23.646","deg","199621","µV","30.741","°C","1015.000","hPa","36.5","pmil","0","55.720","deg","20.000","°C","100.000","%a.s.","22.420","deg","20.000","°C","971.000","hPa","0.861","-0.02617","0.00035","0","0","13.56","Humid","56.77","1","57.00","370859.17","SABD0002000014","AAV2.0.0.13","3.0.1.1413","PSt7-10","180726-015","6/18/2019 6:14:49 AM","0000-00","0","no battery","V"
"06/28/2019","10:26:50","6","default","651713401","OXY_CH6","2.263","min","143.542","μmol/L","Humid","23.646","deg","199638","µV","30.748","°C","1015.000","hPa","36.5","pmil","0","55.720","deg","20.000","°C","100.000","%a.s.","22.420","deg","20.000","°C","971.000","hPa","0.861","-0.02617","0.00035","0","0","13.56","Humid","56.77","1","57.00","370873.88","SABD0002000014","AAV2.0.0.13","3.0.1.1413","PSt7-10","180726-015","6/18/2019 6:14:49 AM","0000-00","0","no battery","V"
"06/28/2019","10:26:51","6","default","651713401","OXY_CH6","2.280","min","143.518","μmol/L","Humid","23.648","deg","199641","µV","30.748","°C","1015.000","hPa","36.5","pmil","0","55.720","deg","20.000","°C","100.000","%a.s.","22.420","deg","20.000","°C","971.000","hPa","0.861","-0.02617","0.00035","0","0","13.56","Humid","56.77","1","57.00","370858.24","SABD0002000014","AAV2.0.0.13","3.0.1.1413","PSt7-10","180726-015","6/18/2019 6:14:49 AM","0000-00","0","no battery","V"
"06/28/2019","10:26:52","6","default","651713401","OXY_CH6","2.296","min","143.518","μmol/L","Humid","23.648","deg","199652","µV","30.748","°C","1015.000","hPa","36.5","pmil","0","55.720","deg","20.000","°C","100.000","%a.s.","22.420","deg","20.000","°C","971.000","hPa","0.861","-0.02617","0.00035","0","0","13.56","Humid","56.77","1","57.00","370862.08","SABD0002000014","AAV2.0.0.13","3.0.1.1413","PSt7-10","180726-015","6/18/2019 6:14:49 AM","0000-00","0","no battery","V"
"06/28/2019","10:26:53","6","default","651713401","OXY_CH6","2.313","min","143.483","μmol/L","Humid","23.651","deg","199663","µV","30.748","°C","1015.000","hPa","36.5","pmil","0","55.720","deg","20.000","°C","100.000","%a.s.","22.420","deg","20.000","°C","971.000","hPa","0.861","-0.02617","0.00035","0","0","13.56","Humid","56.77","1","57.00","370864.28","SABD0002000014","AAV2.0.0.13","3.0.1.1413","PSt7-10","180726-015","6/18/2019 6:14:49 AM","0000-00","0","no battery","V"
"06/28/2019","10:26:54","6","default","651713401","OXY_CH6","2.329","min","143.483","μmol/L","Humid","23.651","deg","199658","µV","30.748","°C","1015.000","hPa","36.5","pmil","0","55.720","deg","20.000","°C","100.000","%a.s.","22.420","deg","20.000","°C","971.000","hPa","0.861","-0.02617","0.00035","0","0","13.56","Humid","56.77","1","57.00","370851.19","SABD0002000014","AAV2.0.0.13","3.0.1.1413","PSt7-10","180726-015","6/18/2019 6:14:49 AM","0000-00","0","no battery","V"
"06/28/2019","10:26:55","6","default","651713401","OXY_CH6","2.346","min","143.463","μmol/L","Humid","23.655","deg","199673","µV","30.741","°C","1015.000","hPa","36.5","pmil","0","55.720","deg","20.000","°C","100.000","%a.s.","22.420","deg","20.000","°C","971.000","hPa","0.861","-0.02617","0.00035","0","0","13.56","Humid","56.77","1","57.00","370850.45","SABD0002000014","AAV2.0.0.13","3.0.1.1413","PSt7-10","180726-015","6/18/2019 6:14:49 AM","0000-00","0","no battery","V"
"06/28/2019","10:26:56","6","default","651713401","OXY_CH6","2.363","min","143.447","μmol/L","Humid","23.654","deg","199684","µV","30.748","°C","1015.000","hPa","36.5","pmil","0","55.720","deg","20.000","°C","100.000","%a.s.","22.420","deg","20.000","°C","971.000","hPa","0.861","-0.02617","0.00035","0","0","13.56","Humid","56.77","1","57.00","370849.58","SABD0002000014","AAV2.0.0.13","3.0.1.1413","PSt7-10","180726-015","6/18/2019 6:14:49 AM","0000-00","0","no battery","V"
"06/28/2019","10:26:57","6","default","651713401","OXY_CH6","2.379","min","143.439","μmol/L","Humid","23.657","deg","199700","µV","30.741","°C","1015.000","hPa","36.5","pmil","0","55.720","deg","20.000","°C","100.000","%a.s.","22.420","deg","20.000","°C","971.000","hPa","0.861","-0.02617","0.00035","0","0","13.56","Humid","56.77","1","57.00","370853.46","SABD0002000014","AAV2.0.0.13","3.0.1.1413","PSt7-10","180726-015","6/18/2019 6:14:49 AM","0000-00","0","no battery","V"
"06/28/2019","10:26:58","6","default","651713401","OXY_CH6","2.396","min","143.415","μmol/L","Humid","23.659","deg","199712","µV","30.741","°C","1015.000","hPa","36.5","pmil","0","55.720","deg","20.000","°C","100.000","%a.s.","22.420","deg","20.000","°C","971.000","hPa","0.861","-0.02617","0.00035","0","0","13.56","Humid","56.77","1","57.00","370839.93","SABD0002000014","AAV2.0.0.13","3.0.1.1413","PSt7-10","180726-015","6/18/2019 6:14:49 AM","0000-00","0","no battery","V"
"06/28/2019","10:26:59","6","default","651713401","OXY_CH6","2.413","min","143.411","μmol/L","Humid","23.657","deg","199732","µV","30.748","°C","1015.000","hPa","36.5","pmil","0","55.720","deg","20.000","°C","100.000","%a.s.","22.420","deg","20.000","°C","971.000","hPa","0.861","-0.02617","0.00035","0","0","13.56","Humid","56.77","1","57.00","370855.28","SABD0002000014","AAV2.0.0.13","3.0.1.1413","PSt7-10","180726-015","6/18/2019 6:14:49 AM","0000-00","0","no battery","V"
"06/28/2019","10:27:00","6","default","651713401","OXY_CH6","2.429","min","143.363","μmol/L","Humid","23.661","deg","199730","µV","30.748","°C","1015.000","hPa","36.5","pmil","0","55.720","deg","20.000","°C","100.000","%a.s.","22.420","deg","20.000","°C","971.000","hPa","0.861","-0.02617","0.00035","0","0","13.56","Humid","56.77","1","57.00","370826.88","SABD0002000014","AAV2.0.0.13","3.0.1.1413","PSt7-10","180726-015","6/18/2019 6:14:49 AM","0000-00","0","no battery","V"
"06/28/2019","10:27:01","6","default","651713401","OXY_CH6","2.446","min","143.367","μmol/L","Humid","23.663","deg","199741","µV","30.741","°C","1015.000","hPa","36.5","pmil","0","55.720","deg","20.000","°C","100.000","%a.s.","22.420","deg","20.000","°C","971.000","hPa","0.861","-0.02617","0.00035","0","0","13.56","Humid","56.77","1","57.00","370815.45","SABD0002000014","AAV2.0.0.13","3.0.1.1413","PSt7-10","180726-015","6/18/2019 6:14:49 AM","0000-00","0","no battery","V"
"06/28/2019","10:27:02","6","default","651713401","OXY_CH6","2.463","min","143.286","μmol/L","Humid","23.665","deg","199757","µV","30.754","°C","1015.000","hPa","36.5","pmil","0","55.720","deg","20.000","°C","100.000","%a.s.","22.420","deg","20.000","°C","971.000","hPa","0.861","-0.02617","0.00035","0","0","13.56","Humid","56.77","1","57.00","370825.98","SABD0002000014","AAV2.0.0.13","3.0.1.1413","PSt7-10","180726-015","6/18/2019 6:14:49 AM","0000-00","0","no battery","V"
"06/28/2019","10:27:03","6","default","651713401","OXY_CH6","2.479","min","143.303","μmol/L","Humid","23.666","deg","199770","µV","30.748","°C","1015.000","hPa","36.5","pmil","0","55.720","deg","20.000","°C","100.000","%a.s.","22.420","deg","20.000","°C","971.000","hPa","0.861","-0.02617","0.00035","0","0","13.56","Humid","56.77","1","57.00","370822.12","SABD0002000014","AAV2.0.0.13","3.0.1.1413","PSt7-10","180726-015","6/18/2019 6:14:49 AM","0000-00","0","no battery","V"
"06/28/2019","10:27:04","6","default","651713401","OXY_CH6","2.496","min","143.250","μmol/L","Humid","23.668","deg","199781","µV","30.754","°C","1015.000","hPa","36.5","pmil","0","55.720","deg","20.000","°C","100.000","%a.s.","22.420","deg","20.000","°C","971.000","hPa","0.861","-0.02617","0.00035","0","0","13.56","Humid","56.77","1","57.00","370813.90","SABD0002000014","AAV2.0.0.13","3.0.1.1413","PSt7-10","180726-015","6/18/2019 6:14:49 AM","0000-00","0","no battery","V"
"06/28/2019","10:27:05","6","default","651713401","OXY_CH6","2.512","min","143.267","μmol/L","Humid","23.669","deg","199800","µV","30.748","°C","1015.000","hPa","36.5","pmil","0","55.720","deg","20.000","°C","100.000","%a.s.","22.420","deg","20.000","°C","971.000","hPa","0.861","-0.02617","0.00035","0","0","13.56","Humid","56.77","1","57.00","370814.47","SABD0002000014","AAV2.0.0.13","3.0.1.1413","PSt7-10","180726-015","6/18/2019 6:14:49 AM","0000-00","0","no battery","V"
"06/28/2019","10:27:06","6","default","651713401","OXY_CH6","2.530","min","143.279","μmol/L","Humid","23.668","deg","199811","µV","30.748","°C","1015.000","hPa","36.5","pmil","0","55.720","deg","20.000","°C","100.000","%a.s.","22.420","deg","20.000","°C","971.000","hPa","0.861","-0.02617","0.00035","0","0","13.56","Humid","56.77","1","57.00","370815.88","SABD0002000014","AAV2.0.0.13","3.0.1.1413","PSt7-10","180726-015","6/18/2019 6:14:49 AM","0000-00","0","no battery","V"
"06/28/2019","10:27:07","6","default","651713401","OXY_CH6","2.547","min","143.231","μmol/L","Humid","23.672","deg","199828","µV","30.748","°C","1015.000","hPa","36.5","pmil","0","55.720","deg","20.000","°C","100.000","%a.s.","22.420","deg","20.000","°C","971.000","hPa","0.861","-0.02617","0.00035","0","0","13.56","Humid","56.77","1","57.00","370803.67","SABD0002000014","AAV2.0.0.13","3.0.1.1413","PSt7-10","180726-015","6/18/2019 6:14:49 AM","0000-00","0","no battery","V"
"06/28/2019","10:27:08","6","default","651713401","OXY_CH6","2.563","min","143.219","μmol/L","Humid","23.673","deg","199828","µV","30.748","°C","1015.000","hPa","36.5","pmil","0","55.720","deg","20.000","°C","100.000","%a.s.","22.420","deg","20.000","°C","971.000","hPa","0.861","-0.02617","0.00035","0","0","13.56","Humid","56.77","1","57.00","370815.34","SABD0002000014","AAV2.0.0.13","3.0.1.1413","PSt7-10","180726-015","6/18/2019 6:14:49 AM","0000-00","0","no battery","V"
"06/28/2019","10:27:09","6","default","651713401","OXY_CH6","2.580","min","143.195","μmol/L","Humid","23.675","deg","199847","µV","30.748","°C","1015.000","hPa","36.5","pmil","0","55.720","deg","20.000","°C","100.000","%a.s.","22.420","deg","20.000","°C","971.000","hPa","0.861","-0.02617","0.00035","0","0","13.56","Humid","56.77","1","57.00","370805.25","SABD0002000014","AAV2.0.0.13","3.0.1.1413","PSt7-10","180726-015","6/18/2019 6:14:49 AM","0000-00","0","no battery","V"
"06/28/2019","10:27:10","6","default","651713401","OXY_CH6","2.597","min","143.155","μmol/L","Humid","23.676","deg","199870","µV","30.754","°C","1015.000","hPa","36.5","pmil","0","55.720","deg","20.000","°C","100.000","%a.s.","22.420","deg","20.000","°C","971.000","hPa","0.861","-0.02617","0.00035","0","0","13.56","Humid","56.77","1","57.00","370804.46","SABD0002000014","AAV2.0.0.13","3.0.1.1413","PSt7-10","180726-015","6/18/2019 6:14:49 AM","0000-00","0","no battery","V"
"06/28/2019","10:27:11","6","default","651713401","OXY_CH6","2.613","min","143.159","μmol/L","Humid","23.678","deg","199869","µV","30.748","°C","1015.000","hPa","36.5","pmil","0","55.720","deg","20.000","°C","100.000","%a.s.","22.420","deg","20.000","°C","971.000","hPa","0.861","-0.02617","0.00035","0","0","13.56","Humid","56.77","1","57.00","370813.63","SABD0002000014","AAV2.0.0.13","3.0.1.1413","PSt7-10","180726-015","6/18/2019 6:14:49 AM","0000-00","0","no battery","V"
"06/28/2019","10:27:12","6","default","651713401","OXY_CH6","2.630","min","143.107","μmol/L","Humid","23.680","deg","199892","µV","30.754","°C","1015.000","hPa","36.5","pmil","0","55.720","deg","20.000","°C","100.000","%a.s.","22.420","deg","20.000","°C","971.000","hPa","0.861","-0.02617","0.00035","0","0","13.56","Humid","56.77","1","57.00","370809.83","SABD0002000014","AAV2.0.0.13","3.0.1.1413","PSt7-10","180726-015","6/18/2019 6:14:49 AM","0000-00","0","no battery","V"
"06/28/2019","10:27:13","6","default","651713401","OXY_CH6","2.646","min","143.083","μmol/L","Humid","23.682","deg","199895","µV","30.754","°C","1015.000","hPa","36.5","pmil","0","55.720","deg","20.000","°C","100.000","%a.s.","22.420","deg","20.000","°C","971.000","hPa","0.861","-0.02617","0.00035","0","0","13.56","Humid","56.77","1","57.00","370795.97","SABD0002000014","AAV2.0.0.13","3.0.1.1413","PSt7-10","180726-015","6/18/2019 6:14:49 AM","0000-00","0","no battery","V"
"06/28/2019","10:27:14","6","default","651713401","OXY_CH6","2.663","min","143.083","μmol/L","Humid","23.682","deg","199920","µV","30.754","°C","1015.000","hPa","36.5","pmil","0","55.720","deg","20.000","°C","100.000","%a.s.","22.420","deg","20.000","°C","971.000","hPa","0.861","-0.02617","0.00035","0","0","13.56","Humid","56.77","1","57.00","370809.04","SABD0002000014","AAV2.0.0.13","3.0.1.1413","PSt7-10","180726-015","6/18/2019 6:14:49 AM","0000-00","0","no battery","V"
"06/28/2019","10:27:15","6","default","651713401","OXY_CH6","2.680","min","143.107","μmol/L","Humid","23.680","deg","199937","µV","30.754","°C","1015.000","hPa","36.5","pmil","0","55.720","deg","20.000","°C","100.000","%a.s.","22.420","deg","20.000","°C","971.000","hPa","0.861","-0.02617","0.00035","0","0","13.56","Humid","56.77","1","57.00","370807.75","SABD0002000014","AAV2.0.0.13","3.0.1.1413","PSt7-10","180726-015","6/18/2019 6:14:49 AM","0000-00","0","no battery","V"
"06/28/2019","10:27:16","6","default","651713401","OXY_CH6","2.696","min","143.007","μmol/L","Humid","23.686","deg","199942","µV","30.760","°C","1015.000","hPa","36.5","pmil","0","55.720","deg","20.000","°C","100.000","%a.s.","22.420","deg","20.000","°C","971.000","hPa","0.861","-0.02617","0.00035","0","0","13.56","Humid","56.77","1","57.00","370796.83","SABD0002000014","AAV2.0.0.13","3.0.1.1413","PSt7-10","180726-015","6/18/2019 6:14:49 AM","0000-00","0","no battery","V"
"06/28/2019","10:27:17","6","default","651713401","OXY_CH6","2.713","min","143.035","μmol/L","Humid","23.686","deg","199962","µV","30.754","°C","1015.000","hPa","36.5","pmil","0","55.720","deg","20.000","°C","100.000","%a.s.","22.420","deg","20.000","°C","971.000","hPa","0.861","-0.02617","0.00035","0","0","13.56","Humid","56.77","1","57.00","370802.79","SABD0002000014","AAV2.0.0.13","3.0.1.1413","PSt7-10","180726-015","6/18/2019 6:14:49 AM","0000-00","0","no battery","V"
"06/28/2019","10:27:18","6","default","651713401","OXY_CH6","2.730","min","143.011","μmol/L","Humid","23.688","deg","199977","µV","30.754","°C","1015.000","hPa","36.5","pmil","0","55.720","deg","20.000","°C","100.000","%a.s.","22.420","deg","20.000","°C","971.000","hPa","0.861","-0.02617","0.00035","0","0","13.56","Humid","56.77","1","57.00","370804.94","SABD0002000014","AAV2.0.0.13","3.0.1.1413","PSt7-10","180726-015","6/18/2019 6:14:49 AM","0000-00","0","no battery","V"
"06/28/2019","10:27:19","6","default","651713401","OXY_CH6","2.746","min","142.983","μmol/L","Humid","23.688","deg","199981","µV","30.760","°C","1015.000","hPa","36.5","pmil","0","55.720","deg","20.000","°C","100.000","%a.s.","22.420","deg","20.000","°C","971.000","hPa","0.861","-0.02617","0.00035","0","0","13.56","Humid","56.77","1","57.00","370798.29","SABD0002000014","AAV2.0.0.13","3.0.1.1413","PSt7-10","180726-015","6/18/2019 6:14:49 AM","0000-00","0","no battery","V"
"06/28/2019","10:27:20","6","default","651713401","OXY_CH6","2.763","min","142.975","μmol/L","Humid","23.691","deg","199998","µV","30.754","°C","1015.000","hPa","36.5","pmil","0","55.720","deg","20.000","°C","100.000","%a.s.","22.420","deg","20.000","°C","971.000","hPa","0.861","-0.02617","0.00035","0","0","13.56","Humid","56.77","1","57.00","370803.19","SABD0002000014","AAV2.0.0.13","3.0.1.1413","PSt7-10","180726-015","6/18/2019 6:14:49 AM","0000-00","0","no battery","V"
"06/28/2019","10:27:21","6","default","651713401","OXY_CH6","2.779","min","142.935","μmol/L","Humid","23.692","deg","200006","µV","30.760","°C","1015.000","hPa","36.5","pmil","0","55.720","deg","20.000","°C","100.000","%a.s.","22.420","deg","20.000","°C","971.000","hPa","0.861","-0.02617","0.00035","0","0","13.56","Humid","56.77","1","57.00","370792.51","SABD0002000014","AAV2.0.0.13","3.0.1.1413","PSt7-10","180726-015","6/18/2019 6:14:49 AM","0000-00","0","no battery","V"
"06/28/2019","10:27:22","6","default","651713401","OXY_CH6","2.796","min","142.987","μmol/L","Humid","23.690","deg","200028","µV","30.754","°C","1015.000","hPa","36.5","pmil","0","55.720","deg","20.000","°C","100.000","%a.s.","22.420","deg","20.000","°C","971.000","hPa","0.861","-0.02617","0.00035","0","0","13.56","Humid","56.77","1","57.00","370798.85","SABD0002000014","AAV2.0.0.13","3.0.1.1413","PSt7-10","180726-015","6/18/2019 6:14:49 AM","0000-00","0","no battery","V"
"06/28/2019","10:27:23","6","default","651713401","OXY_CH6","2.812","min","142.911","μmol/L","Humid","23.694","deg","200030","µV","30.760","°C","1015.000","hPa","36.5","pmil","0","55.720","deg","20.000","°C","100.000","%a.s.","22.420","deg","20.000","°C","971.000","hPa","0.861","-0.02617","0.00035","0","0","13.56","Humid","56.77","1","57.00","370787.35","SABD0002000014","AAV2.0.0.13","3.0.1.1413","PSt7-10","180726-015","6/18/2019 6:14:49 AM","0000-00","0","no battery","V"
"06/28/2019","10:27:24","6","default","651713401","OXY_CH6","2.829","min","142.892","μmol/L","Humid","23.698","deg","200044","µV","30.754","°C","1015.000","hPa","36.5","pmil","0","55.720","deg","20.000","°C","100.000","%a.s.","22.420","deg","20.000","°C","971.000","hPa","0.861","-0.02617","0.00035","0","0","13.56","Humid","56.77","1","57.00","370793.64","SABD0002000014","AAV2.0.0.13","3.0.1.1413","PSt7-10","180726-015","6/18/2019 6:14:49 AM","0000-00","0","no battery","V"
"06/28/2019","10:27:25","6","default","651713401","OXY_CH6","2.846","min","142.892","μmol/L","Humid","23.698","deg","200056","µV","30.754","°C","1015.000","hPa","36.5","pmil","0","55.720","deg","20.000","°C","100.000","%a.s.","22.420","deg","20.000","°C","971.000","hPa","0.861","-0.02617","0.00035","0","0","13.56","Humid","56.77","1","57.00","370796.42","SABD0002000014","AAV2.0.0.13","3.0.1.1413","PSt7-10","180726-015","6/18/2019 6:14:49 AM","0000-00","0","no battery","V"
"06/28/2019","10:27:26","6","default","651713401","OXY_CH6","2.863","min","142.875","μmol/L","Humid","23.697","deg","200060","µV","30.760","°C","1015.000","hPa","36.5","pmil","0","55.720","deg","20.000","°C","100.000","%a.s.","22.420","deg","20.000","°C","971.000","hPa","0.861","-0.02617","0.00035","0","0","13.56","Humid","56.77","1","57.00","370788.12","SABD0002000014","AAV2.0.0.13","3.0.1.1413","PSt7-10","180726-015","6/18/2019 6:14:49 AM","0000-00","0","no battery","V"
"06/28/2019","10:27:27","6","default","651713401","OXY_CH6","2.879","min","142.852","μmol/L","Humid","23.699","deg","200077","µV","30.760","°C","1015.000","hPa","36.5","pmil","0","55.720","deg","20.000","°C","100.000","%a.s.","22.420","deg","20.000","°C","971.000","hPa","0.861","-0.02617","0.00035","0","0","13.56","Humid","56.77","1","57.00","370791.45","SABD0002000014","AAV2.0.0.13","3.0.1.1413","PSt7-10","180726-015","6/18/2019 6:14:49 AM","0000-00","0","no battery","V"
"06/28/2019","10:27:28","6","default","651713401","OXY_CH6","2.896","min","142.816","μmol/L","Humid","23.702","deg","200089","µV","30.760","°C","1015.000","hPa","36.5","pmil","0","55.720","deg","20.000","°C","100.000","%a.s.","22.420","deg","20.000","°C","971.000","hPa","0.861","-0.02617","0.00035","0","0","13.56","Humid","56.77","1","57.00","370793.23","SABD0002000014","AAV2.0.0.13","3.0.1.1413","PSt7-10","180726-015","6/18/2019 6:14:49 AM","0000-00","0","no battery","V"
"06/28/2019","10:27:29","6","default","651713401","OXY_CH6","2.912","min","142.816","μmol/L","Humid","23.702","deg","200094","µV","30.760","°C","1015.000","hPa","36.5","pmil","0","55.720","deg","20.000","°C","100.000","%a.s.","22.420","deg","20.000","°C","971.000","hPa","0.861","-0.02617","0.00035","0","0","13.56","Humid","56.77","1","57.00","370778.31","SABD0002000014","AAV2.0.0.13","3.0.1.1413","PSt7-10","180726-015","6/18/2019 6:14:49 AM","0000-00","0","no battery","V"
"06/28/2019","10:27:30","6","default","651713401","OXY_CH6","2.929","min","142.808","μmol/L","Humid","23.705","deg","200103","µV","30.754","°C","1015.000","hPa","36.5","pmil","0","55.720","deg","20.000","°C","100.000","%a.s.","22.420","deg","20.000","°C","971.000","hPa","0.861","-0.02617","0.00035","0","0","13.56","Humid","56.77","1","57.00","370771.99","SABD0002000014","AAV2.0.0.13","3.0.1.1413","PSt7-10","180726-015","6/18/2019 6:14:49 AM","0000-00","0","no battery","V"
"06/28/2019","10:27:31","6","default","651713401","OXY_CH6","2.946","min","142.768","μmol/L","Humid","23.706","deg","200104","µV","30.760","°C","1015.000","hPa","36.5","pmil","0","55.720","deg","20.000","°C","100.000","%a.s.","22.420","deg","20.000","°C","971.000","hPa","0.861","-0.02617","0.00035","0","0","13.56","Humid","56.77","1","57.00","370768.22","SABD0002000014","AAV2.0.0.13","3.0.1.1413","PSt7-10","180726-015","6/18/2019 6:14:49 AM","0000-00","0","no battery","V"
"06/28/2019","10:27:32","6","default","651713401","OXY_CH6","2.962","min","142.704","μmol/L","Humid","23.709","deg","200115","µV","30.766","°C","1015.000","hPa","36.5","pmil","0","55.720","deg","20.000","°C","100.000","%a.s.","22.420","deg","20.000","°C","971.000","hPa","0.861","-0.02617","0.00035","0","0","13.56","Humid","56.77","1","57.00","370757.51","SABD0002000014","AAV2.0.0.13","3.0.1.1413","PSt7-10","180726-015","6/18/2019 6:14:49 AM","0000-00","0","no battery","V"
"06/28/2019","10:27:33","6","default","651713401","OXY_CH6","2.979","min","142.720","μmol/L","Humid","23.710","deg","200139","µV","30.760","°C","1015.000","hPa","36.5","pmil","0","55.720","deg","20.000","°C","100.000","%a.s.","22.420","deg","20.000","°C","971.000","hPa","0.861","-0.02617","0.00035","0","0","13.56","Humid","56.77","1","57.00","370756.06","SABD0002000014","AAV2.0.0.13","3.0.1.1413","PSt7-10","180726-015","6/18/2019 6:14:49 AM","0000-00","0","no battery","V"
"06/28/2019","10:27:34","6","default","651713401","OXY_CH6","2.996","min","142.761","μmol/L","Humid","23.709","deg","200159","µV","30.754","°C","1015.000","hPa","36.5","pmil","0","55.720","deg","20.000","°C","100.000","%a.s.","22.420","deg","20.000","°C","971.000","hPa","0.861","-0.02617","0.00035","0","0","13.56","Humid","56.77","1","57.00","370769.20","SABD0002000014","AAV2.0.0.13","3.0.1.1413","PSt7-10","180726-015","6/18/2019 6:14:49 AM","0000-00","0","no battery","V"
"06/28/2019","10:27:35","6","default","651713401","OXY_CH6","3.012","min","142.668","μmol/L","Humid","23.712","deg","200163","µV","30.766","°C","1015.000","hPa","36.5","pmil","0","55.720","deg","20.000","°C","100.000","%a.s.","22.420","deg","20.000","°C","971.000","hPa","0.861","-0.02617","0.00035","0","0","13.56","Humid","56.77","1","57.00","370754.19","SABD0002000014","AAV2.0.0.13","3.0.1.1413","PSt7-10","180726-015","6/18/2019 6:14:49 AM","0000-00","0","no battery","V"
"06/28/2019","10:27:36","6","default","651713401","OXY_CH6","3.029","min","142.685","μmol/L","Humid","23.713","deg","200172","µV","30.760","°C","1015.000","hPa","36.5","pmil","0","55.720","deg","20.000","°C","100.000","%a.s.","22.420","deg","20.000","°C","971.000","hPa","0.861","-0.02617","0.00035","0","0","13.56","Humid","56.77","1","57.00","370762.29","SABD0002000014","AAV2.0.0.13","3.0.1.1413","PSt7-10","180726-015","6/18/2019 6:14:49 AM","0000-00","0","no battery","V"
"06/28/2019","10:27:37","6","default","651713401","OXY_CH6","3.046","min","142.632","μmol/L","Humid","23.715","deg","200186","µV","30.766","°C","1015.000","hPa","36.5","pmil","0","55.720","deg","20.000","°C","100.000","%a.s.","22.420","deg","20.000","°C","971.000","hPa","0.861","-0.02617","0.00035","0","0","13.56","Humid","56.77","1","57.00","370737.48","SABD0002000014","AAV2.0.0.13","3.0.1.1413","PSt7-10","180726-015","6/18/2019 6:14:49 AM","0000-00","0","no battery","V"
"06/28/2019","10:27:38","6","default","651713401","OXY_CH6","3.063","min","142.597","μmol/L","Humid","23.718","deg","200206","µV","30.766","°C","1015.000","hPa","36.5","pmil","0","55.720","deg","20.000","°C","100.000","%a.s.","22.420","deg","20.000","°C","971.000","hPa","0.861","-0.02617","0.00035","0","0","13.56","Humid","56.77","1","57.00","370748.74","SABD0002000014","AAV2.0.0.13","3.0.1.1413","PSt7-10","180726-015","6/18/2019 6:14:49 AM","0000-00","0","no battery","V"
"06/28/2019","10:27:39","6","default","651713401","OXY_CH6","3.080","min","142.613","μmol/L","Humid","23.719","deg","200219","µV","30.760","°C","1015.000","hPa","36.5","pmil","0","55.720","deg","20.000","°C","100.000","%a.s.","22.420","deg","20.000","°C","971.000","hPa","0.861","-0.02617","0.00035","0","0","13.56","Humid","56.77","1","57.00","370750.33","SABD0002000014","AAV2.0.0.13","3.0.1.1413","PSt7-10","180726-015","6/18/2019 6:14:49 AM","0000-00","0","no battery","V"
"06/28/2019","10:27:40","6","default","651713401","OXY_CH6","3.097","min","142.589","μmol/L","Humid","23.721","deg","200229","µV","30.760","°C","1015.000","hPa","36.5","pmil","0","55.720","deg","20.000","°C","100.000","%a.s.","22.420","deg","20.000","°C","971.000","hPa","0.861","-0.02617","0.00035","0","0","13.56","Humid","56.77","1","57.00","370748.79","SABD0002000014","AAV2.0.0.13","3.0.1.1413","PSt7-10","180726-015","6/18/2019 6:14:49 AM","0000-00","0","no battery","V"
"06/28/2019","10:27:41","6","default","651713401","OXY_CH6","3.113","min","142.561","μmol/L","Humid","23.721","deg","200237","µV","30.766","°C","1015.000","hPa","36.5","pmil","0","55.720","deg","20.000","°C","100.000","%a.s.","22.420","deg","20.000","°C","971.000","hPa","0.861","-0.02617","0.00035","0","0","13.56","Humid","56.77","1","57.00","370746.20","SABD0002000014","AAV2.0.0.13","3.0.1.1413","PSt7-10","180726-015","6/18/2019 6:14:49 AM","0000-00","0","no battery","V"
"06/28/2019","10:27:42","6","default","651713401","OXY_CH6","3.130","min","142.549","μmol/L","Humid","23.722","deg","200256","µV","30.766","°C","1015.000","hPa","36.5","pmil","0","55.720","deg","20.000","°C","100.000","%a.s.","22.420","deg","20.000","°C","971.000","hPa","0.861","-0.02617","0.00035","0","0","13.56","Humid","56.77","1","57.00","370738.77","SABD0002000014","AAV2.0.0.13","3.0.1.1413","PSt7-10","180726-015","6/18/2019 6:14:49 AM","0000-00","0","no battery","V"
"06/28/2019","10:27:43","6","default","651713401","OXY_CH6","3.146","min","142.537","μmol/L","Humid","23.723","deg","200268","µV","30.766","°C","1015.000","hPa","36.5","pmil","0","55.720","deg","20.000","°C","100.000","%a.s.","22.420","deg","20.000","°C","971.000","hPa","0.861","-0.02617","0.00035","0","0","13.56","Humid","56.77","1","57.00","370729.71","SABD0002000014","AAV2.0.0.13","3.0.1.1413","PSt7-10","180726-015","6/18/2019 6:14:49 AM","0000-00","0","no battery","V"
"06/28/2019","10:27:44","6","default","651713401","OXY_CH6","3.163","min","142.502","μmol/L","Humid","23.726","deg","200290","µV","30.766","°C","1015.000","hPa","36.5","pmil","0","55.720","deg","20.000","°C","100.000","%a.s.","22.420","deg","20.000","°C","971.000","hPa","0.861","-0.02617","0.00035","0","0","13.56","Humid","56.77","1","57.00","370733.03","SABD0002000014","AAV2.0.0.13","3.0.1.1413","PSt7-10","180726-015","6/18/2019 6:14:49 AM","0000-00","0","no battery","V"
"06/28/2019","10:27:45","6","default","651713401","OXY_CH6","3.179","min","142.473","μmol/L","Humid","23.726","deg","200293","µV","30.773","°C","1015.000","hPa","36.5","pmil","0","55.720","deg","20.000","°C","100.000","%a.s.","22.420","deg","20.000","°C","971.000","hPa","0.861","-0.02617","0.00035","0","0","13.56","Humid","56.77","1","57.00","370725.45","SABD0002000014","AAV2.0.0.13","3.0.1.1413","PSt7-10","180726-015","6/18/2019 6:14:49 AM","0000-00","0","no battery","V"
"06/28/2019","10:27:46","6","default","651713401","OXY_CH6","3.196","min","142.478","μmol/L","Humid","23.728","deg","200308","µV","30.766","°C","1015.000","hPa","36.5","pmil","0","55.720","deg","20.000","°C","100.000","%a.s.","22.420","deg","20.000","°C","971.000","hPa","0.861","-0.02617","0.00035","0","0","13.56","Humid","56.77","1","57.00","370729.60","SABD0002000014","AAV2.0.0.13","3.0.1.1413","PSt7-10","180726-015","6/18/2019 6:14:49 AM","0000-00","0","no battery","V"
"06/28/2019","10:27:47","6","default","651713401","OXY_CH6","3.213","min","142.494","μmol/L","Humid","23.729","deg","200316","µV","30.760","°C","1015.000","hPa","36.5","pmil","0","55.720","deg","20.000","°C","100.000","%a.s.","22.420","deg","20.000","°C","971.000","hPa","0.861","-0.02617","0.00035","0","0","13.56","Humid","56.77","1","57.00","370732.89","SABD0002000014","AAV2.0.0.13","3.0.1.1413","PSt7-10","180726-015","6/18/2019 6:14:49 AM","0000-00","0","no battery","V"
"06/28/2019","10:27:48","6","default","651713401","OXY_CH6","3.230","min","142.454","μmol/L","Humid","23.730","deg","200328","µV","30.766","°C","1015.000","hPa","36.5","pmil","0","55.720","deg","20.000","°C","100.000","%a.s.","22.420","deg","20.000","°C","971.000","hPa","0.861","-0.02617","0.00035","0","0","13.56","Humid","56.77","1","57.00","370727.67","SABD0002000014","AAV2.0.0.13","3.0.1.1413","PSt7-10","180726-015","6/18/2019 6:14:49 AM","0000-00","0","no battery","V"
"06/28/2019","10:27:49","6","default","651713401","OXY_CH6","3.246","min","142.442","μmol/L","Humid","23.731","deg","200333","µV","30.766","°C","1015.000","hPa","36.5","pmil","0","55.720","deg","20.000","°C","100.000","%a.s.","22.420","deg","20.000","°C","971.000","hPa","0.861","-0.02617","0.00035","0","0","13.56","Humid","56.77","1","57.00","370727.25","SABD0002000014","AAV2.0.0.13","3.0.1.1413","PSt7-10","180726-015","6/18/2019 6:14:49 AM","0000-00","0","no battery","V"
"06/28/2019","10:27:50","6","default","651713401","OXY_CH6","3.263","min","142.414","μmol/L","Humid","23.731","deg","200350","µV","30.773","°C","1015.000","hPa","36.5","pmil","0","55.720","deg","20.000","°C","100.000","%a.s.","22.420","deg","20.000","°C","971.000","hPa","0.861","-0.02617","0.00035","0","0","13.56","Humid","56.77","1","57.00","370726.60","SABD0002000014","AAV2.0.0.13","3.0.1.1413","PSt7-10","180726-015","6/18/2019 6:14:49 AM","0000-00","0","no battery","V"
"06/28/2019","10:27:51","6","default","651713401","OXY_CH6","3.280","min","142.390","μmol/L","Humid","23.733","deg","200368","µV","30.773","°C","1015.000","hPa","36.5","pmil","0","55.720","deg","20.000","°C","100.000","%a.s.","22.420","deg","20.000","°C","971.000","hPa","0.861","-0.02617","0.00035","0","0","13.56","Humid","56.77","1","57.00","370725.09","SABD0002000014","AAV2.0.0.13","3.0.1.1413","PSt7-10","180726-015","6/18/2019 6:14:49 AM","0000-00","0","no battery","V"
"06/28/2019","10:27:52","6","default","651713401","OXY_CH6","3.296","min","142.395","μmol/L","Humid","23.735","deg","200373","µV","30.766","°C","1015.000","hPa","36.5","pmil","0","55.720","deg","20.000","°C","100.000","%a.s.","22.420","deg","20.000","°C","971.000","hPa","0.861","-0.02617","0.00035","0","0","13.56","Humid","56.77","1","57.00","370707.08","SABD0002000014","AAV2.0.0.13","3.0.1.1413","PSt7-10","180726-015","6/18/2019 6:14:49 AM","0000-00","0","no battery","V"
"06/28/2019","10:27:53","6","default","651713401","OXY_CH6","3.313","min","142.371","μmol/L","Humid","23.737","deg","200398","µV","30.766","°C","1015.000","hPa","36.5","pmil","0","55.720","deg","20.000","°C","100.000","%a.s.","22.420","deg","20.000","°C","971.000","hPa","0.861","-0.02617","0.00035","0","0","13.56","Humid","56.77","1","57.00","370706.23","SABD0002000014","AAV2.0.0.13","3.0.1.1413","PSt7-10","180726-015","6/18/2019 6:14:49 AM","0000-00","0","no battery","V"
"06/28/2019","10:27:54","6","default","651713401","OXY_CH6","3.330","min","142.335","μmol/L","Humid","23.740","deg","200414","µV","30.766","°C","1015.000","hPa","36.5","pmil","0","55.720","deg","20.000","°C","100.000","%a.s.","22.420","deg","20.000","°C","971.000","hPa","0.861","-0.02617","0.00035","0","0","13.56","Humid","56.77","1","57.00","370719.08","SABD0002000014","AAV2.0.0.13","3.0.1.1413","PSt7-10","180726-015","6/18/2019 6:14:49 AM","0000-00","0","no battery","V"
"06/28/2019","10:27:55","6","default","651713401","OXY_CH6","3.346","min","142.283","μmol/L","Humid","23.742","deg","200424","µV","30.773","°C","1015.000","hPa","36.5","pmil","0","55.720","deg","20.000","°C","100.000","%a.s.","22.420","deg","20.000","°C","971.000","hPa","0.861","-0.02617","0.00035","0","0","13.56","Humid","56.77","1","57.00","370716.34","SABD0002000014","AAV2.0.0.13","3.0.1.1413","PSt7-10","180726-015","6/18/2019 6:14:49 AM","0000-00","0","no battery","V"
"06/28/2019","10:27:56","6","default","651713401","OXY_CH6","3.363","min","142.243","μmol/L","Humid","23.743","deg","200443","µV","30.779","°C","1015.000","hPa","36.5","pmil","0","55.720","deg","20.000","°C","100.000","%a.s.","22.420","deg","20.000","°C","971.000","hPa","0.861","-0.02617","0.00035","0","0","13.56","Humid","56.77","1","57.00","370706.91","SABD0002000014","AAV2.0.0.13","3.0.1.1413","PSt7-10","180726-015","6/18/2019 6:14:49 AM","0000-00","0","no battery","V"
"06/28/2019","10:27:57","6","default","651713401","OXY_CH6","3.379","min","142.259","μmol/L","Humid","23.744","deg","200450","µV","30.773","°C","1015.000","hPa","36.5","pmil","0","55.720","deg","20.000","°C","100.000","%a.s.","22.420","deg","20.000","°C","971.000","hPa","0.861","-0.02617","0.00035","0","0","13.56","Humid","56.77","1","57.00","370702.80","SABD0002000014","AAV2.0.0.13","3.0.1.1413","PSt7-10","180726-015","6/18/2019 6:14:49 AM","0000-00","0","no battery","V"
"06/28/2019","10:27:58","6","default","651713401","OXY_CH6","3.396","min","142.276","μmol/L","Humid","23.745","deg","200454","µV","30.766","°C","1015.000","hPa","36.5","pmil","0","55.720","deg","20.000","°C","100.000","%a.s.","22.420","deg","20.000","°C","971.000","hPa","0.861","-0.02617","0.00035","0","0","13.56","Humid","56.77","1","57.00","370709.53","SABD0002000014","AAV2.0.0.13","3.0.1.1413","PSt7-10","180726-015","6/18/2019 6:14:49 AM","0000-00","0","no battery","V"
"06/28/2019","10:27:59","6","default","651713401","OXY_CH6","3.413","min","142.257","μmol/L","Humid","23.749","deg","200477","µV","30.760","°C","1015.000","hPa","36.5","pmil","0","55.720","deg","20.000","°C","100.000","%a.s.","22.420","deg","20.000","°C","971.000","hPa","0.861","-0.02617","0.00035","0","0","13.56","Humid","56.77","1","57.00","370709.43","SABD0002000014","AAV2.0.0.13","3.0.1.1413","PSt7-10","180726-015","6/18/2019 6:14:49 AM","0000-00","0","no battery","V"
"06/28/2019","10:28:00","6","default","651713401","OXY_CH6","3.429","min","142.228","μmol/L","Humid","23.749","deg","200486","µV","30.766","°C","1015.000","hPa","36.5","pmil","0","55.720","deg","20.000","°C","100.000","%a.s.","22.420","deg","20.000","°C","971.000","hPa","0.861","-0.02617","0.00035","0","0","13.56","Humid","56.77","1","57.00","370715.56","SABD0002000014","AAV2.0.0.13","3.0.1.1413","PSt7-10","180726-015","6/18/2019 6:14:49 AM","0000-00","0","no battery","V"
"06/28/2019","10:28:01","6","default","651713401","OXY_CH6","3.446","min","142.188","μmol/L","Humid","23.750","deg","200488","µV","30.773","°C","1015.000","hPa","36.5","pmil","0","55.720","deg","20.000","°C","100.000","%a.s.","22.420","deg","20.000","°C","971.000","hPa","0.861","-0.02617","0.00035","0","0","13.56","Humid","56.77","1","57.00","370704.59","SABD0002000014","AAV2.0.0.13","3.0.1.1413","PSt7-10","180726-015","6/18/2019 6:14:49 AM","0000-00","0","no battery","V"
"06/28/2019","10:28:02","6","default","651713401","OXY_CH6","3.463","min","142.209","μmol/L","Humid","23.753","deg","200503","µV","30.760","°C","1015.000","hPa","36.5","pmil","0","55.720","deg","20.000","°C","100.000","%a.s.","22.420","deg","20.000","°C","971.000","hPa","0.861","-0.02617","0.00035","0","0","13.56","Humid","56.77","1","57.00","370694.43","SABD0002000014","AAV2.0.0.13","3.0.1.1413","PSt7-10","180726-015","6/18/2019 6:14:49 AM","0000-00","0","no battery","V"
"06/28/2019","10:28:03","6","default","651713401","OXY_CH6","3.479","min","142.181","μmol/L","Humid","23.753","deg","200516","µV","30.766","°C","1015.000","hPa","36.5","pmil","0","55.720","deg","20.000","°C","100.000","%a.s.","22.420","deg","20.000","°C","971.000","hPa","0.861","-0.02617","0.00035","0","0","13.56","Humid","56.77","1","57.00","370699.18","SABD0002000014","AAV2.0.0.13","3.0.1.1413","PSt7-10","180726-015","6/18/2019 6:14:49 AM","0000-00","0","no battery","V"
"06/28/2019","10:28:04","6","default","651713401","OXY_CH6","3.496","min","142.129","μmol/L","Humid","23.755","deg","200529","µV","30.773","°C","1015.000","hPa","36.5","pmil","0","55.720","deg","20.000","°C","100.000","%a.s.","22.420","deg","20.000","°C","971.000","hPa","0.861","-0.02617","0.00035","0","0","13.56","Humid","56.77","1","57.00","370686.14","SABD0002000014","AAV2.0.0.13","3.0.1.1413","PSt7-10","180726-015","6/18/2019 6:14:49 AM","0000-00","0","no battery","V"
"06/28/2019","10:28:05","6","default","651713401","OXY_CH6","3.512","min","142.117","μmol/L","Humid","23.756","deg","200540","µV","30.773","°C","1015.000","hPa","36.5","pmil","0","55.720","deg","20.000","°C","100.000","%a.s.","22.420","deg","20.000","°C","971.000","hPa","0.861","-0.02617","0.00035","0","0","13.56","Humid","56.77","1","57.00","370688.31","SABD0002000014","AAV2.0.0.13","3.0.1.1413","PSt7-10","180726-015","6/18/2019 6:14:49 AM","0000-00","0","no battery","V"
"06/28/2019","10:28:06","6","default","651713401","OXY_CH6","3.529","min","142.117","μmol/L","Humid","23.756","deg","200557","µV","30.773","°C","1015.000","hPa","36.5","pmil","0","55.720","deg","20.000","°C","100.000","%a.s.","22.420","deg","20.000","°C","971.000","hPa","0.861","-0.02617","0.00035","0","0","13.56","Humid","56.77","1","57.00","370699.66","SABD0002000014","AAV2.0.0.13","3.0.1.1413","PSt7-10","180726-015","6/18/2019 6:14:49 AM","0000-00","0","no battery","V"
"06/28/2019","10:28:07","6","default","651713401","OXY_CH6","3.546","min","142.093","μmol/L","Humid","23.758","deg","200568","µV","30.773","°C","1015.000","hPa","36.5","pmil","0","55.720","deg","20.000","°C","100.000","%a.s.","22.420","deg","20.000","°C","971.000","hPa","0.861","-0.02617","0.00035","0","0","13.56","Humid","56.77","1","57.00","370692.32","SABD0002000014","AAV2.0.0.13","3.0.1.1413","PSt7-10","180726-015","6/18/2019 6:14:49 AM","0000-00","0","no battery","V"
"06/28/2019","10:28:08","6","default","651713401","OXY_CH6","3.563","min","142.070","μmol/L","Humid","23.760","deg","200590","µV","30.773","°C","1015.000","hPa","36.5","pmil","0","55.720","deg","20.000","°C","100.000","%a.s.","22.420","deg","20.000","°C","971.000","hPa","0.861","-0.02617","0.00035","0","0","13.56","Humid","56.77","1","57.00","370699.06","SABD0002000014","AAV2.0.0.13","3.0.1.1413","PSt7-10","180726-015","6/18/2019 6:14:49 AM","0000-00","0","no battery","V"
"06/28/2019","10:28:09","6","default","651713401","OXY_CH6","3.579","min","142.030","μmol/L","Humid","23.761","deg","200590","µV","30.779","°C","1015.000","hPa","36.5","pmil","0","55.720","deg","20.000","°C","100.000","%a.s.","22.420","deg","20.000","°C","971.000","hPa","0.861","-0.02617","0.00035","0","0","13.56","Humid","56.77","1","57.00","370686.41","SABD0002000014","AAV2.0.0.13","3.0.1.1413","PSt7-10","180726-015","6/18/2019 6:14:49 AM","0000-00","0","no battery","V"
"06/28/2019","10:28:10","6","default","651713401","OXY_CH6","3.596","min","142.034","μmol/L","Humid","23.763","deg","200618","µV","30.773","°C","1015.000","hPa","36.5","pmil","0","55.720","deg","20.000","°C","100.000","%a.s.","22.420","deg","20.000","°C","971.000","hPa","0.861","-0.02617","0.00035","0","0","13.56","Humid","56.77","1","57.00","370688.95","SABD0002000014","AAV2.0.0.13","3.0.1.1413","PSt7-10","180726-015","6/18/2019 6:14:49 AM","0000-00","0","no battery","V"
"06/28/2019","10:28:11","6","default","651713401","OXY_CH6","3.613","min","142.010","μmol/L","Humid","23.765","deg","200621","µV","30.773","°C","1015.000","hPa","36.5","pmil","0","55.720","deg","20.000","°C","100.000","%a.s.","22.420","deg","20.000","°C","971.000","hPa","0.861","-0.02617","0.00035","0","0","13.56","Humid","56.77","1","57.00","370682.20","SABD0002000014","AAV2.0.0.13","3.0.1.1413","PSt7-10","180726-015","6/18/2019 6:14:49 AM","0000-00","0","no battery","V"
"06/28/2019","10:28:12","6","default","651713401","OXY_CH6","3.630","min","141.975","μmol/L","Humid","23.768","deg","200639","µV","30.773","°C","1015.000","hPa","36.5","pmil","0","55.720","deg","20.000","°C","100.000","%a.s.","22.420","deg","20.000","°C","971.000","hPa","0.861","-0.02617","0.00035","0","0","13.56","Humid","56.77","1","57.00","370677.49","SABD0002000014","AAV2.0.0.13","3.0.1.1413","PSt7-10","180726-015","6/18/2019 6:14:49 AM","0000-00","0","no battery","V"
"06/28/2019","10:28:13","6","default","651713401","OXY_CH6","3.646","min","141.959","μmol/L","Humid","23.767","deg","200647","µV","30.779","°C","1015.000","hPa","36.5","pmil","0","55.720","deg","20.000","°C","100.000","%a.s.","22.420","deg","20.000","°C","971.000","hPa","0.861","-0.02617","0.00035","0","0","13.56","Humid","56.77","1","57.00","370676.92","SABD0002000014","AAV2.0.0.13","3.0.1.1413","PSt7-10","180726-015","6/18/2019 6:14:49 AM","0000-00","0","no battery","V"
"06/28/2019","10:28:14","6","default","651713401","OXY_CH6","3.663","min","141.935","μmol/L","Humid","23.769","deg","200665","µV","30.779","°C","1015.000","hPa","36.5","pmil","0","55.720","deg","20.000","°C","100.000","%a.s.","22.420","deg","20.000","°C","971.000","hPa","0.861","-0.02617","0.00035","0","0","13.56","Humid","56.77","1","57.00","370680.73","SABD0002000014","AAV2.0.0.13","3.0.1.1413","PSt7-10","180726-015","6/18/2019 6:14:49 AM","0000-00","0","no battery","V"
"06/28/2019","10:28:15","6","default","651713401","OXY_CH6","3.679","min","141.911","μmol/L","Humid","23.771","deg","200667","µV","30.779","°C","1015.000","hPa","36.5","pmil","0","55.720","deg","20.000","°C","100.000","%a.s.","22.420","deg","20.000","°C","971.000","hPa","0.861","-0.02617","0.00035","0","0","13.56","Humid","56.77","1","57.00","370672.03","SABD0002000014","AAV2.0.0.13","3.0.1.1413","PSt7-10","180726-015","6/18/2019 6:14:49 AM","0000-00","0","no battery","V"
"06/28/2019","10:28:16","6","default","651713401","OXY_CH6","3.696","min","141.923","μmol/L","Humid","23.770","deg","200680","µV","30.779","°C","1015.000","hPa","36.5","pmil","0","55.720","deg","20.000","°C","100.000","%a.s.","22.420","deg","20.000","°C","971.000","hPa","0.861","-0.02617","0.00035","0","0","13.56","Humid","56.77","1","57.00","370676.32","SABD0002000014","AAV2.0.0.13","3.0.1.1413","PSt7-10","180726-015","6/18/2019 6:14:49 AM","0000-00","0","no battery","V"
"06/28/2019","10:28:17","6","default","651713401","OXY_CH6","3.712","min","141.899","μmol/L","Humid","23.772","deg","200685","µV","30.779","°C","1015.000","hPa","36.5","pmil","0","55.720","deg","20.000","°C","100.000","%a.s.","22.420","deg","20.000","°C","971.000","hPa","0.861","-0.02617","0.00035","0","0","13.56","Humid","56.77","1","57.00","370673.87","SABD0002000014","AAV2.0.0.13","3.0.1.1413","PSt7-10","180726-015","6/18/2019 6:14:49 AM","0000-00","0","no battery","V"
"06/28/2019","10:28:18","6","default","651713401","OXY_CH6","3.730","min","141.916","μmol/L","Humid","23.773","deg","200700","µV","30.773","°C","1015.000","hPa","36.5","pmil","0","55.720","deg","20.000","°C","100.000","%a.s.","22.420","deg","20.000","°C","971.000","hPa","0.861","-0.02617","0.00035","0","0","13.56","Humid","56.77","1","57.00","370665.59","SABD0002000014","AAV2.0.0.13","3.0.1.1413","PSt7-10","180726-015","6/18/2019 6:14:49 AM","0000-00","0","no battery","V"
"06/28/2019","10:28:19","6","default","651713401","OXY_CH6","3.747","min","141.857","μmol/L","Humid","23.778","deg","200729","µV","30.773","°C","1015.000","hPa","36.5","pmil","0","55.720","deg","20.000","°C","100.000","%a.s.","22.420","deg","20.000","°C","971.000","hPa","0.861","-0.02617","0.00035","0","0","13.56","Humid","56.77","1","57.00","370672.90","SABD0002000014","AAV2.0.0.13","3.0.1.1413","PSt7-10","180726-015","6/18/2019 6:14:49 AM","0000-00","0","no battery","V"
"06/28/2019","10:28:20","6","default","651713401","OXY_CH6","3.763","min","141.833","μmol/L","Humid","23.780","deg","200731","µV","30.773","°C","1015.000","hPa","36.5","pmil","0","55.720","deg","20.000","°C","100.000","%a.s.","22.420","deg","20.000","°C","971.000","hPa","0.861","-0.02617","0.00035","0","0","13.56","Humid","56.77","1","57.00","370663.46","SABD0002000014","AAV2.0.0.13","3.0.1.1413","PSt7-10","180726-015","6/18/2019 6:14:49 AM","0000-00","0","no battery","V"
"06/28/2019","10:28:21","6","default","651713401","OXY_CH6","3.780","min","141.828","μmol/L","Humid","23.778","deg","200737","µV","30.779","°C","1015.000","hPa","36.5","pmil","0","55.720","deg","20.000","°C","100.000","%a.s.","22.420","deg","20.000","°C","971.000","hPa","0.861","-0.02617","0.00035","0","0","13.56","Humid","56.77","1","57.00","370658.72","SABD0002000014","AAV2.0.0.13","3.0.1.1413","PSt7-10","180726-015","6/18/2019 6:14:49 AM","0000-00","0","no battery","V"
"06/28/2019","10:28:22","6","default","651713401","OXY_CH6","3.797","min","141.797","μmol/L","Humid","23.783","deg","200757","µV","30.773","°C","1015.000","hPa","36.5","pmil","0","55.720","deg","20.000","°C","100.000","%a.s.","22.420","deg","20.000","°C","971.000","hPa","0.861","-0.02617","0.00035","0","0","13.56","Humid","56.77","1","57.00","370646.15","SABD0002000014","AAV2.0.0.13","3.0.1.1413","PSt7-10","180726-015","6/18/2019 6:14:49 AM","0000-00","0","no battery","V"
"06/28/2019","10:28:23","6","default","651713401","OXY_CH6","3.813","min","141.786","μmol/L","Humid","23.784","deg","200767","µV","30.773","°C","1015.000","hPa","36.5","pmil","0","55.720","deg","20.000","°C","100.000","%a.s.","22.420","deg","20.000","°C","971.000","hPa","0.861","-0.02617","0.00035","0","0","13.56","Humid","56.77","1","57.00","370658.66","SABD0002000014","AAV2.0.0.13","3.0.1.1413","PSt7-10","180726-015","6/18/2019 6:14:49 AM","0000-00","0","no battery","V"
"06/28/2019","10:28:24","6","default","651713401","OXY_CH6","3.830","min","141.746","μmol/L","Humid","23.785","deg","200776","µV","30.779","°C","1015.000","hPa","36.5","pmil","0","55.720","deg","20.000","°C","100.000","%a.s.","22.420","deg","20.000","°C","971.000","hPa","0.861","-0.02617","0.00035","0","0","13.56","Humid","56.77","1","57.00","370647.32","SABD0002000014","AAV2.0.0.13","3.0.1.1413","PSt7-10","180726-015","6/18/2019 6:14:49 AM","0000-00","0","no battery","V"
"06/28/2019","10:28:25","6","default","651713401","OXY_CH6","3.846","min","141.746","μmol/L","Humid","23.785","deg","200802","µV","30.779","°C","1015.000","hPa","36.5","pmil","0","55.720","deg","20.000","°C","100.000","%a.s.","22.420","deg","20.000","°C","971.000","hPa","0.861","-0.02617","0.00035","0","0","13.56","Humid","56.77","1","57.00","370653.80","SABD0002000014","AAV2.0.0.13","3.0.1.1413","PSt7-10","180726-015","6/18/2019 6:14:49 AM","0000-00","0","no battery","V"
"06/28/2019","10:28:26","6","default","651713401","OXY_CH6","3.863","min","141.734","μmol/L","Humid","23.786","deg","200799","µV","30.779","°C","1015.000","hPa","36.5","pmil","0","55.720","deg","20.000","°C","100.000","%a.s.","22.420","deg","20.000","°C","971.000","hPa","0.861","-0.02617","0.00035","0","0","13.56","Humid","56.77","1","57.00","370644.08","SABD0002000014","AAV2.0.0.13","3.0.1.1413","PSt7-10","180726-015","6/18/2019 6:14:49 AM","0000-00","0","no battery","V"
"06/28/2019","10:28:27","6","default","651713401","OXY_CH6","3.880","min","141.710","μmol/L","Humid","23.788","deg","200827","µV","30.779","°C","1015.000","hPa","36.5","pmil","0","55.720","deg","20.000","°C","100.000","%a.s.","22.420","deg","20.000","°C","971.000","hPa","0.861","-0.02617","0.00035","0","0","13.56","Humid","56.77","1","57.00","370636.10","SABD0002000014","AAV2.0.0.13","3.0.1.1413","PSt7-10","180726-015","6/18/2019 6:14:49 AM","0000-00","0","no battery","V"
"06/28/2019","10:28:28","6","default","651713401","OXY_CH6","3.896","min","141.658","μmol/L","Humid","23.790","deg","200827","µV","30.785","°C","1015.000","hPa","36.5","pmil","0","55.720","deg","20.000","°C","100.000","%a.s.","22.420","deg","20.000","°C","971.000","hPa","0.861","-0.02617","0.00035","0","0","13.56","Humid","56.77","1","57.00","370653.33","SABD0002000014","AAV2.0.0.13","3.0.1.1413","PSt7-10","180726-015","6/18/2019 6:14:49 AM","0000-00","0","no battery","V"
"06/28/2019","10:28:29","6","default","651713401","OXY_CH6","3.913","min","141.675","μmol/L","Humid","23.791","deg","200847","µV","30.779","°C","1015.000","hPa","36.5","pmil","0","55.720","deg","20.000","°C","100.000","%a.s.","22.420","deg","20.000","°C","971.000","hPa","0.861","-0.02617","0.00035","0","0","13.56","Humid","56.77","1","57.00","370650.79","SABD0002000014","AAV2.0.0.13","3.0.1.1413","PSt7-10","180726-015","6/18/2019 6:14:49 AM","0000-00","0","no battery","V"
"06/28/2019","10:28:30","6","default","651713401","OXY_CH6","3.929","min","141.639","μmol/L","Humid","23.794","deg","200870","µV","30.779","°C","1015.000","hPa","36.5","pmil","0","55.720","deg","20.000","°C","100.000","%a.s.","22.420","deg","20.000","°C","971.000","hPa","0.861","-0.02617","0.00035","0","0","13.56","Humid","56.77","1","57.00","370639.57","SABD0002000014","AAV2.0.0.13","3.0.1.1413","PSt7-10","180726-015","6/18/2019 6:14:49 AM","0000-00","0","no battery","V"
"06/28/2019","10:28:31","6","default","651713401","OXY_CH6","3.946","min","141.663","μmol/L","Humid","23.792","deg","200880","µV","30.779","°C","1015.000","hPa","36.5","pmil","0","55.720","deg","20.000","°C","100.000","%a.s.","22.420","deg","20.000","°C","971.000","hPa","0.861","-0.02617","0.00035","0","0","13.56","Humid","56.77","1","57.00","370647.50","SABD0002000014","AAV2.0.0.13","3.0.1.1413","PSt7-10","180726-015","6/18/2019 6:14:49 AM","0000-00","0","no battery","V"
"06/28/2019","10:28:32","6","default","651713401","OXY_CH6","3.963","min","141.576","μmol/L","Humid","23.797","deg","200894","µV","30.785","°C","1015.000","hPa","36.5","pmil","0","55.720","deg","20.000","°C","100.000","%a.s.","22.420","deg","20.000","°C","971.000","hPa","0.861","-0.02617","0.00035","0","0","13.56","Humid","56.77","1","57.00","370638.77","SABD0002000014","AAV2.0.0.13","3.0.1.1413","PSt7-10","180726-015","6/18/2019 6:14:49 AM","0000-00","0","no battery","V"
"06/28/2019","10:28:33","6","default","651713401","OXY_CH6","3.980","min","141.552","μmol/L","Humid","23.799","deg","200896","µV","30.785","°C","1015.000","hPa","36.5","pmil","0","55.720","deg","20.000","°C","100.000","%a.s.","22.420","deg","20.000","°C","971.000","hPa","0.861","-0.02617","0.00035","0","0","13.56","Humid","56.77","1","57.00","370624.36","SABD0002000014","AAV2.0.0.13","3.0.1.1413","PSt7-10","180726-015","6/18/2019 6:14:49 AM","0000-00","0","no battery","V"
"06/28/2019","10:28:34","6","default","651713401","OXY_CH6","3.996","min","141.568","μmol/L","Humid","23.800","deg","200906","µV","30.779","°C","1015.000","hPa","36.5","pmil","0","55.720","deg","20.000","°C","100.000","%a.s.","22.420","deg","20.000","°C","971.000","hPa","0.861","-0.02617","0.00035","0","0","13.56","Humid","56.77","1","57.00","370614.12","SABD0002000014","AAV2.0.0.13","3.0.1.1413","PSt7-10","180726-015","6/18/2019 6:14:49 AM","0000-00","0","no battery","V"
"06/28/2019","10:28:35","6","default","651713401","OXY_CH6","4.013","min","141.529","μmol/L","Humid","23.801","deg","200917","µV","30.785","°C","1015.000","hPa","36.5","pmil","0","55.720","deg","20.000","°C","100.000","%a.s.","22.420","deg","20.000","°C","971.000","hPa","0.861","-0.02617","0.00035","0","0","13.56","Humid","56.77","1","57.00","370617.06","SABD0002000014","AAV2.0.0.13","3.0.1.1413","PSt7-10","180726-015","6/18/2019 6:14:49 AM","0000-00","0","no battery","V"
"06/28/2019","10:28:36","6","default","651713401","OXY_CH6","4.030","min","141.557","μmol/L","Humid","23.801","deg","200929","µV","30.779","°C","1015.000","hPa","36.5","pmil","0","55.720","deg","20.000","°C","100.000","%a.s.","22.420","deg","20.000","°C","971.000","hPa","0.861","-0.02617","0.00035","0","0","13.56","Humid","56.77","1","57.00","370606.75","SABD0002000014","AAV2.0.0.13","3.0.1.1413","PSt7-10","180726-015","6/18/2019 6:14:49 AM","0000-00","0","no battery","V"
"06/28/2019","10:28:37","6","default","651713401","OXY_CH6","4.046","min","141.533","μmol/L","Humid","23.803","deg","200936","µV","30.779","°C","1015.000","hPa","36.5","pmil","0","55.720","deg","20.000","°C","100.000","%a.s.","22.420","deg","20.000","°C","971.000","hPa","0.861","-0.02617","0.00035","0","0","13.56","Humid","56.77","1","57.00","370614.41","SABD0002000014","AAV2.0.0.13","3.0.1.1413","PSt7-10","180726-015","6/18/2019 6:14:49 AM","0000-00","0","no battery","V"
"06/28/2019","10:28:38","6","default","651713401","OXY_CH6","4.063","min","141.481","μmol/L","Humid","23.805","deg","200961","µV","30.785","°C","1015.000","hPa","36.5","pmil","0","55.720","deg","20.000","°C","100.000","%a.s.","22.420","deg","20.000","°C","971.000","hPa","0.861","-0.02617","0.00035","0","0","13.56","Humid","56.77","1","57.00","370608.11","SABD0002000014","AAV2.0.0.13","3.0.1.1413","PSt7-10","180726-015","6/18/2019 6:14:49 AM","0000-00","0","no battery","V"
"06/28/2019","10:28:39","6","default","651713401","OXY_CH6","4.080","min","141.470","μmol/L","Humid","23.806","deg","200978","µV","30.785","°C","1015.000","hPa","36.5","pmil","0","55.720","deg","20.000","°C","100.000","%a.s.","22.420","deg","20.000","°C","971.000","hPa","0.861","-0.02617","0.00035","0","0","13.56","Humid","56.77","1","57.00","370623.76","SABD0002000014","AAV2.0.0.13","3.0.1.1413","PSt7-10","180726-015","6/18/2019 6:14:49 AM","0000-00","0","no battery","V"
"06/28/2019","10:28:40","6","default","651713401","OXY_CH6","4.096","min","141.430","μmol/L","Humid","23.807","deg","200983","µV","30.791","°C","1015.000","hPa","36.5","pmil","0","55.720","deg","20.000","°C","100.000","%a.s.","22.420","deg","20.000","°C","971.000","hPa","0.861","-0.02617","0.00035","0","0","13.56","Humid","56.77","1","57.00","370602.30","SABD0002000014","AAV2.0.0.13","3.0.1.1413","PSt7-10","180726-015","6/18/2019 6:14:49 AM","0000-00","0","no battery","V"
"06/28/2019","10:28:41","6","default","651713401","OXY_CH6","4.113","min","141.422","μmol/L","Humid","23.810","deg","200989","µV","30.785","°C","1015.000","hPa","36.5","pmil","0","55.720","deg","20.000","°C","100.000","%a.s.","22.420","deg","20.000","°C","971.000","hPa","0.861","-0.02617","0.00035","0","0","13.56","Humid","56.77","1","57.00","370606.69","SABD0002000014","AAV2.0.0.13","3.0.1.1413","PSt7-10","180726-015","6/18/2019 6:14:49 AM","0000-00","0","no battery","V"
"06/28/2019","10:28:42","6","default","651713401","OXY_CH6","4.130","min","141.406","μmol/L","Humid","23.809","deg","201019","µV","30.791","°C","1015.000","hPa","36.5","pmil","0","55.720","deg","20.000","°C","100.000","%a.s.","22.420","deg","20.000","°C","971.000","hPa","0.861","-0.02617","0.00035","0","0","13.56","Humid","56.77","1","57.00","370607.21","SABD0002000014","AAV2.0.0.13","3.0.1.1413","PSt7-10","180726-015","6/18/2019 6:14:49 AM","0000-00","0","no battery","V"
"06/28/2019","10:28:43","6","default","651713401","OXY_CH6","4.146","min","141.439","μmol/L","Humid","23.811","deg","201022","µV","30.779","°C","1015.000","hPa","36.5","pmil","0","55.720","deg","20.000","°C","100.000","%a.s.","22.420","deg","20.000","°C","971.000","hPa","0.861","-0.02617","0.00035","0","0","13.56","Humid","56.77","1","57.00","370612.31","SABD0002000014","AAV2.0.0.13","3.0.1.1413","PSt7-10","180726-015","6/18/2019 6:14:49 AM","0000-00","0","no battery","V"
"06/28/2019","10:28:44","6","default","651713401","OXY_CH6","4.163","min","141.363","μmol/L","Humid","23.815","deg","201037","µV","30.785","°C","1015.000","hPa","36.5","pmil","0","55.720","deg","20.000","°C","100.000","%a.s.","22.420","deg","20.000","°C","971.000","hPa","0.861","-0.02617","0.00035","0","0","13.56","Humid","56.77","1","57.00","370606.32","SABD0002000014","AAV2.0.0.13","3.0.1.1413","PSt7-10","180726-015","6/18/2019 6:14:49 AM","0000-00","0","no battery","V"
"06/28/2019","10:28:45","6","default","651713401","OXY_CH6","4.179","min","141.363","μmol/L","Humid","23.815","deg","201054","µV","30.785","°C","1015.000","hPa","36.5","pmil","0","55.720","deg","20.000","°C","100.000","%a.s.","22.420","deg","20.000","°C","971.000","hPa","0.861","-0.02617","0.00035","0","0","13.56","Humid","56.77","1","57.00","370604.03","SABD0002000014","AAV2.0.0.13","3.0.1.1413","PSt7-10","180726-015","6/18/2019 6:14:49 AM","0000-00","0","no battery","V"
"06/28/2019","10:28:46","6","default","651713401","OXY_CH6","4.196","min","141.312","μmol/L","Humid","23.817","deg","201068","µV","30.791","°C","1015.000","hPa","36.5","pmil","0","55.720","deg","20.000","°C","100.000","%a.s.","22.420","deg","20.000","°C","971.000","hPa","0.861","-0.02617","0.00035","0","0","13.56","Humid","56.77","1","57.00","370590.16","SABD0002000014","AAV2.0.0.13","3.0.1.1413","PSt7-10","180726-015","6/18/2019 6:14:49 AM","0000-00","0","no battery","V"
"06/28/2019","10:28:47","6","default","651713401","OXY_CH6","4.213","min","141.316","μmol/L","Humid","23.819","deg","201087","µV","30.785","°C","1015.000","hPa","36.5","pmil","0","55.720","deg","20.000","°C","100.000","%a.s.","22.420","deg","20.000","°C","971.000","hPa","0.861","-0.02617","0.00035","0","0","13.56","Humid","56.77","1","57.00","370595.70","SABD0002000014","AAV2.0.0.13","3.0.1.1413","PSt7-10","180726-015","6/18/2019 6:14:49 AM","0000-00","0","no battery","V"
"06/28/2019","10:28:48","6","default","651713401","OXY_CH6","4.229","min","141.305","μmol/L","Humid","23.820","deg","201094","µV","30.785","°C","1015.000","hPa","36.5","pmil","0","55.720","deg","20.000","°C","100.000","%a.s.","22.420","deg","20.000","°C","971.000","hPa","0.861","-0.02617","0.00035","0","0","13.56","Humid","56.77","1","57.00","370595.20","SABD0002000014","AAV2.0.0.13","3.0.1.1413","PSt7-10","180726-015","6/18/2019 6:14:49 AM","0000-00","0","no battery","V"
"06/28/2019","10:28:49","6","default","651713401","OXY_CH6","4.246","min","141.309","μmol/L","Humid","23.822","deg","201109","µV","30.779","°C","1015.000","hPa","36.5","pmil","0","55.720","deg","20.000","°C","100.000","%a.s.","22.420","deg","20.000","°C","971.000","hPa","0.861","-0.02617","0.00035","0","0","13.56","Humid","56.77","1","57.00","370611.21","SABD0002000014","AAV2.0.0.13","3.0.1.1413","PSt7-10","180726-015","6/18/2019 6:14:49 AM","0000-00","0","no battery","V"
"06/28/2019","10:28:50","6","default","651713401","OXY_CH6","4.263","min","141.305","μmol/L","Humid","23.820","deg","201132","µV","30.785","°C","1015.000","hPa","36.5","pmil","0","55.720","deg","20.000","°C","100.000","%a.s.","22.420","deg","20.000","°C","971.000","hPa","0.861","-0.02617","0.00035","0","0","13.56","Humid","56.77","1","57.00","370604.90","SABD0002000014","AAV2.0.0.13","3.0.1.1413","PSt7-10","180726-015","6/18/2019 6:14:49 AM","0000-00","0","no battery","V"
"06/28/2019","10:28:51","6","default","651713401","OXY_CH6","4.280","min","141.293","μmol/L","Humid","23.821","deg","201142","µV","30.785","°C","1015.000","hPa","36.5","pmil","0","55.720","deg","20.000","°C","100.000","%a.s.","22.420","deg","20.000","°C","971.000","hPa","0.861","-0.02617","0.00035","0","0","13.56","Humid","56.77","1","57.00","370616.53","SABD0002000014","AAV2.0.0.13","3.0.1.1413","PSt7-10","180726-015","6/18/2019 6:14:49 AM","0000-00","0","no battery","V"
"06/28/2019","10:28:52","6","default","651713401","OXY_CH6","4.296","min","141.218","μmol/L","Humid","23.825","deg","201136","µV","30.791","°C","1015.000","hPa","36.5","pmil","0","55.720","deg","20.000","°C","100.000","%a.s.","22.420","deg","20.000","°C","971.000","hPa","0.861","-0.02617","0.00035","0","0","13.56","Humid","56.77","1","57.00","370596.85","SABD0002000014","AAV2.0.0.13","3.0.1.1413","PSt7-10","180726-015","6/18/2019 6:14:49 AM","0000-00","0","no battery","V"
"06/28/2019","10:28:53","6","default","651713401","OXY_CH6","4.313","min","141.182","μmol/L","Humid","23.828","deg","201166","µV","30.791","°C","1015.000","hPa","36.5","pmil","0","55.720","deg","20.000","°C","100.000","%a.s.","22.420","deg","20.000","°C","971.000","hPa","0.861","-0.02617","0.00035","0","0","13.56","Humid","56.77","1","57.00","370600.89","SABD0002000014","AAV2.0.0.13","3.0.1.1413","PSt7-10","180726-015","6/18/2019 6:14:49 AM","0000-00","0","no battery","V"
"06/28/2019","10:28:54","6","default","651713401","OXY_CH6","4.329","min","141.182","μmol/L","Humid","23.828","deg","201170","µV","30.791","°C","1015.000","hPa","36.5","pmil","0","55.720","deg","20.000","°C","100.000","%a.s.","22.420","deg","20.000","°C","971.000","hPa","0.861","-0.02617","0.00035","0","0","13.56","Humid","56.77","1","57.00","370589.15","SABD0002000014","AAV2.0.0.13","3.0.1.1413","PSt7-10","180726-015","6/18/2019 6:14:49 AM","0000-00","0","no battery","V"
"06/28/2019","10:28:55","6","default","651713401","OXY_CH6","4.346","min","141.171","μmol/L","Humid","23.829","deg","201183","µV","30.791","°C","1015.000","hPa","36.5","pmil","0","55.720","deg","20.000","°C","100.000","%a.s.","22.420","deg","20.000","°C","971.000","hPa","0.861","-0.02617","0.00035","0","0","13.56","Humid","56.77","1","57.00","370591.31","SABD0002000014","AAV2.0.0.13","3.0.1.1413","PSt7-10","180726-015","6/18/2019 6:14:49 AM","0000-00","0","no battery","V"
"06/28/2019","10:28:56","6","default","651713401","OXY_CH6","4.363","min","141.147","μmol/L","Humid","23.831","deg","201193","µV","30.791","°C","1015.000","hPa","36.5","pmil","0","55.720","deg","20.000","°C","100.000","%a.s.","22.420","deg","20.000","°C","971.000","hPa","0.861","-0.02617","0.00035","0","0","13.56","Humid","56.77","1","57.00","370604.05","SABD0002000014","AAV2.0.0.13","3.0.1.1413","PSt7-10","180726-015","6/18/2019 6:14:49 AM","0000-00","0","no battery","V"
"06/28/2019","10:28:57","6","default","651713401","OXY_CH6","4.379","min","141.147","μmol/L","Humid","23.831","deg","201212","µV","30.791","°C","1015.000","hPa","36.5","pmil","0","55.720","deg","20.000","°C","100.000","%a.s.","22.420","deg","20.000","°C","971.000","hPa","0.861","-0.02617","0.00035","0","0","13.56","Humid","56.77","1","57.00","370595.14","SABD0002000014","AAV2.0.0.13","3.0.1.1413","PSt7-10","180726-015","6/18/2019 6:14:49 AM","0000-00","0","no battery","V"
"06/28/2019","10:28:58","6","default","651713401","OXY_CH6","4.397","min","141.140","μmol/L","Humid","23.834","deg","201228","µV","30.785","°C","1015.000","hPa","36.5","pmil","0","55.720","deg","20.000","°C","100.000","%a.s.","22.420","deg","20.000","°C","971.000","hPa","0.861","-0.02617","0.00035","0","0","13.56","Humid","56.77","1","57.00","370588.03","SABD0002000014","AAV2.0.0.13","3.0.1.1413","PSt7-10","180726-015","6/18/2019 6:14:49 AM","0000-00","0","no battery","V"
"06/28/2019","10:28:59","6","default","651713401","OXY_CH6","4.413","min","141.088","μmol/L","Humid","23.836","deg","201233","µV","30.791","°C","1015.000","hPa","36.5","pmil","0","55.720","deg","20.000","°C","100.000","%a.s.","22.420","deg","20.000","°C","971.000","hPa","0.861","-0.02617","0.00035","0","0","13.56","Humid","56.77","1","57.00","370567.98","SABD0002000014","AAV2.0.0.13","3.0.1.1413","PSt7-10","180726-015","6/18/2019 6:14:49 AM","0000-00","0","no battery","V"
"06/28/2019","10:29:00","6","default","651713401","OXY_CH6","4.429","min","141.065","μmol/L","Humid","23.838","deg","201266","µV","30.791","°C","1015.000","hPa","36.5","pmil","0","55.720","deg","20.000","°C","100.000","%a.s.","22.420","deg","20.000","°C","971.000","hPa","0.861","-0.02617","0.00035","0","0","13.56","Humid","56.77","1","57.00","370579.87","SABD0002000014","AAV2.0.0.13","3.0.1.1413","PSt7-10","180726-015","6/18/2019 6:14:49 AM","0000-00","0","no battery","V"
"06/28/2019","10:29:01","6","default","651713401","OXY_CH6","4.446","min","141.081","μmol/L","Humid","23.839","deg","201270","µV","30.785","°C","1015.000","hPa","36.5","pmil","0","55.720","deg","20.000","°C","100.000","%a.s.","22.420","deg","20.000","°C","971.000","hPa","0.861","-0.02617","0.00035","0","0","13.56","Humid","56.77","1","57.00","370582.94","SABD0002000014","AAV2.0.0.13","3.0.1.1413","PSt7-10","180726-015","6/18/2019 6:14:49 AM","0000-00","0","no battery","V"
"06/28/2019","10:29:02","6","default","651713401","OXY_CH6","4.462","min","141.081","μmol/L","Humid","23.839","deg","201272","µV","30.785","°C","1015.000","hPa","36.5","pmil","0","55.720","deg","20.000","°C","100.000","%a.s.","22.420","deg","20.000","°C","971.000","hPa","0.861","-0.02617","0.00035","0","0","13.56","Humid","56.77","1","57.00","370565.12","SABD0002000014","AAV2.0.0.13","3.0.1.1413","PSt7-10","180726-015","6/18/2019 6:14:49 AM","0000-00","0","no battery","V"
"06/28/2019","10:29:03","6","default","651713401","OXY_CH6","4.479","min","141.069","μmol/L","Humid","23.840","deg","201297","µV","30.785","°C","1015.000","hPa","36.5","pmil","0","55.720","deg","20.000","°C","100.000","%a.s.","22.420","deg","20.000","°C","971.000","hPa","0.861","-0.02617","0.00035","0","0","13.56","Humid","56.77","1","57.00","370573.00","SABD0002000014","AAV2.0.0.13","3.0.1.1413","PSt7-10","180726-015","6/18/2019 6:14:49 AM","0000-00","0","no battery","V"
"06/28/2019","10:29:04","6","default","651713401","OXY_CH6","4.496","min","141.046","μmol/L","Humid","23.842","deg","201294","µV","30.785","°C","1015.000","hPa","36.5","pmil","0","55.720","deg","20.000","°C","100.000","%a.s.","22.420","deg","20.000","°C","971.000","hPa","0.861","-0.02617","0.00035","0","0","13.56","Humid","56.77","1","57.00","370566.39","SABD0002000014","AAV2.0.0.13","3.0.1.1413","PSt7-10","180726-015","6/18/2019 6:14:49 AM","0000-00","0","no battery","V"
"06/28/2019","10:29:05","6","default","651713401","OXY_CH6","4.513","min","140.994","μmol/L","Humid","23.844","deg","201318","µV","30.791","°C","1015.000","hPa","36.5","pmil","0","55.720","deg","20.000","°C","100.000","%a.s.","22.420","deg","20.000","°C","971.000","hPa","0.861","-0.02617","0.00035","0","0","13.56","Humid","56.77","1","57.00","370572.72","SABD0002000014","AAV2.0.0.13","3.0.1.1413","PSt7-10","180726-015","6/18/2019 6:14:49 AM","0000-00","0","no battery","V"
"06/28/2019","10:29:06","6","default","651713401","OXY_CH6","4.529","min","140.955","μmol/L","Humid","23.845","deg","201331","µV","30.798","°C","1015.000","hPa","36.5","pmil","0","55.720","deg","20.000","°C","100.000","%a.s.","22.420","deg","20.000","°C","971.000","hPa","0.861","-0.02617","0.00035","0","0","13.56","Humid","56.77","1","57.00","370581.66","SABD0002000014","AAV2.0.0.13","3.0.1.1413","PSt7-10","180726-015","6/18/2019 6:14:49 AM","0000-00","0","no battery","V"
"06/28/2019","10:29:07","6","default","651713401","OXY_CH6","4.546","min","140.947","μmol/L","Humid","23.848","deg","201348","µV","30.791","°C","1015.000","hPa","36.5","pmil","0","55.720","deg","20.000","°C","100.000","%a.s.","22.420","deg","20.000","°C","971.000","hPa","0.861","-0.02617","0.00035","0","0","13.56","Humid","56.77","1","57.00","370583.15","SABD0002000014","AAV2.0.0.13","3.0.1.1413","PSt7-10","180726-015","6/18/2019 6:14:49 AM","0000-00","0","no battery","V"
"06/28/2019","10:29:08","6","default","651713401","OXY_CH6","4.562","min","140.924","μmol/L","Humid","23.850","deg","201359","µV","30.791","°C","1015.000","hPa","36.5","pmil","0","55.720","deg","20.000","°C","100.000","%a.s.","22.420","deg","20.000","°C","971.000","hPa","0.861","-0.02617","0.00035","0","0","13.56","Humid","56.77","1","57.00","370564.38","SABD0002000014","AAV2.0.0.13","3.0.1.1413","PSt7-10","180726-015","6/18/2019 6:14:49 AM","0000-00","0","no battery","V"
"06/28/2019","10:29:09","6","default","651713401","OXY_CH6","4.579","min","140.900","μmol/L","Humid","23.852","deg","201377","µV","30.791","°C","1015.000","hPa","36.5","pmil","0","55.720","deg","20.000","°C","100.000","%a.s.","22.420","deg","20.000","°C","971.000","hPa","0.861","-0.02617","0.00035","0","0","13.56","Humid","56.77","1","57.00","370566.53","SABD0002000014","AAV2.0.0.13","3.0.1.1413","PSt7-10","180726-015","6/18/2019 6:14:49 AM","0000-00","0","no battery","V"
"06/28/2019","10:29:10","6","default","651713401","OXY_CH6","4.596","min","140.833","μmol/L","Humid","23.853","deg","201390","µV","30.804","°C","1015.000","hPa","36.5","pmil","0","55.720","deg","20.000","°C","100.000","%a.s.","22.420","deg","20.000","°C","971.000","hPa","0.861","-0.02617","0.00035","0","0","13.56","Humid","56.77","1","57.00","370572.73","SABD0002000014","AAV2.0.0.13","3.0.1.1413","PSt7-10","180726-015","6/18/2019 6:14:49 AM","0000-00","0","no battery","V"
"06/28/2019","10:29:11","6","default","651713401","OXY_CH6","4.613","min","140.861","μmol/L","Humid","23.853","deg","201395","µV","30.798","°C","1015.000","hPa","36.5","pmil","0","55.720","deg","20.000","°C","100.000","%a.s.","22.420","deg","20.000","°C","971.000","hPa","0.861","-0.02617","0.00035","0","0","13.56","Humid","56.77","1","57.00","370584.27","SABD0002000014","AAV2.0.0.13","3.0.1.1413","PSt7-10","180726-015","6/18/2019 6:14:49 AM","0000-00","0","no battery","V"
"06/28/2019","10:29:12","6","default","651713401","OXY_CH6","4.629","min","140.849","μmol/L","Humid","23.854","deg","201409","µV","30.798","°C","1015.000","hPa","36.5","pmil","0","55.720","deg","20.000","°C","100.000","%a.s.","22.420","deg","20.000","°C","971.000","hPa","0.861","-0.02617","0.00035","0","0","13.56","Humid","56.77","1","57.00","370556.55","SABD0002000014","AAV2.0.0.13","3.0.1.1413","PSt7-10","180726-015","6/18/2019 6:14:49 AM","0000-00","0","no battery","V"
"06/28/2019","10:29:13","6","default","651713401","OXY_CH6","4.646","min","140.853","μmol/L","Humid","23.856","deg","201425","µV","30.791","°C","1015.000","hPa","36.5","pmil","0","55.720","deg","20.000","°C","100.000","%a.s.","22.420","deg","20.000","°C","971.000","hPa","0.861","-0.02617","0.00035","0","0","13.56","Humid","56.77","1","57.00","370556.01","SABD0002000014","AAV2.0.0.13","3.0.1.1413","PSt7-10","180726-015","6/18/2019 6:14:49 AM","0000-00","0","no battery","V"
"06/28/2019","10:29:14","6","default","651713401","OXY_CH6","4.663","min","140.853","μmol/L","Humid","23.856","deg","201446","µV","30.791","°C","1015.000","hPa","36.5","pmil","0","55.720","deg","20.000","°C","100.000","%a.s.","22.420","deg","20.000","°C","971.000","hPa","0.861","-0.02617","0.00035","0","0","13.56","Humid","56.77","1","57.00","370566.45","SABD0002000014","AAV2.0.0.13","3.0.1.1413","PSt7-10","180726-015","6/18/2019 6:14:49 AM","0000-00","0","no battery","V"
"06/28/2019","10:29:15","6","default","651713401","OXY_CH6","4.679","min","140.755","μmol/L","Humid","23.862","deg","201456","µV","30.798","°C","1015.000","hPa","36.5","pmil","0","55.720","deg","20.000","°C","100.000","%a.s.","22.420","deg","20.000","°C","971.000","hPa","0.861","-0.02617","0.00035","0","0","13.56","Humid","56.77","1","57.00","370564.22","SABD0002000014","AAV2.0.0.13","3.0.1.1413","PSt7-10","180726-015","6/18/2019 6:14:49 AM","0000-00","0","no battery","V"
"06/28/2019","10:29:16","6","default","651713401","OXY_CH6","4.696","min","140.755","μmol/L","Humid","23.862","deg","201471","µV","30.798","°C","1015.000","hPa","36.5","pmil","0","55.720","deg","20.000","°C","100.000","%a.s.","22.420","deg","20.000","°C","971.000","hPa","0.861","-0.02617","0.00035","0","0","13.56","Humid","56.77","1","57.00","370559.59","SABD0002000014","AAV2.0.0.13","3.0.1.1413","PSt7-10","180726-015","6/18/2019 6:14:49 AM","0000-00","0","no battery","V"
"06/28/2019","10:29:17","6","default","651713401","OXY_CH6","4.713","min","140.783","μmol/L","Humid","23.862","deg","201504","µV","30.791","°C","1015.000","hPa","36.5","pmil","0","55.720","deg","20.000","°C","100.000","%a.s.","22.420","deg","20.000","°C","971.000","hPa","0.861","-0.02617","0.00035","0","0","13.56","Humid","56.77","1","57.00","370552.71","SABD0002000014","AAV2.0.0.13","3.0.1.1413","PSt7-10","180726-015","6/18/2019 6:14:49 AM","0000-00","0","no battery","V"
"06/28/2019","10:29:18","6","default","651713401","OXY_CH6","4.729","min","140.720","μmol/L","Humid","23.865","deg","201511","µV","30.798","°C","1015.000","hPa","36.5","pmil","0","55.720","deg","20.000","°C","100.000","%a.s.","22.420","deg","20.000","°C","971.000","hPa","0.861","-0.02617","0.00035","0","0","13.56","Humid","56.77","1","57.00","370558.53","SABD0002000014","AAV2.0.0.13","3.0.1.1413","PSt7-10","180726-015","6/18/2019 6:14:49 AM","0000-00","0","no battery","V"
"06/28/2019","10:29:19","6","default","651713401","OXY_CH6","4.746","min","140.720","μmol/L","Humid","23.865","deg","201531","µV","30.798","°C","1015.000","hPa","36.5","pmil","0","55.720","deg","20.000","°C","100.000","%a.s.","22.420","deg","20.000","°C","971.000","hPa","0.861","-0.02617","0.00035","0","0","13.56","Humid","56.77","1","57.00","370563.94","SABD0002000014","AAV2.0.0.13","3.0.1.1413","PSt7-10","180726-015","6/18/2019 6:14:49 AM","0000-00","0","no battery","V"
"06/28/2019","10:29:20","6","default","651713401","OXY_CH6","4.763","min","140.725","μmol/L","Humid","23.867","deg","201546","µV","30.791","°C","1015.000","hPa","36.5","pmil","0","55.720","deg","20.000","°C","100.000","%a.s.","22.420","deg","20.000","°C","971.000","hPa","0.861","-0.02617","0.00035","0","0","13.56","Humid","56.77","1","57.00","370562.00","SABD0002000014","AAV2.0.0.13","3.0.1.1413","PSt7-10","180726-015","6/18/2019 6:14:49 AM","0000-00","0","no battery","V"
"06/28/2019","10:29:21","6","default","651713401","OXY_CH6","4.780","min","140.708","μmol/L","Humid","23.866","deg","201552","µV","30.798","°C","1015.000","hPa","36.5","pmil","0","55.720","deg","20.000","°C","100.000","%a.s.","22.420","deg","20.000","°C","971.000","hPa","0.861","-0.02617","0.00035","0","0","13.56","Humid","56.77","1","57.00","370554.54","SABD0002000014","AAV2.0.0.13","3.0.1.1413","PSt7-10","180726-015","6/18/2019 6:14:49 AM","0000-00","0","no battery","V"
"06/28/2019","10:29:22","6","default","651713401","OXY_CH6","4.796","min","140.645","μmol/L","Humid","23.869","deg","201563","µV","30.804","°C","1015.000","hPa","36.5","pmil","0","55.720","deg","20.000","°C","100.000","%a.s.","22.420","deg","20.000","°C","971.000","hPa","0.861","-0.02617","0.00035","0","0","13.56","Humid","56.77","1","57.00","370557.99","SABD0002000014","AAV2.0.0.13","3.0.1.1413","PSt7-10","180726-015","6/18/2019 6:14:49 AM","0000-00","0","no battery","V"
"06/28/2019","10:29:23","6","default","651713401","OXY_CH6","4.813","min","140.610","μmol/L","Humid","23.872","deg","201563","µV","30.804","°C","1015.000","hPa","36.5","pmil","0","55.720","deg","20.000","°C","100.000","%a.s.","22.420","deg","20.000","°C","971.000","hPa","0.861","-0.02617","0.00035","0","0","13.56","Humid","56.77","1","57.00","370543.46","SABD0002000014","AAV2.0.0.13","3.0.1.1413","PSt7-10","180726-015","6/18/2019 6:14:49 AM","0000-00","0","no battery","V"
"06/28/2019","10:29:24","6","default","651713401","OXY_CH6","4.830","min","140.610","μmol/L","Humid","23.872","deg","201580","µV","30.804","°C","1015.000","hPa","36.5","pmil","0","55.720","deg","20.000","°C","100.000","%a.s.","22.420","deg","20.000","°C","971.000","hPa","0.861","-0.02617","0.00035","0","0","13.56","Humid","56.77","1","57.00","370544.80","SABD0002000014","AAV2.0.0.13","3.0.1.1413","PSt7-10","180726-015","6/18/2019 6:14:49 AM","0000-00","0","no battery","V"
"06/28/2019","10:29:25","6","default","651713401","OXY_CH6","4.846","min","140.626","μmol/L","Humid","23.873","deg","201599","µV","30.798","°C","1015.000","hPa","36.5","pmil","0","55.720","deg","20.000","°C","100.000","%a.s.","22.420","deg","20.000","°C","971.000","hPa","0.861","-0.02617","0.00035","0","0","13.56","Humid","56.77","1","57.00","370553.19","SABD0002000014","AAV2.0.0.13","3.0.1.1413","PSt7-10","180726-015","6/18/2019 6:14:49 AM","0000-00","0","no battery","V"
"06/28/2019","10:29:26","6","default","651713401","OXY_CH6","4.863","min","140.563","μmol/L","Humid","23.876","deg","201603","µV","30.804","°C","1015.000","hPa","36.5","pmil","0","55.720","deg","20.000","°C","100.000","%a.s.","22.420","deg","20.000","°C","971.000","hPa","0.861","-0.02617","0.00035","0","0","13.56","Humid","56.77","1","57.00","370541.62","SABD0002000014","AAV2.0.0.13","3.0.1.1413","PSt7-10","180726-015","6/18/2019 6:14:49 AM","0000-00","0","no battery","V"
"06/28/2019","10:29:27","6","default","651713401","OXY_CH6","4.880","min","140.615","μmol/L","Humid","23.874","deg","201622","µV","30.798","°C","1015.000","hPa","36.5","pmil","0","55.720","deg","20.000","°C","100.000","%a.s.","22.420","deg","20.000","°C","971.000","hPa","0.861","-0.02617","0.00035","0","0","13.56","Humid","56.77","1","57.00","370535.49","SABD0002000014","AAV2.0.0.13","3.0.1.1413","PSt7-10","180726-015","6/18/2019 6:14:49 AM","0000-00","0","no battery","V"
"06/28/2019","10:29:28","6","default","651713401","OXY_CH6","4.897","min","140.540","μmol/L","Humid","23.878","deg","201639","µV","30.804","°C","1015.000","hPa","36.5","pmil","0","55.720","deg","20.000","°C","100.000","%a.s.","22.420","deg","20.000","°C","971.000","hPa","0.861","-0.02617","0.00035","0","0","13.56","Humid","56.77","1","57.00","370553.05","SABD0002000014","AAV2.0.0.13","3.0.1.1413","PSt7-10","180726-015","6/18/2019 6:14:49 AM","0000-00","0","no battery","V"
"06/28/2019","10:29:29","6","default","651713401","OXY_CH6","4.913","min","140.505","μmol/L","Humid","23.881","deg","201651","µV","30.804","°C","1015.000","hPa","36.5","pmil","0","55.720","deg","20.000","°C","100.000","%a.s.","22.420","deg","20.000","°C","971.000","hPa","0.861","-0.02617","0.00035","0","0","13.56","Humid","56.77","1","57.00","370529.29","SABD0002000014","AAV2.0.0.13","3.0.1.1413","PSt7-10","180726-015","6/18/2019 6:14:49 AM","0000-00","0","no battery","V"
"06/28/2019","10:29:30","6","default","651713401","OXY_CH6","4.929","min","140.516","μmol/L","Humid","23.880","deg","201666","µV","30.804","°C","1015.000","hPa","36.5","pmil","0","55.720","deg","20.000","°C","100.000","%a.s.","22.420","deg","20.000","°C","971.000","hPa","0.861","-0.02617","0.00035","0","0","13.56","Humid","56.77","1","57.00","370520.01","SABD0002000014","AAV2.0.0.13","3.0.1.1413","PSt7-10","180726-015","6/18/2019 6:14:49 AM","0000-00","0","no battery","V"
"06/28/2019","10:29:31","6","default","651713401","OXY_CH6","4.946","min","140.481","μmol/L","Humid","23.883","deg","201681","µV","30.804","°C","1015.000","hPa","36.5","pmil","0","55.720","deg","20.000","°C","100.000","%a.s.","22.420","deg","20.000","°C","971.000","hPa","0.861","-0.02617","0.00035","0","0","13.56","Humid","56.77","1","57.00","370533.04","SABD0002000014","AAV2.0.0.13","3.0.1.1413","PSt7-10","180726-015","6/18/2019 6:14:49 AM","0000-00","0","no battery","V"
"06/28/2019","10:29:32","6","default","651713401","OXY_CH6","4.962","min","140.509","μmol/L","Humid","23.883","deg","201689","µV","30.798","°C","1015.000","hPa","36.5","pmil","0","55.720","deg","20.000","°C","100.000","%a.s.","22.420","deg","20.000","°C","971.000","hPa","0.861","-0.02617","0.00035","0","0","13.56","Humid","56.77","1","57.00","370528.08","SABD0002000014","AAV2.0.0.13","3.0.1.1413","PSt7-10","180726-015","6/18/2019 6:14:49 AM","0000-00","0","no battery","V"
"06/28/2019","10:29:33","6","default","651713401","OXY_CH6","4.979","min","140.474","μmol/L","Humid","23.886","deg","201702","µV","30.798","°C","1015.000","hPa","36.5","pmil","0","55.720","deg","20.000","°C","100.000","%a.s.","22.420","deg","20.000","°C","971.000","hPa","0.861","-0.02617","0.00035","0","0","13.56","Humid","56.77","1","57.00","370520.44","SABD0002000014","AAV2.0.0.13","3.0.1.1413","PSt7-10","180726-015","6/18/2019 6:14:49 AM","0000-00","0","no battery","V"
"06/28/2019","10:29:34","6","default","651713401","OXY_CH6","4.996","min","140.418","μmol/L","Humid","23.886","deg","201718","µV","30.810","°C","1015.000","hPa","36.5","pmil","0","55.720","deg","20.000","°C","100.000","%a.s.","22.420","deg","20.000","°C","971.000","hPa","0.861","-0.02617","0.00035","0","0","13.56","Humid","56.77","1","57.00","370535.21","SABD0002000014","AAV2.0.0.13","3.0.1.1413","PSt7-10","180726-015","6/18/2019 6:14:49 AM","0000-00","0","no battery","V"
"06/28/2019","10:29:35","6","default","651713401","OXY_CH6","5.013","min","140.411","μmol/L","Humid","23.889","deg","201733","µV","30.804","°C","1015.000","hPa","36.5","pmil","0","55.720","deg","20.000","°C","100.000","%a.s.","22.420","deg","20.000","°C","971.000","hPa","0.861","-0.02617","0.00035","0","0","13.56","Humid","56.77","1","57.00","370529.69","SABD0002000014","AAV2.0.0.13","3.0.1.1413","PSt7-10","180726-015","6/18/2019 6:14:49 AM","0000-00","0","no battery","V"
"06/28/2019","10:29:36","6","default","651713401","OXY_CH6","5.029","min","140.376","μmol/L","Humid","23.892","deg","201739","µV","30.804","°C","1015.000","hPa","36.5","pmil","0","55.720","deg","20.000","°C","100.000","%a.s.","22.420","deg","20.000","°C","971.000","hPa","0.861","-0.02617","0.00035","0","0","13.56","Humid","56.77","1","57.00","370526.30","SABD0002000014","AAV2.0.0.13","3.0.1.1413","PSt7-10","180726-015","6/18/2019 6:14:49 AM","0000-00","0","no battery","V"
"06/28/2019","10:29:37","6","default","651713401","OXY_CH6","5.046","min","140.337","μmol/L","Humid","23.893","deg","201755","µV","30.810","°C","1015.000","hPa","36.5","pmil","0","55.720","deg","20.000","°C","100.000","%a.s.","22.420","deg","20.000","°C","971.000","hPa","0.861","-0.02617","0.00035","0","0","13.56","Humid","56.77","1","57.00","370524.03","SABD0002000014","AAV2.0.0.13","3.0.1.1413","PSt7-10","180726-015","6/18/2019 6:14:49 AM","0000-00","0","no battery","V"
"06/28/2019","10:29:38","6","default","651713401","OXY_CH6","5.063","min","140.376","μmol/L","Humid","23.892","deg","201755","µV","30.804","°C","1015.000","hPa","36.5","pmil","0","55.720","deg","20.000","°C","100.000","%a.s.","22.420","deg","20.000","°C","971.000","hPa","0.861","-0.02617","0.00035","0","0","13.56","Humid","56.77","1","57.00","370513.70","SABD0002000014","AAV2.0.0.13","3.0.1.1413","PSt7-10","180726-015","6/18/2019 6:14:49 AM","0000-00","0","no battery","V"
"06/28/2019","10:29:39","6","default","651713401","OXY_CH6","5.079","min","140.302","μmol/L","Humid","23.896","deg","201774","µV","30.810","°C","1015.000","hPa","36.5","pmil","0","55.720","deg","20.000","°C","100.000","%a.s.","22.420","deg","20.000","°C","971.000","hPa","0.861","-0.02617","0.00035","0","0","13.56","Humid","56.77","1","57.00","370506.68","SABD0002000014","AAV2.0.0.13","3.0.1.1413","PSt7-10","180726-015","6/18/2019 6:14:49 AM","0000-00","0","no battery","V"
"06/28/2019","10:29:40","6","default","651713401","OXY_CH6","5.096","min","140.306","μmol/L","Humid","23.898","deg","201781","µV","30.804","°C","1015.000","hPa","36.5","pmil","0","55.720","deg","20.000","°C","100.000","%a.s.","22.420","deg","20.000","°C","971.000","hPa","0.861","-0.02617","0.00035","0","0","13.56","Humid","56.77","1","57.00","370503.61","SABD0002000014","AAV2.0.0.13","3.0.1.1413","PSt7-10","180726-015","6/18/2019 6:14:49 AM","0000-00","0","no battery","V"
"06/28/2019","10:29:41","6","default","651713401","OXY_CH6","5.112","min","140.306","μmol/L","Humid","23.898","deg","201833","µV","30.804","°C","1015.000","hPa","36.5","pmil","0","55.720","deg","20.000","°C","100.000","%a.s.","22.420","deg","20.000","°C","971.000","hPa","0.861","-0.02617","0.00035","0","0","13.56","Humid","56.77","1","57.00","370498.01","SABD0002000014","AAV2.0.0.13","3.0.1.1413","PSt7-10","180726-015","6/18/2019 6:14:49 AM","0000-00","0","no battery","V"
"06/28/2019","10:29:42","6","default","651713401","OXY_CH6","5.130","min","140.329","μmol/L","Humid","23.896","deg","201822","µV","30.804","°C","1015.000","hPa","36.5","pmil","0","55.720","deg","20.000","°C","100.000","%a.s.","22.420","deg","20.000","°C","971.000","hPa","0.861","-0.02617","0.00035","0","0","13.56","Humid","56.77","1","57.00","370520.33","SABD0002000014","AAV2.0.0.13","3.0.1.1413","PSt7-10","180726-015","6/18/2019 6:14:49 AM","0000-00","0","no battery","V"
"06/28/2019","10:29:43","6","default","651713401","OXY_CH6","5.146","min","140.294","μmol/L","Humid","23.899","deg","201839","µV","30.804","°C","1015.000","hPa","36.5","pmil","0","55.720","deg","20.000","°C","100.000","%a.s.","22.420","deg","20.000","°C","971.000","hPa","0.861","-0.02617","0.00035","0","0","13.56","Humid","56.77","1","57.00","370495.77","SABD0002000014","AAV2.0.0.13","3.0.1.1413","PSt7-10","180726-015","6/18/2019 6:14:49 AM","0000-00","0","no battery","V"
"06/28/2019","10:29:44","6","default","651713401","OXY_CH6","5.162","min","140.283","μmol/L","Humid","23.900","deg","201858","µV","30.804","°C","1015.000","hPa","36.5","pmil","0","55.720","deg","20.000","°C","100.000","%a.s.","22.420","deg","20.000","°C","971.000","hPa","0.861","-0.02617","0.00035","0","0","13.56","Humid","56.77","1","57.00","370498.34","SABD0002000014","AAV2.0.0.13","3.0.1.1413","PSt7-10","180726-015","6/18/2019 6:14:49 AM","0000-00","0","no battery","V"
"06/28/2019","10:29:45","6","default","651713401","OXY_CH6","5.180","min","140.248","μmol/L","Humid","23.903","deg","201871","µV","30.804","°C","1015.000","hPa","36.5","pmil","0","55.720","deg","20.000","°C","100.000","%a.s.","22.420","deg","20.000","°C","971.000","hPa","0.861","-0.02617","0.00035","0","0","13.56","Humid","56.77","1","57.00","370504.35","SABD0002000014","AAV2.0.0.13","3.0.1.1413","PSt7-10","180726-015","6/18/2019 6:14:49 AM","0000-00","0","no battery","V"
"06/28/2019","10:29:46","6","default","651713401","OXY_CH6","5.196","min","140.185","μmol/L","Humid","23.906","deg","201871","µV","30.810","°C","1015.000","hPa","36.5","pmil","0","55.720","deg","20.000","°C","100.000","%a.s.","22.420","deg","20.000","°C","971.000","hPa","0.861","-0.02617","0.00035","0","0","13.56","Humid","56.77","1","57.00","370509.78","SABD0002000014","AAV2.0.0.13","3.0.1.1413","PSt7-10","180726-015","6/18/2019 6:14:49 AM","0000-00","0","no battery","V"
"06/28/2019","10:29:47","6","default","651713401","OXY_CH6","5.213","min","140.138","μmol/L","Humid","23.910","deg","201888","µV","30.810","°C","1015.000","hPa","36.5","pmil","0","55.720","deg","20.000","°C","100.000","%a.s.","22.420","deg","20.000","°C","971.000","hPa","0.861","-0.02617","0.00035","0","0","13.56","Humid","56.77","1","57.00","370501.59","SABD0002000014","AAV2.0.0.13","3.0.1.1413","PSt7-10","180726-015","6/18/2019 6:14:49 AM","0000-00","0","no battery","V"
"06/28/2019","10:29:48","6","default","651713401","OXY_CH6","5.230","min","140.173","μmol/L","Humid","23.907","deg","201925","µV","30.810","°C","1015.000","hPa","36.5","pmil","0","55.720","deg","20.000","°C","100.000","%a.s.","22.420","deg","20.000","°C","971.000","hPa","0.861","-0.02617","0.00035","0","0","13.56","Humid","56.77","1","57.00","370502.78","SABD0002000014","AAV2.0.0.13","3.0.1.1413","PSt7-10","180726-015","6/18/2019 6:14:49 AM","0000-00","0","no battery","V"
"06/28/2019","10:29:49","6","default","651713401","OXY_CH6","5.246","min","140.127","μmol/L","Humid","23.911","deg","201919","µV","30.810","°C","1015.000","hPa","36.5","pmil","0","55.720","deg","20.000","°C","100.000","%a.s.","22.420","deg","20.000","°C","971.000","hPa","0.861","-0.02617","0.00035","0","0","13.56","Humid","56.77","1","57.00","370497.17","SABD0002000014","AAV2.0.0.13","3.0.1.1413","PSt7-10","180726-015","6/18/2019 6:14:49 AM","0000-00","0","no battery","V"
"06/28/2019","10:29:50","6","default","651713401","OXY_CH6","5.263","min","140.103","μmol/L","Humid","23.913","deg","201933","µV","30.810","°C","1015.000","hPa","36.5","pmil","0","55.720","deg","20.000","°C","100.000","%a.s.","22.420","deg","20.000","°C","971.000","hPa","0.861","-0.02617","0.00035","0","0","13.56","Humid","56.77","1","57.00","370496.51","SABD0002000014","AAV2.0.0.13","3.0.1.1413","PSt7-10","180726-015","6/18/2019 6:14:49 AM","0000-00","0","no battery","V"
"06/28/2019","10:29:51","6","default","651713401","OXY_CH6","5.280","min","140.115","μmol/L","Humid","23.912","deg","201938","µV","30.810","°C","1015.000","hPa","36.5","pmil","0","55.720","deg","20.000","°C","100.000","%a.s.","22.420","deg","20.000","°C","971.000","hPa","0.861","-0.02617","0.00035","0","0","13.56","Humid","56.77","1","57.00","370499.42","SABD0002000014","AAV2.0.0.13","3.0.1.1413","PSt7-10","180726-015","6/18/2019 6:14:49 AM","0000-00","0","no battery","V"
"06/28/2019","10:29:52","6","default","651713401","OXY_CH6","5.296","min","140.080","μmol/L","Humid","23.915","deg","201949","µV","30.810","°C","1015.000","hPa","36.5","pmil","0","55.720","deg","20.000","°C","100.000","%a.s.","22.420","deg","20.000","°C","971.000","hPa","0.861","-0.02617","0.00035","0","0","13.56","Humid","56.77","1","57.00","370486.38","SABD0002000014","AAV2.0.0.13","3.0.1.1413","PSt7-10","180726-015","6/18/2019 6:14:49 AM","0000-00","0","no battery","V"
"06/28/2019","10:29:53","6","default","651713401","OXY_CH6","5.313","min","140.085","μmol/L","Humid","23.917","deg","201967","µV","30.804","°C","1015.000","hPa","36.5","pmil","0","55.720","deg","20.000","°C","100.000","%a.s.","22.420","deg","20.000","°C","971.000","hPa","0.861","-0.02617","0.00035","0","0","13.56","Humid","56.77","1","57.00","370490.96","SABD0002000014","AAV2.0.0.13","3.0.1.1413","PSt7-10","180726-015","6/18/2019 6:14:49 AM","0000-00","0","no battery","V"
"06/28/2019","10:29:54","6","default","651713401","OXY_CH6","5.329","min","140.073","μmol/L","Humid","23.918","deg","201983","µV","30.804","°C","1015.000","hPa","36.5","pmil","0","55.720","deg","20.000","°C","100.000","%a.s.","22.420","deg","20.000","°C","971.000","hPa","0.861","-0.02617","0.00035","0","0","13.56","Humid","56.77","1","57.00","370483.64","SABD0002000014","AAV2.0.0.13","3.0.1.1413","PSt7-10","180726-015","6/18/2019 6:14:49 AM","0000-00","0","no battery","V"
"06/28/2019","10:29:55","6","default","651713401","OXY_CH6","5.346","min","140.045","μmol/L","Humid","23.918","deg","202007","µV","30.810","°C","1015.000","hPa","36.5","pmil","0","55.720","deg","20.000","°C","100.000","%a.s.","22.420","deg","20.000","°C","971.000","hPa","0.861","-0.02617","0.00035","0","0","13.56","Humid","56.77","1","57.00","370475.54","SABD0002000014","AAV2.0.0.13","3.0.1.1413","PSt7-10","180726-015","6/18/2019 6:14:49 AM","0000-00","0","no battery","V"
"06/28/2019","10:29:56","6","default","651713401","OXY_CH6","5.363","min","139.998","μmol/L","Humid","23.922","deg","202020","µV","30.810","°C","1015.000","hPa","36.5","pmil","0","55.720","deg","20.000","°C","100.000","%a.s.","22.420","deg","20.000","°C","971.000","hPa","0.861","-0.02617","0.00035","0","0","13.56","Humid","56.77","1","57.00","370498.94","SABD0002000014","AAV2.0.0.13","3.0.1.1413","PSt7-10","180726-015","6/18/2019 6:14:49 AM","0000-00","0","no battery","V"
"06/28/2019","10:29:57","6","default","651713401","OXY_CH6","5.379","min","140.022","μmol/L","Humid","23.920","deg","202032","µV","30.810","°C","1015.000","hPa","36.5","pmil","0","55.720","deg","20.000","°C","100.000","%a.s.","22.420","deg","20.000","°C","971.000","hPa","0.861","-0.02617","0.00035","0","0","13.56","Humid","56.77","1","57.00","370476.61","SABD0002000014","AAV2.0.0.13","3.0.1.1413","PSt7-10","180726-015","6/18/2019 6:14:49 AM","0000-00","0","no battery","V"
"06/28/2019","10:29:58","6","default","651713401","OXY_CH6","5.396","min","139.975","μmol/L","Humid","23.924","deg","202066","µV","30.810","°C","1015.000","hPa","36.5","pmil","0","55.720","deg","20.000","°C","100.000","%a.s.","22.420","deg","20.000","°C","971.000","hPa","0.861","-0.02617","0.00035","0","0","13.56","Humid","56.77","1","57.00","370478.20","SABD0002000014","AAV2.0.0.13","3.0.1.1413","PSt7-10","180726-015","6/18/2019 6:14:49 AM","0000-00","0","no battery","V"
"06/28/2019","10:29:59","6","default","651713401","OXY_CH6","5.412","min","139.924","μmol/L","Humid","23.926","deg","202073","µV","30.816","°C","1015.000","hPa","36.5","pmil","0","55.720","deg","20.000","°C","100.000","%a.s.","22.420","deg","20.000","°C","971.000","hPa","0.861","-0.02617","0.00035","0","0","13.56","Humid","56.77","1","57.00","370483.89","SABD0002000014","AAV2.0.0.13","3.0.1.1413","PSt7-10","180726-015","6/18/2019 6:14:49 AM","0000-00","0","no battery","V"
"06/28/2019","10:30:00","6","default","651713401","OXY_CH6","5.429","min","139.929","μmol/L","Humid","23.928","deg","202089","µV","30.810","°C","1015.000","hPa","36.5","pmil","0","55.720","deg","20.000","°C","100.000","%a.s.","22.420","deg","20.000","°C","971.000","hPa","0.861","-0.02617","0.00035","0","0","13.56","Humid","56.77","1","57.00","370473.84","SABD0002000014","AAV2.0.0.13","3.0.1.1413","PSt7-10","180726-015","6/18/2019 6:14:49 AM","0000-00","0","no battery","V"
"06/28/2019","10:30:01","6","default","651713401","OXY_CH6","5.446","min","139.905","μmol/L","Humid","23.930","deg","202109","µV","30.810","°C","1015.000","hPa","36.5","pmil","0","55.720","deg","20.000","°C","100.000","%a.s.","22.420","deg","20.000","°C","971.000","hPa","0.861","-0.02617","0.00035","0","0","13.56","Humid","56.77","1","57.00","370463.03","SABD0002000014","AAV2.0.0.13","3.0.1.1413","PSt7-10","180726-015","6/18/2019 6:14:49 AM","0000-00","0","no battery","V"
"06/28/2019","10:30:02","6","default","651713401","OXY_CH6","5.463","min","139.964","μmol/L","Humid","23.925","deg","202132","µV","30.810","°C","1015.000","hPa","36.5","pmil","0","55.720","deg","20.000","°C","100.000","%a.s.","22.420","deg","20.000","°C","971.000","hPa","0.861","-0.02617","0.00035","0","0","13.56","Humid","56.77","1","57.00","370480.75","SABD0002000014","AAV2.0.0.13","3.0.1.1413","PSt7-10","180726-015","6/18/2019 6:14:49 AM","0000-00","0","no battery","V"
"06/28/2019","10:30:03","6","default","651713401","OXY_CH6","5.479","min","139.854","μmol/L","Humid","23.932","deg","202143","µV","30.816","°C","1015.000","hPa","36.5","pmil","0","55.720","deg","20.000","°C","100.000","%a.s.","22.420","deg","20.000","°C","971.000","hPa","0.861","-0.02617","0.00035","0","0","13.56","Humid","56.77","1","57.00","370474.07","SABD0002000014","AAV2.0.0.13","3.0.1.1413","PSt7-10","180726-015","6/18/2019 6:14:49 AM","0000-00","0","no battery","V"
"06/28/2019","10:30:04","6","default","651713401","OXY_CH6","5.496","min","139.819","μmol/L","Humid","23.935","deg","202147","µV","30.816","°C","1015.000","hPa","36.5","pmil","0","55.720","deg","20.000","°C","100.000","%a.s.","22.420","deg","20.000","°C","971.000","hPa","0.861","-0.02617","0.00035","0","0","13.56","Humid","56.77","1","57.00","370458.23","SABD0002000014","AAV2.0.0.13","3.0.1.1413","PSt7-10","180726-015","6/18/2019 6:14:49 AM","0000-00","0","no battery","V"
"06/28/2019","10:30:05","6","default","651713401","OXY_CH6","5.513","min","139.831","μmol/L","Humid","23.934","deg","202149","µV","30.816","°C","1015.000","hPa","36.5","pmil","0","55.720","deg","20.000","°C","100.000","%a.s.","22.420","deg","20.000","°C","971.000","hPa","0.861","-0.02617","0.00035","0","0","13.56","Humid","56.77","1","57.00","370467.26","SABD0002000014","AAV2.0.0.13","3.0.1.1413","PSt7-10","180726-015","6/18/2019 6:14:49 AM","0000-00","0","no battery","V"
"06/28/2019","10:30:06","6","default","651713401","OXY_CH6","5.530","min","139.831","μmol/L","Humid","23.934","deg","202157","µV","30.816","°C","1015.000","hPa","36.5","pmil","0","55.720","deg","20.000","°C","100.000","%a.s.","22.420","deg","20.000","°C","971.000","hPa","0.861","-0.02617","0.00035","0","0","13.56","Humid","56.77","1","57.00","370468.57","SABD0002000014","AAV2.0.0.13","3.0.1.1413","PSt7-10","180726-015","6/18/2019 6:14:49 AM","0000-00","0","no battery","V"
"06/28/2019","10:30:07","6","default","651713401","OXY_CH6","5.546","min","139.852","μmol/L","Humid","23.937","deg","202162","µV","30.804","°C","1015.000","hPa","36.5","pmil","0","55.720","deg","20.000","°C","100.000","%a.s.","22.420","deg","20.000","°C","971.000","hPa","0.861","-0.02617","0.00035","0","0","13.56","Humid","56.77","1","57.00","370460.93","SABD0002000014","AAV2.0.0.13","3.0.1.1413","PSt7-10","180726-015","6/18/2019 6:14:49 AM","0000-00","0","no battery","V"
"06/28/2019","10:30:08","6","default","651713401","OXY_CH6","5.563","min","139.773","μmol/L","Humid","23.939","deg","202175","µV","30.816","°C","1015.000","hPa","36.5","pmil","0","55.720","deg","20.000","°C","100.000","%a.s.","22.420","deg","20.000","°C","971.000","hPa","0.861","-0.02617","0.00035","0","0","13.56","Humid","56.77","1","57.00","370453.97","SABD0002000014","AAV2.0.0.13","3.0.1.1413","PSt7-10","180726-015","6/18/2019 6:14:49 AM","0000-00","0","no battery","V"
"06/28/2019","10:30:09","6","default","651713401","OXY_CH6","5.580","min","139.726","μmol/L","Humid","23.943","deg","202215","µV","30.816","°C","1015.000","hPa","36.5","pmil","0","55.720","deg","20.000","°C","100.000","%a.s.","22.420","deg","20.000","°C","971.000","hPa","0.861","-0.02617","0.00035","0","0","13.56","Humid","56.77","1","57.00","370457.50","SABD0002000014","AAV2.0.0.13","3.0.1.1413","PSt7-10","180726-015","6/18/2019 6:14:49 AM","0000-00","0","no battery","V"
"06/28/2019","10:30:10","6","default","651713401","OXY_CH6","5.596","min","139.766","μmol/L","Humid","23.942","deg","202229","µV","30.810","°C","1015.000","hPa","36.5","pmil","0","55.720","deg","20.000","°C","100.000","%a.s.","22.420","deg","20.000","°C","971.000","hPa","0.861","-0.02617","0.00035","0","0","13.56","Humid","56.77","1","57.00","370457.17","SABD0002000014","AAV2.0.0.13","3.0.1.1413","PSt7-10","180726-015","6/18/2019 6:14:49 AM","0000-00","0","no battery","V"
"06/28/2019","10:30:11","6","default","651713401","OXY_CH6","5.613","min","139.738","μmol/L","Humid","23.942","deg","202245","µV","30.816","°C","1015.000","hPa","36.5","pmil","0","55.720","deg","20.000","°C","100.000","%a.s.","22.420","deg","20.000","°C","971.000","hPa","0.861","-0.02617","0.00035","0","0","13.56","Humid","56.77","1","57.00","370460.55","SABD0002000014","AAV2.0.0.13","3.0.1.1413","PSt7-10","180726-015","6/18/2019 6:14:49 AM","0000-00","0","no battery","V"
"06/28/2019","10:30:12","6","default","651713401","OXY_CH6","5.630","min","139.703","μmol/L","Humid","23.945","deg","202262","µV","30.816","°C","1015.000","hPa","36.5","pmil","0","55.720","deg","20.000","°C","100.000","%a.s.","22.420","deg","20.000","°C","971.000","hPa","0.861","-0.02617","0.00035","0","0","13.56","Humid","56.77","1","57.00","370454.60","SABD0002000014","AAV2.0.0.13","3.0.1.1413","PSt7-10","180726-015","6/18/2019 6:14:49 AM","0000-00","0","no battery","V"
"06/28/2019","10:30:13","6","default","651713401","OXY_CH6","5.646","min","139.731","μmol/L","Humid","23.945","deg","202266","µV","30.810","°C","1015.000","hPa","36.5","pmil","0","55.720","deg","20.000","°C","100.000","%a.s.","22.420","deg","20.000","°C","971.000","hPa","0.861","-0.02617","0.00035","0","0","13.56","Humid","56.77","1","57.00","370448.49","SABD0002000014","AAV2.0.0.13","3.0.1.1413","PSt7-10","180726-015","6/18/2019 6:14:49 AM","0000-00","0","no battery","V"
"06/28/2019","10:30:14","6","default","651713401","OXY_CH6","5.663","min","139.680","μmol/L","Humid","23.947","deg","202288","µV","30.816","°C","1015.000","hPa","36.5","pmil","0","55.720","deg","20.000","°C","100.000","%a.s.","22.420","deg","20.000","°C","971.000","hPa","0.861","-0.02617","0.00035","0","0","13.56","Humid","56.77","1","57.00","370451.08","SABD0002000014","AAV2.0.0.13","3.0.1.1413","PSt7-10","180726-015","6/18/2019 6:14:49 AM","0000-00","0","no battery","V"
"06/28/2019","10:30:15","6","default","651713401","OXY_CH6","5.680","min","139.684","μmol/L","Humid","23.949","deg","202304","µV","30.810","°C","1015.000","hPa","36.5","pmil","0","55.720","deg","20.000","°C","100.000","%a.s.","22.420","deg","20.000","°C","971.000","hPa","0.861","-0.02617","0.00035","0","0","13.56","Humid","56.77","1","57.00","370456.06","SABD0002000014","AAV2.0.0.13","3.0.1.1413","PSt7-10","180726-015","6/18/2019 6:14:49 AM","0000-00","0","no battery","V"
"06/28/2019","10:30:16","6","default","651713401","OXY_CH6","5.696","min","139.657","μmol/L","Humid","23.949","deg","202311","µV","30.816","°C","1015.000","hPa","36.5","pmil","0","55.720","deg","20.000","°C","100.000","%a.s.","22.420","deg","20.000","°C","971.000","hPa","0.861","-0.02617","0.00035","0","0","13.56","Humid","56.77","1","57.00","370448.88","SABD0002000014","AAV2.0.0.13","3.0.1.1413","PSt7-10","180726-015","6/18/2019 6:14:49 AM","0000-00","0","no battery","V"
"06/28/2019","10:30:17","6","default","651713401","OXY_CH6","5.713","min","139.673","μmol/L","Humid","23.950","deg","202321","µV","30.810","°C","1015.000","hPa","36.5","pmil","0","55.720","deg","20.000","°C","100.000","%a.s.","22.420","deg","20.000","°C","971.000","hPa","0.861","-0.02617","0.00035","0","0","13.56","Humid","56.77","1","57.00","370442.89","SABD0002000014","AAV2.0.0.13","3.0.1.1413","PSt7-10","180726-015","6/18/2019 6:14:49 AM","0000-00","0","no battery","V"
"06/28/2019","10:30:18","6","default","651713401","OXY_CH6","5.729","min","139.564","μmol/L","Humid","23.957","deg","202345","µV","30.816","°C","1015.000","hPa","36.5","pmil","0","55.720","deg","20.000","°C","100.000","%a.s.","22.420","deg","20.000","°C","971.000","hPa","0.861","-0.02617","0.00035","0","0","13.56","Humid","56.77","1","57.00","370444.85","SABD0002000014","AAV2.0.0.13","3.0.1.1413","PSt7-10","180726-015","6/18/2019 6:14:49 AM","0000-00","0","no battery","V"
"06/28/2019","10:30:19","6","default","651713401","OXY_CH6","5.746","min","139.587","μmol/L","Humid","23.955","deg","202339","µV","30.816","°C","1015.000","hPa","36.5","pmil","0","55.720","deg","20.000","°C","100.000","%a.s.","22.420","deg","20.000","°C","971.000","hPa","0.861","-0.02617","0.00035","0","0","13.56","Humid","56.77","1","57.00","370435.07","SABD0002000014","AAV2.0.0.13","3.0.1.1413","PSt7-10","180726-015","6/18/2019 6:14:49 AM","0000-00","0","no battery","V"
"06/28/2019","10:30:20","6","default","651713401","OXY_CH6","5.763","min","139.599","μmol/L","Humid","23.954","deg","202367","µV","30.816","°C","1015.000","hPa","36.5","pmil","0","55.720","deg","20.000","°C","100.000","%a.s.","22.420","deg","20.000","°C","971.000","hPa","0.861","-0.02617","0.00035","0","0","13.56","Humid","56.77","1","57.00","370445.26","SABD0002000014","AAV2.0.0.13","3.0.1.1413","PSt7-10","180726-015","6/18/2019 6:14:49 AM","0000-00","0","no battery","V"
"06/28/2019","10:30:21","6","default","651713401","OXY_CH6","5.779","min","139.541","μmol/L","Humid","23.959","deg","202378","µV","30.816","°C","1015.000","hPa","36.5","pmil","0","55.720","deg","20.000","°C","100.000","%a.s.","22.420","deg","20.000","°C","971.000","hPa","0.861","-0.02617","0.00035","0","0","13.56","Humid","56.77","1","57.00","370451.74","SABD0002000014","AAV2.0.0.13","3.0.1.1413","PSt7-10","180726-015","6/18/2019 6:14:49 AM","0000-00","0","no battery","V"
"06/28/2019","10:30:22","6","default","651713401","OXY_CH6","5.796","min","139.541","μmol/L","Humid","23.959","deg","202396","µV","30.816","°C","1015.000","hPa","36.5","pmil","0","55.720","deg","20.000","°C","100.000","%a.s.","22.420","deg","20.000","°C","971.000","hPa","0.861","-0.02617","0.00035","0","0","13.56","Humid","56.77","1","57.00","370442.99","SABD0002000014","AAV2.0.0.13","3.0.1.1413","PSt7-10","180726-015","6/18/2019 6:14:49 AM","0000-00","0","no battery","V"
"06/28/2019","10:30:23","6","default","651713401","OXY_CH6","5.812","min","139.494","μmol/L","Humid","23.963","deg","202398","µV","30.816","°C","1015.000","hPa","36.5","pmil","0","55.720","deg","20.000","°C","100.000","%a.s.","22.420","deg","20.000","°C","971.000","hPa","0.861","-0.02617","0.00035","0","0","13.56","Humid","56.77","1","57.00","370427.30","SABD0002000014","AAV2.0.0.13","3.0.1.1413","PSt7-10","180726-015","6/18/2019 6:14:49 AM","0000-00","0","no battery","V"
"06/28/2019","10:30:24","6","default","651713401","OXY_CH6","5.829","min","139.534","μmol/L","Humid","23.962","deg","202423","µV","30.810","°C","1015.000","hPa","36.5","pmil","0","55.720","deg","20.000","°C","100.000","%a.s.","22.420","deg","20.000","°C","971.000","hPa","0.861","-0.02617","0.00035","0","0","13.56","Humid","56.77","1","57.00","370440.33","SABD0002000014","AAV2.0.0.13","3.0.1.1413","PSt7-10","180726-015","6/18/2019 6:14:49 AM","0000-00","0","no battery","V"
"06/28/2019","10:30:25","6","default","651713401","OXY_CH6","5.846","min","139.483","μmol/L","Humid","23.964","deg","202436","µV","30.816","°C","1015.000","hPa","36.5","pmil","0","55.720","deg","20.000","°C","100.000","%a.s.","22.420","deg","20.000","°C","971.000","hPa","0.861","-0.02617","0.00035","0","0","13.56","Humid","56.77","1","57.00","370425.98","SABD0002000014","AAV2.0.0.13","3.0.1.1413","PSt7-10","180726-015","6/18/2019 6:14:49 AM","0000-00","0","no battery","V"
"06/28/2019","10:30:26","6","default","651713401","OXY_CH6","5.863","min","139.436","μmol/L","Humid","23.968","deg","202442","µV","30.816","°C","1015.000","hPa","36.5","pmil","0","55.720","deg","20.000","°C","100.000","%a.s.","22.420","deg","20.000","°C","971.000","hPa","0.861","-0.02617","0.00035","0","0","13.56","Humid","56.77","1","57.00","370431.63","SABD0002000014","AAV2.0.0.13","3.0.1.1413","PSt7-10","180726-015","6/18/2019 6:14:49 AM","0000-00","0","no battery","V"
"06/28/2019","10:30:27","6","default","651713401","OXY_CH6","5.879","min","139.385","μmol/L","Humid","23.970","deg","202464","µV","30.822","°C","1015.000","hPa","36.5","pmil","0","55.720","deg","20.000","°C","100.000","%a.s.","22.420","deg","20.000","°C","971.000","hPa","0.861","-0.02617","0.00035","0","0","13.56","Humid","56.77","1","57.00","370435.89","SABD0002000014","AAV2.0.0.13","3.0.1.1413","PSt7-10","180726-015","6/18/2019 6:14:49 AM","0000-00","0","no battery","V"
"06/28/2019","10:30:28","6","default","651713401","OXY_CH6","5.896","min","139.385","μmol/L","Humid","23.970","deg","202476","µV","30.822","°C","1015.000","hPa","36.5","pmil","0","55.720","deg","20.000","°C","100.000","%a.s.","22.420","deg","20.000","°C","971.000","hPa","0.861","-0.02617","0.00035","0","0","13.56","Humid","56.77","1","57.00","370434.64","SABD0002000014","AAV2.0.0.13","3.0.1.1413","PSt7-10","180726-015","6/18/2019 6:14:49 AM","0000-00","0","no battery","V"
"06/28/2019","10:30:29","6","default","651713401","OXY_CH6","5.912","min","139.374","μmol/L","Humid","23.971","deg","202488","µV","30.822","°C","1015.000","hPa","36.5","pmil","0","55.720","deg","20.000","°C","100.000","%a.s.","22.420","deg","20.000","°C","971.000","hPa","0.861","-0.02617","0.00035","0","0","13.56","Humid","56.77","1","57.00","370411.45","SABD0002000014","AAV2.0.0.13","3.0.1.1413","PSt7-10","180726-015","6/18/2019 6:14:49 AM","0000-00","0","no battery","V"
"06/28/2019","10:30:30","6","default","651713401","OXY_CH6","5.929","min","139.374","μmol/L","Humid","23.971","deg","202507","µV","30.822","°C","1015.000","hPa","36.5","pmil","0","55.720","deg","20.000","°C","100.000","%a.s.","22.420","deg","20.000","°C","971.000","hPa","0.861","-0.02617","0.00035","0","0","13.56","Humid","56.77","1","57.00","370426.87","SABD0002000014","AAV2.0.0.13","3.0.1.1413","PSt7-10","180726-015","6/18/2019 6:14:49 AM","0000-00","0","no battery","V"
"06/28/2019","10:30:31","6","default","651713401","OXY_CH6","5.946","min","139.367","μmol/L","Humid","23.974","deg","202519","µV","30.816","°C","1015.000","hPa","36.5","pmil","0","55.720","deg","20.000","°C","100.000","%a.s.","22.420","deg","20.000","°C","971.000","hPa","0.861","-0.02617","0.00035","0","0","13.56","Humid","56.77","1","57.00","370429.21","SABD0002000014","AAV2.0.0.13","3.0.1.1413","PSt7-10","180726-015","6/18/2019 6:14:49 AM","0000-00","0","no battery","V"
"06/28/2019","10:30:32","6","default","651713401","OXY_CH6","5.963","min","139.351","μmol/L","Humid","23.973","deg","202530","µV","30.822","°C","1015.000","hPa","36.5","pmil","0","55.720","deg","20.000","°C","100.000","%a.s.","22.420","deg","20.000","°C","971.000","hPa","0.861","-0.02617","0.00035","0","0","13.56","Humid","56.77","1","57.00","370425.40","SABD0002000014","AAV2.0.0.13","3.0.1.1413","PSt7-10","180726-015","6/18/2019 6:14:49 AM","0000-00","0","no battery","V"
"06/28/2019","10:30:33","6","default","651713401","OXY_CH6","5.979","min","139.344","μmol/L","Humid","23.976","deg","202541","µV","30.816","°C","1015.000","hPa","36.5","pmil","0","55.720","deg","20.000","°C","100.000","%a.s.","22.420","deg","20.000","°C","971.000","hPa","0.861","-0.02617","0.00035","0","0","13.56","Humid","56.77","1","57.00","370423.32","SABD0002000014","AAV2.0.0.13","3.0.1.1413","PSt7-10","180726-015","6/18/2019 6:14:49 AM","0000-00","0","no battery","V"
"06/28/2019","10:30:34","6","default","651713401","OXY_CH6","5.996","min","139.332","μmol/L","Humid","23.977","deg","202550","µV","30.816","°C","1015.000","hPa","36.5","pmil","0","55.720","deg","20.000","°C","100.000","%a.s.","22.420","deg","20.000","°C","971.000","hPa","0.861","-0.02617","0.00035","0","0","13.56","Humid","56.77","1","57.00","370429.14","SABD0002000014","AAV2.0.0.13","3.0.1.1413","PSt7-10","180726-015","6/18/2019 6:14:49 AM","0000-00","0","no battery","V"
"06/28/2019","10:30:35","6","default","651713401","OXY_CH6","6.013","min","139.320","μmol/L","Humid","23.978","deg","202558","µV","30.816","°C","1015.000","hPa","36.5","pmil","0","55.720","deg","20.000","°C","100.000","%a.s.","22.420","deg","20.000","°C","971.000","hPa","0.861","-0.02617","0.00035","0","0","13.56","Humid","56.77","1","57.00","370415.76","SABD0002000014","AAV2.0.0.13","3.0.1.1413","PSt7-10","180726-015","6/18/2019 6:14:49 AM","0000-00","0","no battery","V"
"06/28/2019","10:30:36","6","default","651713401","OXY_CH6","6.030","min","139.293","μmol/L","Humid","23.978","deg","202592","µV","30.822","°C","1015.000","hPa","36.5","pmil","0","55.720","deg","20.000","°C","100.000","%a.s.","22.420","deg","20.000","°C","971.000","hPa","0.861","-0.02617","0.00035","0","0","13.56","Humid","56.77","1","57.00","370422.28","SABD0002000014","AAV2.0.0.13","3.0.1.1413","PSt7-10","180726-015","6/18/2019 6:14:49 AM","0000-00","0","no battery","V"
"06/28/2019","10:30:37","6","default","651713401","OXY_CH6","6.046","min","139.246","μmol/L","Humid","23.982","deg","202599","µV","30.822","°C","1015.000","hPa","36.5","pmil","0","55.720","deg","20.000","°C","100.000","%a.s.","22.420","deg","20.000","°C","971.000","hPa","0.861","-0.02617","0.00035","0","0","13.56","Humid","56.77","1","57.00","370410.24","SABD0002000014","AAV2.0.0.13","3.0.1.1413","PSt7-10","180726-015","6/18/2019 6:14:49 AM","0000-00","0","no battery","V"
"06/28/2019","10:30:38","6","default","651713401","OXY_CH6","6.063","min","139.196","μmol/L","Humid","23.984","deg","202600","µV","30.829","°C","1015.000","hPa","36.5","pmil","0","55.720","deg","20.000","°C","100.000","%a.s.","22.420","deg","20.000","°C","971.000","hPa","0.861","-0.02617","0.00035","0","0","13.56","Humid","56.77","1","57.00","370403.64","SABD0002000014","AAV2.0.0.13","3.0.1.1413","PSt7-10","180726-015","6/18/2019 6:14:49 AM","0000-00","0","no battery","V"
"06/28/2019","10:30:39","6","default","651713401","OXY_CH6","6.079","min","139.200","μmol/L","Humid","23.986","deg","202624","µV","30.822","°C","1015.000","hPa","36.5","pmil","0","55.720","deg","20.000","°C","100.000","%a.s.","22.420","deg","20.000","°C","971.000","hPa","0.861","-0.02617","0.00035","0","0","13.56","Humid","56.77","1","57.00","370394.38","SABD0002000014","AAV2.0.0.13","3.0.1.1413","PSt7-10","180726-015","6/18/2019 6:14:49 AM","0000-00","0","no battery","V"
"06/28/2019","10:30:40","6","default","651713401","OXY_CH6","6.096","min","139.189","μmol/L","Humid","23.987","deg","202632","µV","30.822","°C","1015.000","hPa","36.5","pmil","0","55.720","deg","20.000","°C","100.000","%a.s.","22.420","deg","20.000","°C","971.000","hPa","0.861","-0.02617","0.00035","0","0","13.56","Humid","56.77","1","57.00","370399.01","SABD0002000014","AAV2.0.0.13","3.0.1.1413","PSt7-10","180726-015","6/18/2019 6:14:49 AM","0000-00","0","no battery","V"
"06/28/2019","10:30:41","6","default","651713401","OXY_CH6","6.113","min","139.166","μmol/L","Humid","23.989","deg","202661","µV","30.822","°C","1015.000","hPa","36.5","pmil","0","55.720","deg","20.000","°C","100.000","%a.s.","22.420","deg","20.000","°C","971.000","hPa","0.861","-0.02617","0.00035","0","0","13.56","Humid","56.77","1","57.00","370415.13","SABD0002000014","AAV2.0.0.13","3.0.1.1413","PSt7-10","180726-015","6/18/2019 6:14:49 AM","0000-00","0","no battery","V"
"06/28/2019","10:30:42","6","default","651713401","OXY_CH6","6.130","min","139.154","μmol/L","Humid","23.990","deg","202665","µV","30.822","°C","1015.000","hPa","36.5","pmil","0","55.720","deg","20.000","°C","100.000","%a.s.","22.420","deg","20.000","°C","971.000","hPa","0.861","-0.02617","0.00035","0","0","13.56","Humid","56.77","1","57.00","370401.22","SABD0002000014","AAV2.0.0.13","3.0.1.1413","PSt7-10","180726-015","6/18/2019 6:14:49 AM","0000-00","0","no battery","V"
"06/28/2019","10:30:43","6","default","651713401","OXY_CH6","6.146","min","139.087","μmol/L","Humid","23.991","deg","202684","µV","30.835","°C","1015.000","hPa","36.5","pmil","0","55.720","deg","20.000","°C","100.000","%a.s.","22.420","deg","20.000","°C","971.000","hPa","0.861","-0.02617","0.00035","0","0","13.56","Humid","56.77","1","57.00","370405.63","SABD0002000014","AAV2.0.0.13","3.0.1.1413","PSt7-10","180726-015","6/18/2019 6:14:49 AM","0000-00","0","no battery","V"
"06/28/2019","10:30:44","6","default","651713401","OXY_CH6","6.163","min","139.119","μmol/L","Humid","23.993","deg","202707","µV","30.822","°C","1015.000","hPa","36.5","pmil","0","55.720","deg","20.000","°C","100.000","%a.s.","22.420","deg","20.000","°C","971.000","hPa","0.861","-0.02617","0.00035","0","0","13.56","Humid","56.77","1","57.00","370399.88","SABD0002000014","AAV2.0.0.13","3.0.1.1413","PSt7-10","180726-015","6/18/2019 6:14:49 AM","0000-00","0","no battery","V"
"06/28/2019","10:30:45","6","default","651713401","OXY_CH6","6.179","min","139.085","μmol/L","Humid","23.996","deg","202717","µV","30.822","°C","1015.000","hPa","36.5","pmil","0","55.720","deg","20.000","°C","100.000","%a.s.","22.420","deg","20.000","°C","971.000","hPa","0.861","-0.02617","0.00035","0","0","13.56","Humid","56.77","1","57.00","370395.32","SABD0002000014","AAV2.0.0.13","3.0.1.1413","PSt7-10","180726-015","6/18/2019 6:14:49 AM","0000-00","0","no battery","V"
"06/28/2019","10:30:46","6","default","651713401","OXY_CH6","6.196","min","139.124","μmol/L","Humid","23.995","deg","202741","µV","30.816","°C","1015.000","hPa","36.5","pmil","0","55.720","deg","20.000","°C","100.000","%a.s.","22.420","deg","20.000","°C","971.000","hPa","0.861","-0.02617","0.00035","0","0","13.56","Humid","56.77","1","57.00","370391.20","SABD0002000014","AAV2.0.0.13","3.0.1.1413","PSt7-10","180726-015","6/18/2019 6:14:49 AM","0000-00","0","no battery","V"
"06/28/2019","10:30:47","6","default","651713401","OXY_CH6","6.213","min","139.089","μmol/L","Humid","23.998","deg","202744","µV","30.816","°C","1015.000","hPa","36.5","pmil","0","55.720","deg","20.000","°C","100.000","%a.s.","22.420","deg","20.000","°C","971.000","hPa","0.861","-0.02617","0.00035","0","0","13.56","Humid","56.77","1","57.00","370385.00","SABD0002000014","AAV2.0.0.13","3.0.1.1413","PSt7-10","180726-015","6/18/2019 6:14:49 AM","0000-00","0","no battery","V"
"06/28/2019","10:30:48","6","default","651713401","OXY_CH6","6.230","min","139.066","μmol/L","Humid","24.000","deg","202765","µV","30.816","°C","1015.000","hPa","36.5","pmil","0","55.720","deg","20.000","°C","100.000","%a.s.","22.420","deg","20.000","°C","971.000","hPa","0.861","-0.02617","0.00035","0","0","13.56","Humid","56.77","1","57.00","370390.89","SABD0002000014","AAV2.0.0.13","3.0.1.1413","PSt7-10","180726-015","6/18/2019 6:14:49 AM","0000-00","0","no battery","V"
"06/28/2019","10:30:49","6","default","651713401","OXY_CH6","6.246","min","138.988","μmol/L","Humid","24.002","deg","202778","µV","30.829","°C","1015.000","hPa","36.5","pmil","0","55.720","deg","20.000","°C","100.000","%a.s.","22.420","deg","20.000","°C","971.000","hPa","0.861","-0.02617","0.00035","0","0","13.56","Humid","56.77","1","57.00","370397.05","SABD0002000014","AAV2.0.0.13","3.0.1.1413","PSt7-10","180726-015","6/18/2019 6:14:49 AM","0000-00","0","no battery","V"
"06/28/2019","10:30:50","6","default","651713401","OXY_CH6","6.262","min","139.004","μmol/L","Humid","24.003","deg","202787","µV","30.822","°C","1015.000","hPa","36.5","pmil","0","55.720","deg","20.000","°C","100.000","%a.s.","22.420","deg","20.000","°C","971.000","hPa","0.861","-0.02617","0.00035","0","0","13.56","Humid","56.77","1","57.00","370383.35","SABD0002000014","AAV2.0.0.13","3.0.1.1413","PSt7-10","180726-015","6/18/2019 6:14:49 AM","0000-00","0","no battery","V"
"06/28/2019","10:30:51","6","default","651713401","OXY_CH6","6.279","min","139.015","μmol/L","Humid","24.002","deg","202814","µV","30.822","°C","1015.000","hPa","36.5","pmil","0","55.720","deg","20.000","°C","100.000","%a.s.","22.420","deg","20.000","°C","971.000","hPa","0.861","-0.02617","0.00035","0","0","13.56","Humid","56.77","1","57.00","370384.06","SABD0002000014","AAV2.0.0.13","3.0.1.1413","PSt7-10","180726-015","6/18/2019 6:14:49 AM","0000-00","0","no battery","V"
"06/28/2019","10:30:52","6","default","651713401","OXY_CH6","6.296","min","138.992","μmol/L","Humid","24.004","deg","202815","µV","30.822","°C","1015.000","hPa","36.5","pmil","0","55.720","deg","20.000","°C","100.000","%a.s.","22.420","deg","20.000","°C","971.000","hPa","0.861","-0.02617","0.00035","0","0","13.56","Humid","56.77","1","57.00","370384.67","SABD0002000014","AAV2.0.0.13","3.0.1.1413","PSt7-10","180726-015","6/18/2019 6:14:49 AM","0000-00","0","no battery","V"
"06/28/2019","10:30:53","6","default","651713401","OXY_CH6","6.312","min","138.946","μmol/L","Humid","24.008","deg","202833","µV","30.822","°C","1015.000","hPa","36.5","pmil","0","55.720","deg","20.000","°C","100.000","%a.s.","22.420","deg","20.000","°C","971.000","hPa","0.861","-0.02617","0.00035","0","0","13.56","Humid","56.77","1","57.00","370387.44","SABD0002000014","AAV2.0.0.13","3.0.1.1413","PSt7-10","180726-015","6/18/2019 6:14:49 AM","0000-00","0","no battery","V"
"06/28/2019","10:30:54","6","default","651713401","OXY_CH6","6.329","min","138.946","μmol/L","Humid","24.008","deg","202846","µV","30.822","°C","1015.000","hPa","36.5","pmil","0","55.720","deg","20.000","°C","100.000","%a.s.","22.420","deg","20.000","°C","971.000","hPa","0.861","-0.02617","0.00035","0","0","13.56","Humid","56.77","1","57.00","370374.66","SABD0002000014","AAV2.0.0.13","3.0.1.1413","PSt7-10","180726-015","6/18/2019 6:14:49 AM","0000-00","0","no battery","V"
"06/28/2019","10:30:55","6","default","651713401","OXY_CH6","6.346","min","138.911","μmol/L","Humid","24.011","deg","202850","µV","30.822","°C","1015.000","hPa","36.5","pmil","0","55.720","deg","20.000","°C","100.000","%a.s.","22.420","deg","20.000","°C","971.000","hPa","0.861","-0.02617","0.00035","0","0","13.56","Humid","56.77","1","57.00","370370.91","SABD0002000014","AAV2.0.0.13","3.0.1.1413","PSt7-10","180726-015","6/18/2019 6:14:49 AM","0000-00","0","no battery","V"
"06/28/2019","10:30:56","6","default","651713401","OXY_CH6","6.362","min","138.822","μmol/L","Humid","24.014","deg","202869","µV","30.835","°C","1015.000","hPa","36.5","pmil","0","55.720","deg","20.000","°C","100.000","%a.s.","22.420","deg","20.000","°C","971.000","hPa","0.861","-0.02617","0.00035","0","0","13.56","Humid","56.77","1","57.00","370376.51","SABD0002000014","AAV2.0.0.13","3.0.1.1413","PSt7-10","180726-015","6/18/2019 6:14:49 AM","0000-00","0","no battery","V"
"06/28/2019","10:30:57","6","default","651713401","OXY_CH6","6.379","min","138.849","μmol/L","Humid","24.014","deg","202889","µV","30.829","°C","1015.000","hPa","36.5","pmil","0","55.720","deg","20.000","°C","100.000","%a.s.","22.420","deg","20.000","°C","971.000","hPa","0.861","-0.02617","0.00035","0","0","13.56","Humid","56.77","1","57.00","370362.60","SABD0002000014","AAV2.0.0.13","3.0.1.1413","PSt7-10","180726-015","6/18/2019 6:14:49 AM","0000-00","0","no battery","V"
"06/28/2019","10:30:58","6","default","651713401","OXY_CH6","6.396","min","138.815","μmol/L","Humid","24.017","deg","202905","µV","30.829","°C","1015.000","hPa","36.5","pmil","0","55.720","deg","20.000","°C","100.000","%a.s.","22.420","deg","20.000","°C","971.000","hPa","0.861","-0.02617","0.00035","0","0","13.56","Humid","56.77","1","57.00","370382.92","SABD0002000014","AAV2.0.0.13","3.0.1.1413","PSt7-10","180726-015","6/18/2019 6:14:49 AM","0000-00","0","no battery","V"
"06/28/2019","10:30:59","6","default","651713401","OXY_CH6","6.413","min","138.803","μmol/L","Humid","24.018","deg","202907","µV","30.829","°C","1015.000","hPa","36.5","pmil","0","55.720","deg","20.000","°C","100.000","%a.s.","22.420","deg","20.000","°C","971.000","hPa","0.861","-0.02617","0.00035","0","0","13.56","Humid","56.77","1","57.00","370367.65","SABD0002000014","AAV2.0.0.13","3.0.1.1413","PSt7-10","180726-015","6/18/2019 6:14:49 AM","0000-00","0","no battery","V"
"06/28/2019","10:31:00","6","default","651713401","OXY_CH6","6.430","min","138.815","μmol/L","Humid","24.017","deg","202909","µV","30.829","°C","1015.000","hPa","36.5","pmil","0","55.720","deg","20.000","°C","100.000","%a.s.","22.420","deg","20.000","°C","971.000","hPa","0.861","-0.02617","0.00035","0","0","13.56","Humid","56.77","1","57.00","370373.88","SABD0002000014","AAV2.0.0.13","3.0.1.1413","PSt7-10","180726-015","6/18/2019 6:14:49 AM","0000-00","0","no battery","V"
"06/28/2019","10:31:01","6","default","651713401","OXY_CH6","6.447","min","138.831","μmol/L","Humid","24.018","deg","202934","µV","30.822","°C","1015.000","hPa","36.5","pmil","0","55.720","deg","20.000","°C","100.000","%a.s.","22.420","deg","20.000","°C","971.000","hPa","0.861","-0.02617","0.00035","0","0","13.56","Humid","56.77","1","57.00","370376.02","SABD0002000014","AAV2.0.0.13","3.0.1.1413","PSt7-10","180726-015","6/18/2019 6:14:49 AM","0000-00","0","no battery","V"
"06/28/2019","10:31:02","6","default","651713401","OXY_CH6","6.463","min","138.769","μmol/L","Humid","24.021","deg","202933","µV","30.829","°C","1015.000","hPa","36.5","pmil","0","55.720","deg","20.000","°C","100.000","%a.s.","22.420","deg","20.000","°C","971.000","hPa","0.861","-0.02617","0.00035","0","0","13.56","Humid","56.77","1","57.00","370367.72","SABD0002000014","AAV2.0.0.13","3.0.1.1413","PSt7-10","180726-015","6/18/2019 6:14:49 AM","0000-00","0","no battery","V"
"06/28/2019","10:31:03","6","default","651713401","OXY_CH6","6.479","min","138.746","μmol/L","Humid","24.023","deg","202967","µV","30.829","°C","1015.000","hPa","36.5","pmil","0","55.720","deg","20.000","°C","100.000","%a.s.","22.420","deg","20.000","°C","971.000","hPa","0.861","-0.02617","0.00035","0","0","13.56","Humid","56.77","1","57.00","370372.11","SABD0002000014","AAV2.0.0.13","3.0.1.1413","PSt7-10","180726-015","6/18/2019 6:14:49 AM","0000-00","0","no battery","V"
"06/28/2019","10:31:04","6","default","651713401","OXY_CH6","6.497","min","138.778","μmol/L","Humid","24.025","deg","202987","µV","30.816","°C","1015.000","hPa","36.5","pmil","0","55.720","deg","20.000","°C","100.000","%a.s.","22.420","deg","20.000","°C","971.000","hPa","0.861","-0.02617","0.00035","0","0","13.56","Humid","56.77","1","57.00","370374.78","SABD0002000014","AAV2.0.0.13","3.0.1.1413","PSt7-10","180726-015","6/18/2019 6:14:49 AM","0000-00","0","no battery","V"
"06/28/2019","10:31:05","6","default","651713401","OXY_CH6","6.513","min","138.711","μmol/L","Humid","24.026","deg","202996","µV","30.829","°C","1015.000","hPa","36.5","pmil","0","55.720","deg","20.000","°C","100.000","%a.s.","22.420","deg","20.000","°C","971.000","hPa","0.861","-0.02617","0.00035","0","0","13.56","Humid","56.77","1","57.00","370369.24","SABD0002000014","AAV2.0.0.13","3.0.1.1413","PSt7-10","180726-015","6/18/2019 6:14:49 AM","0000-00","0","no battery","V"
"06/28/2019","10:31:06","6","default","651713401","OXY_CH6","6.530","min","138.727","μmol/L","Humid","24.027","deg","203021","µV","30.822","°C","1015.000","hPa","36.5","pmil","0","55.720","deg","20.000","°C","100.000","%a.s.","22.420","deg","20.000","°C","971.000","hPa","0.861","-0.02617","0.00035","0","0","13.56","Humid","56.77","1","57.00","370364.07","SABD0002000014","AAV2.0.0.13","3.0.1.1413","PSt7-10","180726-015","6/18/2019 6:14:49 AM","0000-00","0","no battery","V"
"06/28/2019","10:31:07","6","default","651713401","OXY_CH6","6.546","min","138.660","μmol/L","Humid","24.028","deg","203046","µV","30.835","°C","1015.000","hPa","36.5","pmil","0","55.720","deg","20.000","°C","100.000","%a.s.","22.420","deg","20.000","°C","971.000","hPa","0.861","-0.02617","0.00035","0","0","13.56","Humid","56.77","1","57.00","370374.11","SABD0002000014","AAV2.0.0.13","3.0.1.1413","PSt7-10","180726-015","6/18/2019 6:14:49 AM","0000-00","0","no battery","V"
"06/28/2019","10:31:08","6","default","651713401","OXY_CH6","6.562","min","138.653","μmol/L","Humid","24.031","deg","203040","µV","30.829","°C","1015.000","hPa","36.5","pmil","0","55.720","deg","20.000","°C","100.000","%a.s.","22.420","deg","20.000","°C","971.000","hPa","0.861","-0.02617","0.00035","0","0","13.56","Humid","56.77","1","57.00","370360.68","SABD0002000014","AAV2.0.0.13","3.0.1.1413","PSt7-10","180726-015","6/18/2019 6:14:49 AM","0000-00","0","no battery","V"
"06/28/2019","10:31:09","6","default","651713401","OXY_CH6","6.580","min","138.646","μmol/L","Humid","24.034","deg","203056","µV","30.822","°C","1015.000","hPa","36.5","pmil","0","55.720","deg","20.000","°C","100.000","%a.s.","22.420","deg","20.000","°C","971.000","hPa","0.861","-0.02617","0.00035","0","0","13.56","Humid","56.77","1","57.00","370359.07","SABD0002000014","AAV2.0.0.13","3.0.1.1413","PSt7-10","180726-015","6/18/2019 6:14:49 AM","0000-00","0","no battery","V"
"06/28/2019","10:31:10","6","default","651713401","OXY_CH6","6.596","min","138.619","μmol/L","Humid","24.034","deg","203065","µV","30.829","°C","1015.000","hPa","36.5","pmil","0","55.720","deg","20.000","°C","100.000","%a.s.","22.420","deg","20.000","°C","971.000","hPa","0.861","-0.02617","0.00035","0","0","13.56","Humid","56.77","1","57.00","370358.75","SABD0002000014","AAV2.0.0.13","3.0.1.1413","PSt7-10","180726-015","6/18/2019 6:14:49 AM","0000-00","0","no battery","V"
"06/28/2019","10:31:11","6","default","651713401","OXY_CH6","6.612","min","138.635","μmol/L","Humid","24.035","deg","203081","µV","30.822","°C","1015.000","hPa","36.5","pmil","0","55.720","deg","20.000","°C","100.000","%a.s.","22.420","deg","20.000","°C","971.000","hPa","0.861","-0.02617","0.00035","0","0","13.56","Humid","56.77","1","57.00","370354.07","SABD0002000014","AAV2.0.0.13","3.0.1.1413","PSt7-10","180726-015","6/18/2019 6:14:49 AM","0000-00","0","no battery","V"
"06/28/2019","10:31:12","6","default","651713401","OXY_CH6","6.630","min","138.568","μmol/L","Humid","24.036","deg","203092","µV","30.835","°C","1015.000","hPa","36.5","pmil","0","55.720","deg","20.000","°C","100.000","%a.s.","22.420","deg","20.000","°C","971.000","hPa","0.861","-0.02617","0.00035","0","0","13.56","Humid","56.77","1","57.00","370356.63","SABD0002000014","AAV2.0.0.13","3.0.1.1413","PSt7-10","180726-015","6/18/2019 6:14:49 AM","0000-00","0","no battery","V"
"06/28/2019","10:31:13","6","default","651713401","OXY_CH6","6.647","min","138.527","μmol/L","Humid","24.042","deg","203105","µV","30.829","°C","1015.000","hPa","36.5","pmil","0","55.720","deg","20.000","°C","100.000","%a.s.","22.420","deg","20.000","°C","971.000","hPa","0.861","-0.02617","0.00035","0","0","13.56","Humid","56.77","1","57.00","370349.29","SABD0002000014","AAV2.0.0.13","3.0.1.1413","PSt7-10","180726-015","6/18/2019 6:14:49 AM","0000-00","0","no battery","V"
"06/28/2019","10:31:14","6","default","651713401","OXY_CH6","6.663","min","138.522","μmol/L","Humid","24.040","deg","203104","µV","30.835","°C","1015.000","hPa","36.5","pmil","0","55.720","deg","20.000","°C","100.000","%a.s.","22.420","deg","20.000","°C","971.000","hPa","0.861","-0.02617","0.00035","0","0","13.56","Humid","56.77","1","57.00","370328.84","SABD0002000014","AAV2.0.0.13","3.0.1.1413","PSt7-10","180726-015","6/18/2019 6:14:49 AM","0000-00","0","no battery","V"
"06/28/2019","10:31:15","6","default","651713401","OXY_CH6","6.680","min","138.550","μmol/L","Humid","24.040","deg","203123","µV","30.829","°C","1015.000","hPa","36.5","pmil","0","55.720","deg","20.000","°C","100.000","%a.s.","22.420","deg","20.000","°C","971.000","hPa","0.861","-0.02617","0.00035","0","0","13.56","Humid","56.77","1","57.00","370333.90","SABD0002000014","AAV2.0.0.13","3.0.1.1413","PSt7-10","180726-015","6/18/2019 6:14:49 AM","0000-00","0","no battery","V"
"06/28/2019","10:31:16","6","default","651713401","OXY_CH6","6.697","min","138.499","μmol/L","Humid","24.042","deg","203146","µV","30.835","°C","1015.000","hPa","36.5","pmil","0","55.720","deg","20.000","°C","100.000","%a.s.","22.420","deg","20.000","°C","971.000","hPa","0.861","-0.02617","0.00035","0","0","13.56","Humid","56.77","1","57.00","370337.86","SABD0002000014","AAV2.0.0.13","3.0.1.1413","PSt7-10","180726-015","6/18/2019 6:14:49 AM","0000-00","0","no battery","V"
"06/28/2019","10:31:17","6","default","651713401","OXY_CH6","6.713","min","138.492","μmol/L","Humid","24.045","deg","203155","µV","30.829","°C","1015.000","hPa","36.5","pmil","0","55.720","deg","20.000","°C","100.000","%a.s.","22.420","deg","20.000","°C","971.000","hPa","0.861","-0.02617","0.00035","0","0","13.56","Humid","56.77","1","57.00","370327.69","SABD0002000014","AAV2.0.0.13","3.0.1.1413","PSt7-10","180726-015","6/18/2019 6:14:49 AM","0000-00","0","no battery","V"
"06/28/2019","10:31:18","6","default","651713401","OXY_CH6","6.730","min","138.481","μmol/L","Humid","24.046","deg","203169","µV","30.829","°C","1015.000","hPa","36.5","pmil","0","55.720","deg","20.000","°C","100.000","%a.s.","22.420","deg","20.000","°C","971.000","hPa","0.861","-0.02617","0.00035","0","0","13.56","Humid","56.77","1","57.00","370326.79","SABD0002000014","AAV2.0.0.13","3.0.1.1413","PSt7-10","180726-015","6/18/2019 6:14:49 AM","0000-00","0","no battery","V"
"06/28/2019","10:31:19","6","default","651713401","OXY_CH6","6.747","min","138.469","μmol/L","Humid","24.047","deg","203178","µV","30.829","°C","1015.000","hPa","36.5","pmil","0","55.720","deg","20.000","°C","100.000","%a.s.","22.420","deg","20.000","°C","971.000","hPa","0.861","-0.02617","0.00035","0","0","13.56","Humid","56.77","1","57.00","370330.75","SABD0002000014","AAV2.0.0.13","3.0.1.1413","PSt7-10","180726-015","6/18/2019 6:14:49 AM","0000-00","0","no battery","V"
"06/28/2019","10:31:20","6","default","651713401","OXY_CH6","6.763","min","138.419","μmol/L","Humid","24.049","deg","203191","µV","30.835","°C","1015.000","hPa","36.5","pmil","0","55.720","deg","20.000","°C","100.000","%a.s.","22.420","deg","20.000","°C","971.000","hPa","0.861","-0.02617","0.00035","0","0","13.56","Humid","56.77","1","57.00","370312.92","SABD0002000014","AAV2.0.0.13","3.0.1.1413","PSt7-10","180726-015","6/18/2019 6:14:49 AM","0000-00","0","no battery","V"
"06/28/2019","10:31:21","6","default","651713401","OXY_CH6","6.780","min","138.373","μmol/L","Humid","24.053","deg","203212","µV","30.835","°C","1015.000","hPa","36.5","pmil","0","55.720","deg","20.000","°C","100.000","%a.s.","22.420","deg","20.000","°C","971.000","hPa","0.861","-0.02617","0.00035","0","0","13.56","Humid","56.77","1","57.00","370328.42","SABD0002000014","AAV2.0.0.13","3.0.1.1413","PSt7-10","180726-015","6/18/2019 6:14:49 AM","0000-00","0","no battery","V"
"06/28/2019","10:31:22","6","default","651713401","OXY_CH6","6.796","min","138.423","μmol/L","Humid","24.051","deg","203224","µV","30.829","°C","1015.000","hPa","36.5","pmil","0","55.720","deg","20.000","°C","100.000","%a.s.","22.420","deg","20.000","°C","971.000","hPa","0.861","-0.02617","0.00035","0","0","13.56","Humid","56.77","1","57.00","370331.66","SABD0002000014","AAV2.0.0.13","3.0.1.1413","PSt7-10","180726-015","6/18/2019 6:14:49 AM","0000-00","0","no battery","V"
"06/28/2019","10:31:23","6","default","651713401","OXY_CH6","6.813","min","138.350","μmol/L","Humid","24.055","deg","203246","µV","30.835","°C","1015.000","hPa","36.5","pmil","0","55.720","deg","20.000","°C","100.000","%a.s.","22.420","deg","20.000","°C","971.000","hPa","0.861","-0.02617","0.00035","0","0","13.56","Humid","56.77","1","57.00","370345.70","SABD0002000014","AAV2.0.0.13","3.0.1.1413","PSt7-10","180726-015","6/18/2019 6:14:49 AM","0000-00","0","no battery","V"
"06/28/2019","10:31:24","6","default","651713401","OXY_CH6","6.829","min","138.350","μmol/L","Humid","24.055","deg","203260","µV","30.835","°C","1015.000","hPa","36.5","pmil","0","55.720","deg","20.000","°C","100.000","%a.s.","22.420","deg","20.000","°C","971.000","hPa","0.861","-0.02617","0.00035","0","0","13.56","Humid","56.77","1","57.00","370311.18","SABD0002000014","AAV2.0.0.13","3.0.1.1413","PSt7-10","180726-015","6/18/2019 6:14:49 AM","0000-00","0","no battery","V"
"06/28/2019","10:31:25","6","default","651713401","OXY_CH6","6.846","min","138.316","μmol/L","Humid","24.058","deg","203276","µV","30.835","°C","1015.000","hPa","36.5","pmil","0","55.720","deg","20.000","°C","100.000","%a.s.","22.420","deg","20.000","°C","971.000","hPa","0.861","-0.02617","0.00035","0","0","13.56","Humid","56.77","1","57.00","370332.37","SABD0002000014","AAV2.0.0.13","3.0.1.1413","PSt7-10","180726-015","6/18/2019 6:14:49 AM","0000-00","0","no battery","V"
"06/28/2019","10:31:26","6","default","651713401","OXY_CH6","6.862","min","138.327","μmol/L","Humid","24.057","deg","203282","µV","30.835","°C","1015.000","hPa","36.5","pmil","0","55.720","deg","20.000","°C","100.000","%a.s.","22.420","deg","20.000","°C","971.000","hPa","0.861","-0.02617","0.00035","0","0","13.56","Humid","56.77","1","57.00","370324.67","SABD0002000014","AAV2.0.0.13","3.0.1.1413","PSt7-10","180726-015","6/18/2019 6:14:49 AM","0000-00","0","no battery","V"
"06/28/2019","10:31:27","6","default","651713401","OXY_CH6","6.879","min","138.258","μmol/L","Humid","24.063","deg","203302","µV","30.835","°C","1015.000","hPa","36.5","pmil","0","55.720","deg","20.000","°C","100.000","%a.s.","22.420","deg","20.000","°C","971.000","hPa","0.861","-0.02617","0.00035","0","0","13.56","Humid","56.77","1","57.00","370321.21","SABD0002000014","AAV2.0.0.13","3.0.1.1413","PSt7-10","180726-015","6/18/2019 6:14:49 AM","0000-00","0","no battery","V"
"06/28/2019","10:31:28","6","default","651713401","OXY_CH6","6.896","min","138.242","μmol/L","Humid","24.062","deg","203305","µV","30.841","°C","1015.000","hPa","36.5","pmil","0","55.720","deg","20.000","°C","100.000","%a.s.","22.420","deg","20.000","°C","971.000","hPa","0.861","-0.02617","0.00035","0","0","13.56","Humid","56.77","1","57.00","370333.51","SABD0002000014","AAV2.0.0.13","3.0.1.1413","PSt7-10","180726-015","6/18/2019 6:14:49 AM","0000-00","0","no battery","V"
"06/28/2019","10:31:29","6","default","651713401","OXY_CH6","6.912","min","138.247","μmol/L","Humid","24.064","deg","203319","µV","30.835","°C","1015.000","hPa","36.5","pmil","0","55.720","deg","20.000","°C","100.000","%a.s.","22.420","deg","20.000","°C","971.000","hPa","0.861","-0.02617","0.00035","0","0","13.56","Humid","56.77","1","57.00","370314.28","SABD0002000014","AAV2.0.0.13","3.0.1.1413","PSt7-10","180726-015","6/18/2019 6:14:49 AM","0000-00","0","no battery","V"
"06/28/2019","10:31:30","6","default","651713401","OXY_CH6","6.929","min","138.247","μmol/L","Humid","24.064","deg","203342","µV","30.835","°C","1015.000","hPa","36.5","pmil","0","55.720","deg","20.000","°C","100.000","%a.s.","22.420","deg","20.000","°C","971.000","hPa","0.861","-0.02617","0.00035","0","0","13.56","Humid","56.77","1","57.00","370318.07","SABD0002000014","AAV2.0.0.13","3.0.1.1413","PSt7-10","180726-015","6/18/2019 6:14:49 AM","0000-00","0","no battery","V"
"06/28/2019","10:31:31","6","default","651713401","OXY_CH6","6.946","min","138.240","μmol/L","Humid","24.067","deg","203360","µV","30.829","°C","1015.000","hPa","36.5","pmil","0","55.720","deg","20.000","°C","100.000","%a.s.","22.420","deg","20.000","°C","971.000","hPa","0.861","-0.02617","0.00035","0","0","13.56","Humid","56.77","1","57.00","370312.94","SABD0002000014","AAV2.0.0.13","3.0.1.1413","PSt7-10","180726-015","6/18/2019 6:14:49 AM","0000-00","0","no battery","V"
"06/28/2019","10:31:32","6","default","651713401","OXY_CH6","6.963","min","138.201","μmol/L","Humid","24.068","deg","203370","µV","30.835","°C","1015.000","hPa","36.5","pmil","0","55.720","deg","20.000","°C","100.000","%a.s.","22.420","deg","20.000","°C","971.000","hPa","0.861","-0.02617","0.00035","0","0","13.56","Humid","56.77","1","57.00","370322.71","SABD0002000014","AAV2.0.0.13","3.0.1.1413","PSt7-10","180726-015","6/18/2019 6:14:49 AM","0000-00","0","no battery","V"
"06/28/2019","10:31:33","6","default","651713401","OXY_CH6","6.980","min","138.217","μmol/L","Humid","24.069","deg","203381","µV","30.829","°C","1015.000","hPa","36.5","pmil","0","55.720","deg","20.000","°C","100.000","%a.s.","22.420","deg","20.000","°C","971.000","hPa","0.861","-0.02617","0.00035","0","0","13.56","Humid","56.77","1","57.00","370319.72","SABD0002000014","AAV2.0.0.13","3.0.1.1413","PSt7-10","180726-015","6/18/2019 6:14:49 AM","0000-00","0","no battery","V"
"06/28/2019","10:31:34","6","default","651713401","OXY_CH6","6.996","min","138.166","μmol/L","Humid","24.071","deg","203385","µV","30.835","°C","1015.000","hPa","36.5","pmil","0","55.720","deg","20.000","°C","100.000","%a.s.","22.420","deg","20.000","°C","971.000","hPa","0.861","-0.02617","0.00035","0","0","13.56","Humid","56.77","1","57.00","370306.40","SABD0002000014","AAV2.0.0.13","3.0.1.1413","PSt7-10","180726-015","6/18/2019 6:14:49 AM","0000-00","0","no battery","V"
"06/28/2019","10:31:35","6","default","651713401","OXY_CH6","7.013","min","138.132","μmol/L","Humid","24.074","deg","203418","µV","30.835","°C","1015.000","hPa","36.5","pmil","0","55.720","deg","20.000","°C","100.000","%a.s.","22.420","deg","20.000","°C","971.000","hPa","0.861","-0.02617","0.00035","0","0","13.56","Humid","56.77","1","57.00","370309.75","SABD0002000014","AAV2.0.0.13","3.0.1.1413","PSt7-10","180726-015","6/18/2019 6:14:49 AM","0000-00","0","no battery","V"
"06/28/2019","10:31:36","6","default","651713401","OXY_CH6","7.029","min","138.132","μmol/L","Humid","24.074","deg","203414","µV","30.835","°C","1015.000","hPa","36.5","pmil","0","55.720","deg","20.000","°C","100.000","%a.s.","22.420","deg","20.000","°C","971.000","hPa","0.861","-0.02617","0.00035","0","0","13.56","Humid","56.77","1","57.00","370314.82","SABD0002000014","AAV2.0.0.13","3.0.1.1413","PSt7-10","180726-015","6/18/2019 6:14:49 AM","0000-00","0","no battery","V"
"06/28/2019","10:31:37","6","default","651713401","OXY_CH6","7.046","min","138.125","μmol/L","Humid","24.077","deg","203438","µV","30.829","°C","1015.000","hPa","36.5","pmil","0","55.720","deg","20.000","°C","100.000","%a.s.","22.420","deg","20.000","°C","971.000","hPa","0.861","-0.02617","0.00035","0","0","13.56","Humid","56.77","1","57.00","370309.71","SABD0002000014","AAV2.0.0.13","3.0.1.1413","PSt7-10","180726-015","6/18/2019 6:14:49 AM","0000-00","0","no battery","V"
"06/28/2019","10:31:38","6","default","651713401","OXY_CH6","7.063","min","138.125","μmol/L","Humid","24.077","deg","203453","µV","30.829","°C","1015.000","hPa","36.5","pmil","0","55.720","deg","20.000","°C","100.000","%a.s.","22.420","deg","20.000","°C","971.000","hPa","0.861","-0.02617","0.00035","0","0","13.56","Humid","56.77","1","57.00","370309.58","SABD0002000014","AAV2.0.0.13","3.0.1.1413","PSt7-10","180726-015","6/18/2019 6:14:49 AM","0000-00","0","no battery","V"
"06/28/2019","10:31:39","6","default","651713401","OXY_CH6","7.079","min","138.063","μmol/L","Humid","24.080","deg","203458","µV","30.835","°C","1015.000","hPa","36.5","pmil","0","55.720","deg","20.000","°C","100.000","%a.s.","22.420","deg","20.000","°C","971.000","hPa","0.861","-0.02617","0.00035","0","0","13.56","Humid","56.77","1","57.00","370301.24","SABD0002000014","AAV2.0.0.13","3.0.1.1413","PSt7-10","180726-015","6/18/2019 6:14:49 AM","0000-00","0","no battery","V"
"06/28/2019","10:31:40","6","default","651713401","OXY_CH6","7.096","min","138.013","μmol/L","Humid","24.082","deg","203489","µV","30.841","°C","1015.000","hPa","36.5","pmil","0","55.720","deg","20.000","°C","100.000","%a.s.","22.420","deg","20.000","°C","971.000","hPa","0.861","-0.02617","0.00035","0","0","13.56","Humid","56.77","1","57.00","370307.74","SABD0002000014","AAV2.0.0.13","3.0.1.1413","PSt7-10","180726-015","6/18/2019 6:14:49 AM","0000-00","0","no battery","V"
"06/28/2019","10:31:41","6","default","651713401","OXY_CH6","7.113","min","137.974","μmol/L","Humid","24.083","deg","203485","µV","30.847","°C","1015.000","hPa","36.5","pmil","0","55.720","deg","20.000","°C","100.000","%a.s.","22.420","deg","20.000","°C","971.000","hPa","0.861","-0.02617","0.00035","0","0","13.56","Humid","56.77","1","57.00","370295.29","SABD0002000014","AAV2.0.0.13","3.0.1.1413","PSt7-10","180726-015","6/18/2019 6:14:49 AM","0000-00","0","no battery","V"
"06/28/2019","10:31:42","6","default","651713401","OXY_CH6","7.129","min","137.995","μmol/L","Humid","24.086","deg","203503","µV","30.835","°C","1015.000","hPa","36.5","pmil","0","55.720","deg","20.000","°C","100.000","%a.s.","22.420","deg","20.000","°C","971.000","hPa","0.861","-0.02617","0.00035","0","0","13.56","Humid","56.77","1","57.00","370294.01","SABD0002000014","AAV2.0.0.13","3.0.1.1413","PSt7-10","180726-015","6/18/2019 6:14:49 AM","0000-00","0","no battery","V"
"06/28/2019","10:31:43","6","default","651713401","OXY_CH6","7.147","min","137.983","μmol/L","Humid","24.087","deg","203518","µV","30.835","°C","1015.000","hPa","36.5","pmil","0","55.720","deg","20.000","°C","100.000","%a.s.","22.420","deg","20.000","°C","971.000","hPa","0.861","-0.02617","0.00035","0","0","13.56","Humid","56.77","1","57.00","370299.26","SABD0002000014","AAV2.0.0.13","3.0.1.1413","PSt7-10","180726-015","6/18/2019 6:14:49 AM","0000-00","0","no battery","V"
"06/28/2019","10:31:44","6","default","651713401","OXY_CH6","7.163","min","138.034","μmol/L","Humid","24.085","deg","203530","µV","30.829","°C","1015.000","hPa","36.5","pmil","0","55.720","deg","20.000","°C","100.000","%a.s.","22.420","deg","20.000","°C","971.000","hPa","0.861","-0.02617","0.00035","0","0","13.56","Humid","56.77","1","57.00","370296.62","SABD0002000014","AAV2.0.0.13","3.0.1.1413","PSt7-10","180726-015","6/18/2019 6:14:49 AM","0000-00","0","no battery","V"
"06/28/2019","10:31:45","6","default","651713401","OXY_CH6","7.179","min","137.921","μmol/L","Humid","24.090","deg","203545","µV","30.841","°C","1015.000","hPa","36.5","pmil","0","55.720","deg","20.000","°C","100.000","%a.s.","22.420","deg","20.000","°C","971.000","hPa","0.861","-0.02617","0.00035","0","0","13.56","Humid","56.77","1","57.00","370299.25","SABD0002000014","AAV2.0.0.13","3.0.1.1413","PSt7-10","180726-015","6/18/2019 6:14:49 AM","0000-00","0","no battery","V"
"06/28/2019","10:31:46","6","default","651713401","OXY_CH6","7.196","min","137.910","μmol/L","Humid","24.091","deg","203553","µV","30.841","°C","1015.000","hPa","36.5","pmil","0","55.720","deg","20.000","°C","100.000","%a.s.","22.420","deg","20.000","°C","971.000","hPa","0.861","-0.02617","0.00035","0","0","13.56","Humid","56.77","1","57.00","370280.88","SABD0002000014","AAV2.0.0.13","3.0.1.1413","PSt7-10","180726-015","6/18/2019 6:14:49 AM","0000-00","0","no battery","V"
"06/28/2019","10:31:47","6","default","651713401","OXY_CH6","7.213","min","137.942","μmol/L","Humid","24.093","deg","203562","µV","30.829","°C","1015.000","hPa","36.5","pmil","0","55.720","deg","20.000","°C","100.000","%a.s.","22.420","deg","20.000","°C","971.000","hPa","0.861","-0.02617","0.00035","0","0","13.56","Humid","56.77","1","57.00","370269.96","SABD0002000014","AAV2.0.0.13","3.0.1.1413","PSt7-10","180726-015","6/18/2019 6:14:49 AM","0000-00","0","no battery","V"
"06/28/2019","10:31:48","6","default","651713401","OXY_CH6","7.230","min","137.953","μmol/L","Humid","24.092","deg","203584","µV","30.829","°C","1015.000","hPa","36.5","pmil","0","55.720","deg","20.000","°C","100.000","%a.s.","22.420","deg","20.000","°C","971.000","hPa","0.861","-0.02617","0.00035","0","0","13.56","Humid","56.77","1","57.00","370282.22","SABD0002000014","AAV2.0.0.13","3.0.1.1413","PSt7-10","180726-015","6/18/2019 6:14:49 AM","0000-00","0","no battery","V"
"06/28/2019","10:31:49","6","default","651713401","OXY_CH6","7.247","min","137.853","μmol/L","Humid","24.096","deg","203610","µV","30.841","°C","1015.000","hPa","36.5","pmil","0","55.720","deg","20.000","°C","100.000","%a.s.","22.420","deg","20.000","°C","971.000","hPa","0.861","-0.02617","0.00035","0","0","13.56","Humid","56.77","1","57.00","370264.34","SABD0002000014","AAV2.0.0.13","3.0.1.1413","PSt7-10","180726-015","6/18/2019 6:14:49 AM","0000-00","0","no battery","V"
"06/28/2019","10:31:50","6","default","651713401","OXY_CH6","7.263","min","137.892","μmol/L","Humid","24.095","deg","203617","µV","30.835","°C","1015.000","hPa","36.5","pmil","0","55.720","deg","20.000","°C","100.000","%a.s.","22.420","deg","20.000","°C","971.000","hPa","0.861","-0.02617","0.00035","0","0","13.56","Humid","56.77","1","57.00","370262.77","SABD0002000014","AAV2.0.0.13","3.0.1.1413","PSt7-10","180726-015","6/18/2019 6:14:49 AM","0000-00","0","no battery","V"
"06/28/2019","10:31:51","6","default","651713401","OXY_CH6","7.280","min","137.834","μmol/L","Humid","24.100","deg","203635","µV","30.835","°C","1015.000","hPa","36.5","pmil","0","55.720","deg","20.000","°C","100.000","%a.s.","22.420","deg","20.000","°C","971.000","hPa","0.861","-0.02617","0.00035","0","0","13.56","Humid","56.77","1","57.00","370269.19","SABD0002000014","AAV2.0.0.13","3.0.1.1413","PSt7-10","180726-015","6/18/2019 6:14:49 AM","0000-00","0","no battery","V"
"06/28/2019","10:31:52","6","default","651713401","OXY_CH6","7.296","min","137.869","μmol/L","Humid","24.097","deg","203660","µV","30.835","°C","1015.000","hPa","36.5","pmil","0","55.720","deg","20.000","°C","100.000","%a.s.","22.420","deg","20.000","°C","971.000","hPa","0.861","-0.02617","0.00035","0","0","13.56","Humid","56.77","1","57.00","370265.83","SABD0002000014","AAV2.0.0.13","3.0.1.1413","PSt7-10","180726-015","6/18/2019 6:14:49 AM","0000-00","0","no battery","V"
"06/28/2019","10:31:53","6","default","651713401","OXY_CH6","7.313","min","137.873","μmol/L","Humid","24.099","deg","203674","µV","30.829","°C","1015.000","hPa","36.5","pmil","0","55.720","deg","20.000","°C","100.000","%a.s.","22.420","deg","20.000","°C","971.000","hPa","0.861","-0.02617","0.00035","0","0","13.56","Humid","56.77","1","57.00","370255.30","SABD0002000014","AAV2.0.0.13","3.0.1.1413","PSt7-10","180726-015","6/18/2019 6:14:49 AM","0000-00","0","no battery","V"
"06/28/2019","10:31:54","6","default","651713401","OXY_CH6","7.330","min","137.800","μmol/L","Humid","24.103","deg","203684","µV","30.835","°C","1015.000","hPa","36.5","pmil","0","55.720","deg","20.000","°C","100.000","%a.s.","22.420","deg","20.000","°C","971.000","hPa","0.861","-0.02617","0.00035","0","0","13.56","Humid","56.77","1","57.00","370258.07","SABD0002000014","AAV2.0.0.13","3.0.1.1413","PSt7-10","180726-015","6/18/2019 6:14:49 AM","0000-00","0","no battery","V"
"06/28/2019","10:31:55","6","default","651713401","OXY_CH6","7.346","min","137.816","μmol/L","Humid","24.104","deg","203689","µV","30.829","°C","1015.000","hPa","36.5","pmil","0","55.720","deg","20.000","°C","100.000","%a.s.","22.420","deg","20.000","°C","971.000","hPa","0.861","-0.02617","0.00035","0","0","13.56","Humid","56.77","1","57.00","370243.78","SABD0002000014","AAV2.0.0.13","3.0.1.1413","PSt7-10","180726-015","6/18/2019 6:14:49 AM","0000-00","0","no battery","V"
"06/28/2019","10:31:56","6","default","651713401","OXY_CH6","7.363","min","137.739","μmol/L","Humid","24.106","deg","203698","µV","30.841","°C","1015.000","hPa","36.5","pmil","0","55.720","deg","20.000","°C","100.000","%a.s.","22.420","deg","20.000","°C","971.000","hPa","0.861","-0.02617","0.00035","0","0","13.56","Humid","56.77","1","57.00","370267.87","SABD0002000014","AAV2.0.0.13","3.0.1.1413","PSt7-10","180726-015","6/18/2019 6:14:49 AM","0000-00","0","no battery","V"
"06/28/2019","10:31:57","6","default","651713401","OXY_CH6","7.380","min","137.732","μmol/L","Humid","24.109","deg","203720","µV","30.835","°C","1015.000","hPa","36.5","pmil","0","55.720","deg","20.000","°C","100.000","%a.s.","22.420","deg","20.000","°C","971.000","hPa","0.861","-0.02617","0.00035","0","0","13.56","Humid","56.77","1","57.00","370276.19","SABD0002000014","AAV2.0.0.13","3.0.1.1413","PSt7-10","180726-015","6/18/2019 6:14:49 AM","0000-00","0","no battery","V"
"06/28/2019","10:31:58","6","default","651713401","OXY_CH6","7.396","min","137.755","μmol/L","Humid","24.107","deg","203716","µV","30.835","°C","1015.000","hPa","36.5","pmil","0","55.720","deg","20.000","°C","100.000","%a.s.","22.420","deg","20.000","°C","971.000","hPa","0.861","-0.02617","0.00035","0","0","13.56","Humid","56.77","1","57.00","370261.08","SABD0002000014","AAV2.0.0.13","3.0.1.1413","PSt7-10","180726-015","6/18/2019 6:14:49 AM","0000-00","0","no battery","V"
"06/28/2019","10:31:59","6","default","651713401","OXY_CH6","7.413","min","137.720","μmol/L","Humid","24.110","deg","203730","µV","30.835","°C","1015.000","hPa","36.5","pmil","0","55.720","deg","20.000","°C","100.000","%a.s.","22.420","deg","20.000","°C","971.000","hPa","0.861","-0.02617","0.00035","0","0","13.56","Humid","56.77","1","57.00","370257.26","SABD0002000014","AAV2.0.0.13","3.0.1.1413","PSt7-10","180726-015","6/18/2019 6:14:49 AM","0000-00","0","no battery","V"
"06/28/2019","10:32:00","6","default","651713401","OXY_CH6","7.430","min","137.675","μmol/L","Humid","24.114","deg","203746","µV","30.835","°C","1015.000","hPa","36.5","pmil","0","55.720","deg","20.000","°C","100.000","%a.s.","22.420","deg","20.000","°C","971.000","hPa","0.861","-0.02617","0.00035","0","0","13.56","Humid","56.77","1","57.00","370269.58","SABD0002000014","AAV2.0.0.13","3.0.1.1413","PSt7-10","180726-015","6/18/2019 6:14:49 AM","0000-00","0","no battery","V"
"06/28/2019","10:32:01","6","default","651713401","OXY_CH6","7.446","min","137.675","μmol/L","Humid","24.114","deg","203752","µV","30.835","°C","1015.000","hPa","36.5","pmil","0","55.720","deg","20.000","°C","100.000","%a.s.","22.420","deg","20.000","°C","971.000","hPa","0.861","-0.02617","0.00035","0","0","13.56","Humid","56.77","1","57.00","370252.36","SABD0002000014","AAV2.0.0.13","3.0.1.1413","PSt7-10","180726-015","6/18/2019 6:14:49 AM","0000-00","0","no battery","V"
"06/28/2019","10:32:02","6","default","651713401","OXY_CH6","7.463","min","137.663","μmol/L","Humid","24.115","deg","203772","µV","30.835","°C","1015.000","hPa","36.5","pmil","0","55.720","deg","20.000","°C","100.000","%a.s.","22.420","deg","20.000","°C","971.000","hPa","0.861","-0.02617","0.00035","0","0","13.56","Humid","56.77","1","57.00","370248.55","SABD0002000014","AAV2.0.0.13","3.0.1.1413","PSt7-10","180726-015","6/18/2019 6:14:49 AM","0000-00","0","no battery","V"
"06/28/2019","10:32:03","6","default","651713401","OXY_CH6","7.480","min","137.675","μmol/L","Humid","24.114","deg","203787","µV","30.835","°C","1015.000","hPa","36.5","pmil","0","55.720","deg","20.000","°C","100.000","%a.s.","22.420","deg","20.000","°C","971.000","hPa","0.861","-0.02617","0.00035","0","0","13.56","Humid","56.77","1","57.00","370258.68","SABD0002000014","AAV2.0.0.13","3.0.1.1413","PSt7-10","180726-015","6/18/2019 6:14:49 AM","0000-00","0","no battery","V"
"06/28/2019","10:32:04","6","default","651713401","OXY_CH6","7.496","min","137.679","μmol/L","Humid","24.116","deg","203801","µV","30.829","°C","1015.000","hPa","36.5","pmil","0","55.720","deg","20.000","°C","100.000","%a.s.","22.420","deg","20.000","°C","971.000","hPa","0.861","-0.02617","0.00035","0","0","13.56","Humid","56.77","1","57.00","370248.81","SABD0002000014","AAV2.0.0.13","3.0.1.1413","PSt7-10","180726-015","6/18/2019 6:14:49 AM","0000-00","0","no battery","V"
"06/28/2019","10:32:05","6","default","651713401","OXY_CH6","7.513","min","137.645","μmol/L","Humid","24.119","deg","203812","µV","30.829","°C","1015.000","hPa","36.5","pmil","0","55.720","deg","20.000","°C","100.000","%a.s.","22.420","deg","20.000","°C","971.000","hPa","0.861","-0.02617","0.00035","0","0","13.56","Humid","56.77","1","57.00","370245.82","SABD0002000014","AAV2.0.0.13","3.0.1.1413","PSt7-10","180726-015","6/18/2019 6:14:49 AM","0000-00","0","no battery","V"
"06/28/2019","10:32:06","6","default","651713401","OXY_CH6","7.530","min","137.572","μmol/L","Humid","24.123","deg","203824","µV","30.835","°C","1015.000","hPa","36.5","pmil","0","55.720","deg","20.000","°C","100.000","%a.s.","22.420","deg","20.000","°C","971.000","hPa","0.861","-0.02617","0.00035","0","0","13.56","Humid","56.77","1","57.00","370242.29","SABD0002000014","AAV2.0.0.13","3.0.1.1413","PSt7-10","180726-015","6/18/2019 6:14:49 AM","0000-00","0","no battery","V"
"06/28/2019","10:32:07","6","default","651713401","OXY_CH6","7.546","min","137.561","μmol/L","Humid","24.124","deg","203843","µV","30.835","°C","1015.000","hPa","36.5","pmil","0","55.720","deg","20.000","°C","100.000","%a.s.","22.420","deg","20.000","°C","971.000","hPa","0.861","-0.02617","0.00035","0","0","13.56","Humid","56.77","1","57.00","370247.18","SABD0002000014","AAV2.0.0.13","3.0.1.1413","PSt7-10","180726-015","6/18/2019 6:14:49 AM","0000-00","0","no battery","V"
"06/28/2019","10:32:08","6","default","651713401","OXY_CH6","7.563","min","137.499","μmol/L","Humid","24.127","deg","203861","µV","30.841","°C","1015.000","hPa","36.5","pmil","0","55.720","deg","20.000","°C","100.000","%a.s.","22.420","deg","20.000","°C","971.000","hPa","0.861","-0.02617","0.00035","0","0","13.56","Humid","56.77","1","57.00","370244.98","SABD0002000014","AAV2.0.0.13","3.0.1.1413","PSt7-10","180726-015","6/18/2019 6:14:49 AM","0000-00","0","no battery","V"
"06/28/2019","10:32:09","6","default","651713401","OXY_CH6","7.580","min","137.504","μmol/L","Humid","24.129","deg","203873","µV","30.835","°C","1015.000","hPa","36.5","pmil","0","55.720","deg","20.000","°C","100.000","%a.s.","22.420","deg","20.000","°C","971.000","hPa","0.861","-0.02617","0.00035","0","0","13.56","Humid","56.77","1","57.00","370236.94","SABD0002000014","AAV2.0.0.13","3.0.1.1413","PSt7-10","180726-015","6/18/2019 6:14:49 AM","0000-00","0","no battery","V"
"06/28/2019","10:32:10","6","default","651713401","OXY_CH6","7.596","min","137.504","μmol/L","Humid","24.129","deg","203878","µV","30.835","°C","1015.000","hPa","36.5","pmil","0","55.720","deg","20.000","°C","100.000","%a.s.","22.420","deg","20.000","°C","971.000","hPa","0.861","-0.02617","0.00035","0","0","13.56","Humid","56.77","1","57.00","370235.21","SABD0002000014","AAV2.0.0.13","3.0.1.1413","PSt7-10","180726-015","6/18/2019 6:14:49 AM","0000-00","0","no battery","V"
"06/28/2019","10:32:11","6","default","651713401","OXY_CH6","7.613","min","137.476","μmol/L","Humid","24.129","deg","203899","µV","30.841","°C","1015.000","hPa","36.5","pmil","0","55.720","deg","20.000","°C","100.000","%a.s.","22.420","deg","20.000","°C","971.000","hPa","0.861","-0.02617","0.00035","0","0","13.56","Humid","56.77","1","57.00","370242.33","SABD0002000014","AAV2.0.0.13","3.0.1.1413","PSt7-10","180726-015","6/18/2019 6:14:49 AM","0000-00","0","no battery","V"
"06/28/2019","10:32:12","6","default","651713401","OXY_CH6","7.629","min","137.453","μmol/L","Humid","24.131","deg","203910","µV","30.841","°C","1015.000","hPa","36.5","pmil","0","55.720","deg","20.000","°C","100.000","%a.s.","22.420","deg","20.000","°C","971.000","hPa","0.861","-0.02617","0.00035","0","0","13.56","Humid","56.77","1","57.00","370224.57","SABD0002000014","AAV2.0.0.13","3.0.1.1413","PSt7-10","180726-015","6/18/2019 6:14:49 AM","0000-00","0","no battery","V"
"06/28/2019","10:32:13","6","default","651713401","OXY_CH6","7.646","min","137.485","μmol/L","Humid","24.133","deg","203921","µV","30.829","°C","1015.000","hPa","36.5","pmil","0","55.720","deg","20.000","°C","100.000","%a.s.","22.420","deg","20.000","°C","971.000","hPa","0.861","-0.02617","0.00035","0","0","13.56","Humid","56.77","1","57.00","370239.75","SABD0002000014","AAV2.0.0.13","3.0.1.1413","PSt7-10","180726-015","6/18/2019 6:14:49 AM","0000-00","0","no battery","V"
"06/28/2019","10:32:14","6","default","651713401","OXY_CH6","7.663","min","137.435","μmol/L","Humid","24.135","deg","203931","µV","30.835","°C","1015.000","hPa","36.5","pmil","0","55.720","deg","20.000","°C","100.000","%a.s.","22.420","deg","20.000","°C","971.000","hPa","0.861","-0.02617","0.00035","0","0","13.56","Humid","56.77","1","57.00","370225.68","SABD0002000014","AAV2.0.0.13","3.0.1.1413","PSt7-10","180726-015","6/18/2019 6:14:49 AM","0000-00","0","no battery","V"
"06/28/2019","10:32:15","6","default","651713401","OXY_CH6","7.679","min","137.424","μmol/L","Humid","24.136","deg","203931","µV","30.835","°C","1015.000","hPa","36.5","pmil","0","55.720","deg","20.000","°C","100.000","%a.s.","22.420","deg","20.000","°C","971.000","hPa","0.861","-0.02617","0.00035","0","0","13.56","Humid","56.77","1","57.00","370221.09","SABD0002000014","AAV2.0.0.13","3.0.1.1413","PSt7-10","180726-015","6/18/2019 6:14:49 AM","0000-00","0","no battery","V"
"06/28/2019","10:32:16","6","default","651713401","OXY_CH6","7.696","min","137.408","μmol/L","Humid","24.135","deg","203961","µV","30.841","°C","1015.000","hPa","36.5","pmil","0","55.720","deg","20.000","°C","100.000","%a.s.","22.420","deg","20.000","°C","971.000","hPa","0.861","-0.02617","0.00035","0","0","13.56","Humid","56.77","1","57.00","370230.68","SABD0002000014","AAV2.0.0.13","3.0.1.1413","PSt7-10","180726-015","6/18/2019 6:14:49 AM","0000-00","0","no battery","V"
"06/28/2019","10:32:17","6","default","651713401","OXY_CH6","7.713","min","137.424","μmol/L","Humid","24.136","deg","203979","µV","30.835","°C","1015.000","hPa","36.5","pmil","0","55.720","deg","20.000","°C","100.000","%a.s.","22.420","deg","20.000","°C","971.000","hPa","0.861","-0.02617","0.00035","0","0","13.56","Humid","56.77","1","57.00","370220.01","SABD0002000014","AAV2.0.0.13","3.0.1.1413","PSt7-10","180726-015","6/18/2019 6:14:49 AM","0000-00","0","no battery","V"
"06/28/2019","10:32:18","6","default","651713401","OXY_CH6","7.729","min","137.390","μmol/L","Humid","24.139","deg","204003","µV","30.835","°C","1015.000","hPa","36.5","pmil","0","55.720","deg","20.000","°C","100.000","%a.s.","22.420","deg","20.000","°C","971.000","hPa","0.861","-0.02617","0.00035","0","0","13.56","Humid","56.77","1","57.00","370232.43","SABD0002000014","AAV2.0.0.13","3.0.1.1413","PSt7-10","180726-015","6/18/2019 6:14:49 AM","0000-00","0","no battery","V"
"06/28/2019","10:32:19","6","default","651713401","OXY_CH6","7.746","min","137.378","μmol/L","Humid","24.140","deg","204001","µV","30.835","°C","1015.000","hPa","36.5","pmil","0","55.720","deg","20.000","°C","100.000","%a.s.","22.420","deg","20.000","°C","971.000","hPa","0.861","-0.02617","0.00035","0","0","13.56","Humid","56.77","1","57.00","370215.03","SABD0002000014","AAV2.0.0.13","3.0.1.1413","PSt7-10","180726-015","6/18/2019 6:14:49 AM","0000-00","0","no battery","V"
"06/28/2019","10:32:20","6","default","651713401","OXY_CH6","7.763","min","137.333","μmol/L","Humid","24.144","deg","204043","µV","30.835","°C","1015.000","hPa","36.5","pmil","0","55.720","deg","20.000","°C","100.000","%a.s.","22.420","deg","20.000","°C","971.000","hPa","0.861","-0.02617","0.00035","0","0","13.56","Humid","56.77","1","57.00","370232.66","SABD0002000014","AAV2.0.0.13","3.0.1.1413","PSt7-10","180726-015","6/18/2019 6:14:49 AM","0000-00","0","no battery","V"
"06/28/2019","10:32:21","6","default","651713401","OXY_CH6","7.779","min","137.321","μmol/L","Humid","24.145","deg","204040","µV","30.835","°C","1015.000","hPa","36.5","pmil","0","55.720","deg","20.000","°C","100.000","%a.s.","22.420","deg","20.000","°C","971.000","hPa","0.861","-0.02617","0.00035","0","0","13.56","Humid","56.77","1","57.00","370220.31","SABD0002000014","AAV2.0.0.13","3.0.1.1413","PSt7-10","180726-015","6/18/2019 6:14:49 AM","0000-00","0","no battery","V"
"06/28/2019","10:32:22","6","default","651713401","OXY_CH6","7.796","min","137.260","μmol/L","Humid","24.148","deg","204062","µV","30.841","°C","1015.000","hPa","36.5","pmil","0","55.720","deg","20.000","°C","100.000","%a.s.","22.420","deg","20.000","°C","971.000","hPa","0.861","-0.02617","0.00035","0","0","13.56","Humid","56.77","1","57.00","370229.03","SABD0002000014","AAV2.0.0.13","3.0.1.1413","PSt7-10","180726-015","6/18/2019 6:14:49 AM","0000-00","0","no battery","V"
"06/28/2019","10:32:23","6","default","651713401","OXY_CH6","7.813","min","137.287","μmol/L","Humid","24.148","deg","204075","µV","30.835","°C","1015.000","hPa","36.5","pmil","0","55.720","deg","20.000","°C","100.000","%a.s.","22.420","deg","20.000","°C","971.000","hPa","0.861","-0.02617","0.00035","0","0","13.56","Humid","56.77","1","57.00","370223.44","SABD0002000014","AAV2.0.0.13","3.0.1.1413","PSt7-10","180726-015","6/18/2019 6:14:49 AM","0000-00","0","no battery","V"
"06/28/2019","10:32:24","6","default","651713401","OXY_CH6","7.829","min","137.264","μmol/L","Humid","24.150","deg","204091","µV","30.835","°C","1015.000","hPa","36.5","pmil","0","55.720","deg","20.000","°C","100.000","%a.s.","22.420","deg","20.000","°C","971.000","hPa","0.861","-0.02617","0.00035","0","0","13.56","Humid","56.77","1","57.00","370217.40","SABD0002000014","AAV2.0.0.13","3.0.1.1413","PSt7-10","180726-015","6/18/2019 6:14:49 AM","0000-00","0","no battery","V"
"06/28/2019","10:32:25","6","default","651713401","OXY_CH6","7.846","min","137.226","μmol/L","Humid","24.151","deg","204105","µV","30.841","°C","1015.000","hPa","36.5","pmil","0","55.720","deg","20.000","°C","100.000","%a.s.","22.420","deg","20.000","°C","971.000","hPa","0.861","-0.02617","0.00035","0","0","13.56","Humid","56.77","1","57.00","370212.62","SABD0002000014","AAV2.0.0.13","3.0.1.1413","PSt7-10","180726-015","6/18/2019 6:14:49 AM","0000-00","0","no battery","V"
"06/28/2019","10:32:26","6","default","651713401","OXY_CH6","7.863","min","137.230","μmol/L","Humid","24.153","deg","204124","µV","30.835","°C","1015.000","hPa","36.5","pmil","0","55.720","deg","20.000","°C","100.000","%a.s.","22.420","deg","20.000","°C","971.000","hPa","0.861","-0.02617","0.00035","0","0","13.56","Humid","56.77","1","57.00","370208.94","SABD0002000014","AAV2.0.0.13","3.0.1.1413","PSt7-10","180726-015","6/18/2019 6:14:49 AM","0000-00","0","no battery","V"
"06/28/2019","10:32:27","6","default","651713401","OXY_CH6","7.879","min","137.219","μmol/L","Humid","24.154","deg","204138","µV","30.835","°C","1015.000","hPa","36.5","pmil","0","55.720","deg","20.000","°C","100.000","%a.s.","22.420","deg","20.000","°C","971.000","hPa","0.861","-0.02617","0.00035","0","0","13.56","Humid","56.77","1","57.00","370225.54","SABD0002000014","AAV2.0.0.13","3.0.1.1413","PSt7-10","180726-015","6/18/2019 6:14:49 AM","0000-00","0","no battery","V"
"06/28/2019","10:32:28","6","default","651713401","OXY_CH6","7.896","min","137.158","μmol/L","Humid","24.157","deg","204147","µV","30.841","°C","1015.000","hPa","36.5","pmil","0","55.720","deg","20.000","°C","100.000","%a.s.","22.420","deg","20.000","°C","971.000","hPa","0.861","-0.02617","0.00035","0","0","13.56","Humid","56.77","1","57.00","370213.00","SABD0002000014","AAV2.0.0.13","3.0.1.1413","PSt7-10","180726-015","6/18/2019 6:14:49 AM","0000-00","0","no battery","V"
"06/28/2019","10:32:29","6","default","651713401","OXY_CH6","7.913","min","137.174","μmol/L","Humid","24.158","deg","204153","µV","30.835","°C","1015.000","hPa","36.5","pmil","0","55.720","deg","20.000","°C","100.000","%a.s.","22.420","deg","20.000","°C","971.000","hPa","0.861","-0.02617","0.00035","0","0","13.56","Humid","56.77","1","57.00","370208.95","SABD0002000014","AAV2.0.0.13","3.0.1.1413","PSt7-10","180726-015","6/18/2019 6:14:49 AM","0000-00","0","no battery","V"
"06/28/2019","10:32:30","6","default","651713401","OXY_CH6","7.929","min","137.174","μmol/L","Humid","24.158","deg","204151","µV","30.835","°C","1015.000","hPa","36.5","pmil","0","55.720","deg","20.000","°C","100.000","%a.s.","22.420","deg","20.000","°C","971.000","hPa","0.861","-0.02617","0.00035","0","0","13.56","Humid","56.77","1","57.00","370204.43","SABD0002000014","AAV2.0.0.13","3.0.1.1413","PSt7-10","180726-015","6/18/2019 6:14:49 AM","0000-00","0","no battery","V"
"06/28/2019","10:32:31","6","default","651713401","OXY_CH6","7.946","min","137.162","μmol/L","Humid","24.159","deg","204175","µV","30.835","°C","1015.000","hPa","36.5","pmil","0","55.720","deg","20.000","°C","100.000","%a.s.","22.420","deg","20.000","°C","971.000","hPa","0.861","-0.02617","0.00035","0","0","13.56","Humid","56.77","1","57.00","370229.50","SABD0002000014","AAV2.0.0.13","3.0.1.1413","PSt7-10","180726-015","6/18/2019 6:14:49 AM","0000-00","0","no battery","V"
"06/28/2019","10:32:32","6","default","651713401","OXY_CH6","7.963","min","137.128","μmol/L","Humid","24.162","deg","204174","µV","30.835","°C","1015.000","hPa","36.5","pmil","0","55.720","deg","20.000","°C","100.000","%a.s.","22.420","deg","20.000","°C","971.000","hPa","0.861","-0.02617","0.00035","0","0","13.56","Humid","56.77","1","57.00","370197.82","SABD0002000014","AAV2.0.0.13","3.0.1.1413","PSt7-10","180726-015","6/18/2019 6:14:49 AM","0000-00","0","no battery","V"
"06/28/2019","10:32:33","6","default","651713401","OXY_CH6","7.979","min","137.105","μmol/L","Humid","24.164","deg","204196","µV","30.835","°C","1015.000","hPa","36.5","pmil","0","55.720","deg","20.000","°C","100.000","%a.s.","22.420","deg","20.000","°C","971.000","hPa","0.861","-0.02617","0.00035","0","0","13.56","Humid","56.77","1","57.00","370212.96","SABD0002000014","AAV2.0.0.13","3.0.1.1413","PSt7-10","180726-015","6/18/2019 6:14:49 AM","0000-00","0","no battery","V"
"06/28/2019","10:32:34","6","default","651713401","OXY_CH6","7.996","min","137.033","μmol/L","Humid","24.168","deg","204201","µV","30.841","°C","1015.000","hPa","36.5","pmil","0","55.720","deg","20.000","°C","100.000","%a.s.","22.420","deg","20.000","°C","971.000","hPa","0.861","-0.02617","0.00035","0","0","13.56","Humid","56.77","1","57.00","370210.26","SABD0002000014","AAV2.0.0.13","3.0.1.1413","PSt7-10","180726-015","6/18/2019 6:14:49 AM","0000-00","0","no battery","V"
"06/28/2019","10:32:35","6","default","651713401","OXY_CH6","8.013","min","137.083","μmol/L","Humid","24.166","deg","204213","µV","30.835","°C","1015.000","hPa","36.5","pmil","0","55.720","deg","20.000","°C","100.000","%a.s.","22.420","deg","20.000","°C","971.000","hPa","0.861","-0.02617","0.00035","0","0","13.56","Humid","56.77","1","57.00","370191.28","SABD0002000014","AAV2.0.0.13","3.0.1.1413","PSt7-10","180726-015","6/18/2019 6:14:49 AM","0000-00","0","no battery","V"
"06/28/2019","10:32:36","6","default","651713401","OXY_CH6","8.030","min","137.071","μmol/L","Humid","24.167","deg","204229","µV","30.835","°C","1015.000","hPa","36.5","pmil","0","55.720","deg","20.000","°C","100.000","%a.s.","22.420","deg","20.000","°C","971.000","hPa","0.861","-0.02617","0.00035","0","0","13.56","Humid","56.77","1","57.00","370204.02","SABD0002000014","AAV2.0.0.13","3.0.1.1413","PSt7-10","180726-015","6/18/2019 6:14:49 AM","0000-00","0","no battery","V"
"06/28/2019","10:32:37","6","default","651713401","OXY_CH6","8.046","min","137.037","μmol/L","Humid","24.170","deg","204231","µV","30.835","°C","1015.000","hPa","36.5","pmil","0","55.720","deg","20.000","°C","100.000","%a.s.","22.420","deg","20.000","°C","971.000","hPa","0.861","-0.02617","0.00035","0","0","13.56","Humid","56.77","1","57.00","370191.46","SABD0002000014","AAV2.0.0.13","3.0.1.1413","PSt7-10","180726-015","6/18/2019 6:14:49 AM","0000-00","0","no battery","V"
"06/28/2019","10:32:38","6","default","651713401","OXY_CH6","8.063","min","137.037","μmol/L","Humid","24.170","deg","204252","µV","30.835","°C","1015.000","hPa","36.5","pmil","0","55.720","deg","20.000","°C","100.000","%a.s.","22.420","deg","20.000","°C","971.000","hPa","0.861","-0.02617","0.00035","0","0","13.56","Humid","56.77","1","57.00","370194.70","SABD0002000014","AAV2.0.0.13","3.0.1.1413","PSt7-10","180726-015","6/18/2019 6:14:49 AM","0000-00","0","no battery","V"
"06/28/2019","10:32:39","6","default","651713401","OXY_CH6","8.080","min","136.937","μmol/L","Humid","24.174","deg","204261","µV","30.847","°C","1015.000","hPa","36.5","pmil","0","55.720","deg","20.000","°C","100.000","%a.s.","22.420","deg","20.000","°C","971.000","hPa","0.861","-0.02617","0.00035","0","0","13.56","Humid","56.77","1","57.00","370184.48","SABD0002000014","AAV2.0.0.13","3.0.1.1413","PSt7-10","180726-015","6/18/2019 6:14:49 AM","0000-00","0","no battery","V"
"06/28/2019","10:32:40","6","default","651713401","OXY_CH6","8.096","min","136.981","μmol/L","Humid","24.175","deg","204267","µV","30.835","°C","1015.000","hPa","36.5","pmil","0","55.720","deg","20.000","°C","100.000","%a.s.","22.420","deg","20.000","°C","971.000","hPa","0.861","-0.02617","0.00035","0","0","13.56","Humid","56.77","1","57.00","370182.15","SABD0002000014","AAV2.0.0.13","3.0.1.1413","PSt7-10","180726-015","6/18/2019 6:14:49 AM","0000-00","0","no battery","V"
"06/28/2019","10:32:41","6","default","651713401","OXY_CH6","8.113","min","136.981","μmol/L","Humid","24.175","deg","204292","µV","30.835","°C","1015.000","hPa","36.5","pmil","0","55.720","deg","20.000","°C","100.000","%a.s.","22.420","deg","20.000","°C","971.000","hPa","0.861","-0.02617","0.00035","0","0","13.56","Humid","56.77","1","57.00","370173.03","SABD0002000014","AAV2.0.0.13","3.0.1.1413","PSt7-10","180726-015","6/18/2019 6:14:49 AM","0000-00","0","no battery","V"
"06/28/2019","10:32:42","6","default","651713401","OXY_CH6","8.130","min","136.946","μmol/L","Humid","24.178","deg","204318","µV","30.835","°C","1015.000","hPa","36.5","pmil","0","55.720","deg","20.000","°C","100.000","%a.s.","22.420","deg","20.000","°C","971.000","hPa","0.861","-0.02617","0.00035","0","0","13.56","Humid","56.77","1","57.00","370187.32","SABD0002000014","AAV2.0.0.13","3.0.1.1413","PSt7-10","180726-015","6/18/2019 6:14:49 AM","0000-00","0","no battery","V"
"06/28/2019","10:32:43","6","default","651713401","OXY_CH6","8.147","min","136.935","μmol/L","Humid","24.179","deg","204323","µV","30.835","°C","1015.000","hPa","36.5","pmil","0","55.720","deg","20.000","°C","100.000","%a.s.","22.420","deg","20.000","°C","971.000","hPa","0.861","-0.02617","0.00035","0","0","13.56","Humid","56.77","1","57.00","370188.93","SABD0002000014","AAV2.0.0.13","3.0.1.1413","PSt7-10","180726-015","6/18/2019 6:14:49 AM","0000-00","0","no battery","V"
"06/28/2019","10:32:44","6","default","651713401","OXY_CH6","8.163","min","136.851","μmol/L","Humid","24.184","deg","204327","µV","30.841","°C","1015.000","hPa","36.5","pmil","0","55.720","deg","20.000","°C","100.000","%a.s.","22.420","deg","20.000","°C","971.000","hPa","0.861","-0.02617","0.00035","0","0","13.56","Humid","56.77","1","57.00","370172.95","SABD0002000014","AAV2.0.0.13","3.0.1.1413","PSt7-10","180726-015","6/18/2019 6:14:49 AM","0000-00","0","no battery","V"
"06/28/2019","10:32:45","6","default","651713401","OXY_CH6","8.180","min","136.878","μmol/L","Humid","24.184","deg","204346","µV","30.835","°C","1015.000","hPa","36.5","pmil","0","55.720","deg","20.000","°C","100.000","%a.s.","22.420","deg","20.000","°C","971.000","hPa","0.861","-0.02617","0.00035","0","0","13.56","Humid","56.77","1","57.00","370171.08","SABD0002000014","AAV2.0.0.13","3.0.1.1413","PSt7-10","180726-015","6/18/2019 6:14:49 AM","0000-00","0","no battery","V"
"06/28/2019","10:32:46","6","default","651713401","OXY_CH6","8.196","min","136.878","μmol/L","Humid","24.184","deg","204346","µV","30.835","°C","1015.000","hPa","36.5","pmil","0","55.720","deg","20.000","°C","100.000","%a.s.","22.420","deg","20.000","°C","971.000","hPa","0.861","-0.02617","0.00035","0","0","13.56","Humid","56.77","1","57.00","370165.49","SABD0002000014","AAV2.0.0.13","3.0.1.1413","PSt7-10","180726-015","6/18/2019 6:14:49 AM","0000-00","0","no battery","V"
"06/28/2019","10:32:47","6","default","651713401","OXY_CH6","8.213","min","136.822","μmol/L","Humid","24.189","deg","204376","µV","30.835","°C","1015.000","hPa","36.5","pmil","0","55.720","deg","20.000","°C","100.000","%a.s.","22.420","deg","20.000","°C","971.000","hPa","0.861","-0.02617","0.00035","0","0","13.56","Humid","56.77","1","57.00","370177.84","SABD0002000014","AAV2.0.0.13","3.0.1.1413","PSt7-10","180726-015","6/18/2019 6:14:49 AM","0000-00","0","no battery","V"
"06/28/2019","10:32:48","6","default","651713401","OXY_CH6","8.230","min","136.822","μmol/L","Humid","24.189","deg","204390","µV","30.835","°C","1015.000","hPa","36.5","pmil","0","55.720","deg","20.000","°C","100.000","%a.s.","22.420","deg","20.000","°C","971.000","hPa","0.861","-0.02617","0.00035","0","0","13.56","Humid","56.77","1","57.00","370190.15","SABD0002000014","AAV2.0.0.13","3.0.1.1413","PSt7-10","180726-015","6/18/2019 6:14:49 AM","0000-00","0","no battery","V"
"06/28/2019","10:32:49","6","default","651713401","OXY_CH6","8.246","min","136.838","μmol/L","Humid","24.190","deg","204401","µV","30.829","°C","1015.000","hPa","36.5","pmil","0","55.720","deg","20.000","°C","100.000","%a.s.","22.420","deg","20.000","°C","971.000","hPa","0.861","-0.02617","0.00035","0","0","13.56","Humid","56.77","1","57.00","370176.92","SABD0002000014","AAV2.0.0.13","3.0.1.1413","PSt7-10","180726-015","6/18/2019 6:14:49 AM","0000-00","0","no battery","V"
"06/28/2019","10:32:50","6","default","651713401","OXY_CH6","8.263","min","136.799","μmol/L","Humid","24.191","deg","204422","µV","30.835","°C","1015.000","hPa","36.5","pmil","0","55.720","deg","20.000","°C","100.000","%a.s.","22.420","deg","20.000","°C","971.000","hPa","0.861","-0.02617","0.00035","0","0","13.56","Humid","56.77","1","57.00","370174.76","SABD0002000014","AAV2.0.0.13","3.0.1.1413","PSt7-10","180726-015","6/18/2019 6:14:49 AM","0000-00","0","no battery","V"
"06/28/2019","10:32:51","6","default","651713401","OXY_CH6","8.280","min","136.738","μmol/L","Humid","24.194","deg","204425","µV","30.841","°C","1015.000","hPa","36.5","pmil","0","55.720","deg","20.000","°C","100.000","%a.s.","22.420","deg","20.000","°C","971.000","hPa","0.861","-0.02617","0.00035","0","0","13.56","Humid","56.77","1","57.00","370175.81","SABD0002000014","AAV2.0.0.13","3.0.1.1413","PSt7-10","180726-015","6/18/2019 6:14:49 AM","0000-00","0","no battery","V"
"06/28/2019","10:32:52","6","default","651713401","OXY_CH6","8.296","min","136.765","μmol/L","Humid","24.194","deg","204426","µV","30.835","°C","1015.000","hPa","36.5","pmil","0","55.720","deg","20.000","°C","100.000","%a.s.","22.420","deg","20.000","°C","971.000","hPa","0.861","-0.02617","0.00035","0","0","13.56","Humid","56.77","1","57.00","370164.71","SABD0002000014","AAV2.0.0.13","3.0.1.1413","PSt7-10","180726-015","6/18/2019 6:14:49 AM","0000-00","0","no battery","V"
"06/28/2019","10:32:53","6","default","651713401","OXY_CH6","8.313","min","136.743","μmol/L","Humid","24.196","deg","204443","µV","30.835","°C","1015.000","hPa","36.5","pmil","0","55.720","deg","20.000","°C","100.000","%a.s.","22.420","deg","20.000","°C","971.000","hPa","0.861","-0.02617","0.00035","0","0","13.56","Humid","56.77","1","57.00","370172.16","SABD0002000014","AAV2.0.0.13","3.0.1.1413","PSt7-10","180726-015","6/18/2019 6:14:49 AM","0000-00","0","no battery","V"
"06/28/2019","10:32:54","6","default","651713401","OXY_CH6","8.330","min","136.681","μmol/L","Humid","24.199","deg","204463","µV","30.841","°C","1015.000","hPa","36.5","pmil","0","55.720","deg","20.000","°C","100.000","%a.s.","22.420","deg","20.000","°C","971.000","hPa","0.861","-0.02617","0.00035","0","0","13.56","Humid","56.77","1","57.00","370169.89","SABD0002000014","AAV2.0.0.13","3.0.1.1413","PSt7-10","180726-015","6/18/2019 6:14:49 AM","0000-00","0","no battery","V"
"06/28/2019","10:32:55","6","default","651713401","OXY_CH6","8.346","min","136.693","μmol/L","Humid","24.198","deg","204480","µV","30.841","°C","1015.000","hPa","36.5","pmil","0","55.720","deg","20.000","°C","100.000","%a.s.","22.420","deg","20.000","°C","971.000","hPa","0.861","-0.02617","0.00035","0","0","13.56","Humid","56.77","1","57.00","370165.86","SABD0002000014","AAV2.0.0.13","3.0.1.1413","PSt7-10","180726-015","6/18/2019 6:14:49 AM","0000-00","0","no battery","V"
"06/28/2019","10:32:56","6","default","651713401","OXY_CH6","8.363","min","136.686","μmol/L","Humid","24.201","deg","204504","µV","30.835","°C","1015.000","hPa","36.5","pmil","0","55.720","deg","20.000","°C","100.000","%a.s.","22.420","deg","20.000","°C","971.000","hPa","0.861","-0.02617","0.00035","0","0","13.56","Humid","56.77","1","57.00","370171.50","SABD0002000014","AAV2.0.0.13","3.0.1.1413","PSt7-10","180726-015","6/18/2019 6:14:49 AM","0000-00","0","no battery","V"
"06/28/2019","10:32:57","6","default","651713401","OXY_CH6","8.380","min","136.675","μmol/L","Humid","24.202","deg","204512","µV","30.835","°C","1015.000","hPa","36.5","pmil","0","55.720","deg","20.000","°C","100.000","%a.s.","22.420","deg","20.000","°C","971.000","hPa","0.861","-0.02617","0.00035","0","0","13.56","Humid","56.77","1","57.00","370168.26","SABD0002000014","AAV2.0.0.13","3.0.1.1413","PSt7-10","180726-015","6/18/2019 6:14:49 AM","0000-00","0","no battery","V"
"06/28/2019","10:32:58","6","default","651713401","OXY_CH6","8.396","min","136.625","μmol/L","Humid","24.204","deg","204523","µV","30.841","°C","1015.000","hPa","36.5","pmil","0","55.720","deg","20.000","°C","100.000","%a.s.","22.420","deg","20.000","°C","971.000","hPa","0.861","-0.02617","0.00035","0","0","13.56","Humid","56.77","1","57.00","370159.49","SABD0002000014","AAV2.0.0.13","3.0.1.1413","PSt7-10","180726-015","6/18/2019 6:14:49 AM","0000-00","0","no battery","V"
"06/28/2019","10:32:59","6","default","651713401","OXY_CH6","8.413","min","136.618","μmol/L","Humid","24.207","deg","204535","µV","30.835","°C","1015.000","hPa","36.5","pmil","0","55.720","deg","20.000","°C","100.000","%a.s.","22.420","deg","20.000","°C","971.000","hPa","0.861","-0.02617","0.00035","0","0","13.56","Humid","56.77","1","57.00","370150.53","SABD0002000014","AAV2.0.0.13","3.0.1.1413","PSt7-10","180726-015","6/18/2019 6:14:49 AM","0000-00","0","no battery","V"
"06/28/2019","10:33:00","6","default","651713401","OXY_CH6","8.430","min","136.629","μmol/L","Humid","24.206","deg","204564","µV","30.835","°C","1015.000","hPa","36.5","pmil","0","55.720","deg","20.000","°C","100.000","%a.s.","22.420","deg","20.000","°C","971.000","hPa","0.861","-0.02617","0.00035","0","0","13.56","Humid","56.77","1","57.00","370180.60","SABD0002000014","AAV2.0.0.13","3.0.1.1413","PSt7-10","180726-015","6/18/2019 6:14:49 AM","0000-00","0","no battery","V"
"06/28/2019","10:33:01","6","default","651713401","OXY_CH6","8.446","min","136.580","μmol/L","Humid","24.208","deg","204565","µV","30.841","°C","1015.000","hPa","36.5","pmil","0","55.720","deg","20.000","°C","100.000","%a.s.","22.420","deg","20.000","°C","971.000","hPa","0.861","-0.02617","0.00035","0","0","13.56","Humid","56.77","1","57.00","370160.45","SABD0002000014","AAV2.0.0.13","3.0.1.1413","PSt7-10","180726-015","6/18/2019 6:14:49 AM","0000-00","0","no battery","V"
"06/28/2019","10:33:02","6","default","651713401","OXY_CH6","8.463","min","136.607","μmol/L","Humid","24.208","deg","204590","µV","30.835","°C","1015.000","hPa","36.5","pmil","0","55.720","deg","20.000","°C","100.000","%a.s.","22.420","deg","20.000","°C","971.000","hPa","0.861","-0.02617","0.00035","0","0","13.56","Humid","56.77","1","57.00","370163.43","SABD0002000014","AAV2.0.0.13","3.0.1.1413","PSt7-10","180726-015","6/18/2019 6:14:49 AM","0000-00","0","no battery","V"
"06/28/2019","10:33:03","6","default","651713401","OXY_CH6","8.479","min","136.546","μmol/L","Humid","24.211","deg","204584","µV","30.841","°C","1015.000","hPa","36.5","pmil","0","55.720","deg","20.000","°C","100.000","%a.s.","22.420","deg","20.000","°C","971.000","hPa","0.861","-0.02617","0.00035","0","0","13.56","Humid","56.77","1","57.00","370151.48","SABD0002000014","AAV2.0.0.13","3.0.1.1413","PSt7-10","180726-015","6/18/2019 6:14:49 AM","0000-00","0","no battery","V"
"06/28/2019","10:33:04","6","default","651713401","OXY_CH6","8.496","min","136.562","μmol/L","Humid","24.212","deg","204605","µV","30.835","°C","1015.000","hPa","36.5","pmil","0","55.720","deg","20.000","°C","100.000","%a.s.","22.420","deg","20.000","°C","971.000","hPa","0.861","-0.02617","0.00035","0","0","13.56","Humid","56.77","1","57.00","370151.85","SABD0002000014","AAV2.0.0.13","3.0.1.1413","PSt7-10","180726-015","6/18/2019 6:14:49 AM","0000-00","0","no battery","V"
"06/28/2019","10:33:05","6","default","651713401","OXY_CH6","8.513","min","136.555","μmol/L","Humid","24.215","deg","204613","µV","30.829","°C","1015.000","hPa","36.5","pmil","0","55.720","deg","20.000","°C","100.000","%a.s.","22.420","deg","20.000","°C","971.000","hPa","0.861","-0.02617","0.00035","0","0","13.56","Humid","56.77","1","57.00","370152.30","SABD0002000014","AAV2.0.0.13","3.0.1.1413","PSt7-10","180726-015","6/18/2019 6:14:49 AM","0000-00","0","no battery","V"
"06/28/2019","10:33:06","6","default","651713401","OXY_CH6","8.529","min","136.555","μmol/L","Humid","24.215","deg","204613","µV","30.829","°C","1015.000","hPa","36.5","pmil","0","55.720","deg","20.000","°C","100.000","%a.s.","22.420","deg","20.000","°C","971.000","hPa","0.861","-0.02617","0.00035","0","0","13.56","Humid","56.77","1","57.00","370129.41","SABD0002000014","AAV2.0.0.13","3.0.1.1413","PSt7-10","180726-015","6/18/2019 6:14:49 AM","0000-00","0","no battery","V"
"06/28/2019","10:33:07","6","default","651713401","OXY_CH6","8.546","min","136.510","μmol/L","Humid","24.219","deg","204639","µV","30.829","°C","1015.000","hPa","36.5","pmil","0","55.720","deg","20.000","°C","100.000","%a.s.","22.420","deg","20.000","°C","971.000","hPa","0.861","-0.02617","0.00035","0","0","13.56","Humid","56.77","1","57.00","370146.50","SABD0002000014","AAV2.0.0.13","3.0.1.1413","PSt7-10","180726-015","6/18/2019 6:14:49 AM","0000-00","0","no battery","V"
"06/28/2019","10:33:08","6","default","651713401","OXY_CH6","8.563","min","136.471","μmol/L","Humid","24.220","deg","204654","µV","30.835","°C","1015.000","hPa","36.5","pmil","0","55.720","deg","20.000","°C","100.000","%a.s.","22.420","deg","20.000","°C","971.000","hPa","0.861","-0.02617","0.00035","0","0","13.56","Humid","56.77","1","57.00","370141.98","SABD0002000014","AAV2.0.0.13","3.0.1.1413","PSt7-10","180726-015","6/18/2019 6:14:49 AM","0000-00","0","no battery","V"
"06/28/2019","10:33:09","6","default","651713401","OXY_CH6","8.580","min","136.437","μmol/L","Humid","24.223","deg","204650","µV","30.835","°C","1015.000","hPa","36.5","pmil","0","55.720","deg","20.000","°C","100.000","%a.s.","22.420","deg","20.000","°C","971.000","hPa","0.861","-0.02617","0.00035","0","0","13.56","Humid","56.77","1","57.00","370149.29","SABD0002000014","AAV2.0.0.13","3.0.1.1413","PSt7-10","180726-015","6/18/2019 6:14:49 AM","0000-00","0","no battery","V"
"06/28/2019","10:33:10","6","default","651713401","OXY_CH6","8.597","min","136.410","μmol/L","Humid","24.223","deg","204669","µV","30.841","°C","1015.000","hPa","36.5","pmil","0","55.720","deg","20.000","°C","100.000","%a.s.","22.420","deg","20.000","°C","971.000","hPa","0.861","-0.02617","0.00035","0","0","13.56","Humid","56.77","1","57.00","370155.58","SABD0002000014","AAV2.0.0.13","3.0.1.1413","PSt7-10","180726-015","6/18/2019 6:14:49 AM","0000-00","0","no battery","V"
"06/28/2019","10:33:11","6","default","651713401","OXY_CH6","8.613","min","136.426","μmol/L","Humid","24.224","deg","204672","µV","30.835","°C","1015.000","hPa","36.5","pmil","0","55.720","deg","20.000","°C","100.000","%a.s.","22.420","deg","20.000","°C","971.000","hPa","0.861","-0.02617","0.00035","0","0","13.56","Humid","56.77","1","57.00","370130.33","SABD0002000014","AAV2.0.0.13","3.0.1.1413","PSt7-10","180726-015","6/18/2019 6:14:49 AM","0000-00","0","no battery","V"
"06/28/2019","10:33:12","6","default","651713401","OXY_CH6","8.630","min","136.403","μmol/L","Humid","24.226","deg","204685","µV","30.835","°C","1015.000","hPa","36.5","pmil","0","55.720","deg","20.000","°C","100.000","%a.s.","22.420","deg","20.000","°C","971.000","hPa","0.861","-0.02617","0.00035","0","0","13.56","Humid","56.77","1","57.00","370139.52","SABD0002000014","AAV2.0.0.13","3.0.1.1413","PSt7-10","180726-015","6/18/2019 6:14:49 AM","0000-00","0","no battery","V"
"06/28/2019","10:33:13","6","default","651713401","OXY_CH6","8.646","min","136.403","μmol/L","Humid","24.226","deg","204691","µV","30.835","°C","1015.000","hPa","36.5","pmil","0","55.720","deg","20.000","°C","100.000","%a.s.","22.420","deg","20.000","°C","971.000","hPa","0.861","-0.02617","0.00035","0","0","13.56","Humid","56.77","1","57.00","370132.04","SABD0002000014","AAV2.0.0.13","3.0.1.1413","PSt7-10","180726-015","6/18/2019 6:14:49 AM","0000-00","0","no battery","V"
"06/28/2019","10:33:14","6","default","651713401","OXY_CH6","8.663","min","136.331","μmol/L","Humid","24.230","deg","204712","µV","30.841","°C","1015.000","hPa","36.5","pmil","0","55.720","deg","20.000","°C","100.000","%a.s.","22.420","deg","20.000","°C","971.000","hPa","0.861","-0.02617","0.00035","0","0","13.56","Humid","56.77","1","57.00","370140.54","SABD0002000014","AAV2.0.0.13","3.0.1.1413","PSt7-10","180726-015","6/18/2019 6:14:49 AM","0000-00","0","no battery","V"
"06/28/2019","10:33:15","6","default","651713401","OXY_CH6","8.680","min","136.309","μmol/L","Humid","24.232","deg","204717","µV","30.841","°C","1015.000","hPa","36.5","pmil","0","55.720","deg","20.000","°C","100.000","%a.s.","22.420","deg","20.000","°C","971.000","hPa","0.861","-0.02617","0.00035","0","0","13.56","Humid","56.77","1","57.00","370143.75","SABD0002000014","AAV2.0.0.13","3.0.1.1413","PSt7-10","180726-015","6/18/2019 6:14:49 AM","0000-00","0","no battery","V"
"06/28/2019","10:33:16","6","default","651713401","OXY_CH6","8.696","min","136.325","μmol/L","Humid","24.233","deg","204723","µV","30.835","°C","1015.000","hPa","36.5","pmil","0","55.720","deg","20.000","°C","100.000","%a.s.","22.420","deg","20.000","°C","971.000","hPa","0.861","-0.02617","0.00035","0","0","13.56","Humid","56.77","1","57.00","370122.04","SABD0002000014","AAV2.0.0.13","3.0.1.1413","PSt7-10","180726-015","6/18/2019 6:14:49 AM","0000-00","0","no battery","V"
"06/28/2019","10:33:17","6","default","651713401","OXY_CH6","8.713","min","136.309","μmol/L","Humid","24.232","deg","204750","µV","30.841","°C","1015.000","hPa","36.5","pmil","0","55.720","deg","20.000","°C","100.000","%a.s.","22.420","deg","20.000","°C","971.000","hPa","0.861","-0.02617","0.00035","0","0","13.56","Humid","56.77","1","57.00","370129.94","SABD0002000014","AAV2.0.0.13","3.0.1.1413","PSt7-10","180726-015","6/18/2019 6:14:49 AM","0000-00","0","no battery","V"
"06/28/2019","10:33:18","6","default","651713401","OXY_CH6","8.729","min","136.313","μmol/L","Humid","24.234","deg","204746","µV","30.835","°C","1015.000","hPa","36.5","pmil","0","55.720","deg","20.000","°C","100.000","%a.s.","22.420","deg","20.000","°C","971.000","hPa","0.861","-0.02617","0.00035","0","0","13.56","Humid","56.77","1","57.00","370127.94","SABD0002000014","AAV2.0.0.13","3.0.1.1413","PSt7-10","180726-015","6/18/2019 6:14:49 AM","0000-00","0","no battery","V"
"06/28/2019","10:33:19","6","default","651713401","OXY_CH6","8.746","min","136.268","μmol/L","Humid","24.238","deg","204749","µV","30.835","°C","1015.000","hPa","36.5","pmil","0","55.720","deg","20.000","°C","100.000","%a.s.","22.420","deg","20.000","°C","971.000","hPa","0.861","-0.02617","0.00035","0","0","13.56","Humid","56.77","1","57.00","370131.64","SABD0002000014","AAV2.0.0.13","3.0.1.1413","PSt7-10","180726-015","6/18/2019 6:14:49 AM","0000-00","0","no battery","V"
"06/28/2019","10:33:20","6","default","651713401","OXY_CH6","8.763","min","136.241","μmol/L","Humid","24.238","deg","204772","µV","30.841","°C","1015.000","hPa","36.5","pmil","0","55.720","deg","20.000","°C","100.000","%a.s.","22.420","deg","20.000","°C","971.000","hPa","0.861","-0.02617","0.00035","0","0","13.56","Humid","56.77","1","57.00","370132.69","SABD0002000014","AAV2.0.0.13","3.0.1.1413","PSt7-10","180726-015","6/18/2019 6:14:49 AM","0000-00","0","no battery","V"
"06/28/2019","10:33:21","6","default","651713401","OXY_CH6","8.780","min","136.246","μmol/L","Humid","24.240","deg","204795","µV","30.835","°C","1015.000","hPa","36.5","pmil","0","55.720","deg","20.000","°C","100.000","%a.s.","22.420","deg","20.000","°C","971.000","hPa","0.861","-0.02617","0.00035","0","0","13.56","Humid","56.77","1","57.00","370150.24","SABD0002000014","AAV2.0.0.13","3.0.1.1413","PSt7-10","180726-015","6/18/2019 6:14:49 AM","0000-00","0","no battery","V"
"06/28/2019","10:33:22","6","default","651713401","OXY_CH6","8.796","min","136.261","μmol/L","Humid","24.241","deg","204808","µV","30.829","°C","1015.000","hPa","36.5","pmil","0","55.720","deg","20.000","°C","100.000","%a.s.","22.420","deg","20.000","°C","971.000","hPa","0.861","-0.02617","0.00035","0","0","13.56","Humid","56.77","1","57.00","370129.88","SABD0002000014","AAV2.0.0.13","3.0.1.1413","PSt7-10","180726-015","6/18/2019 6:14:49 AM","0000-00","0","no battery","V"
"06/28/2019","10:33:23","6","default","651713401","OXY_CH6","8.813","min","136.201","μmol/L","Humid","24.244","deg","204830","µV","30.835","°C","1015.000","hPa","36.5","pmil","0","55.720","deg","20.000","°C","100.000","%a.s.","22.420","deg","20.000","°C","971.000","hPa","0.861","-0.02617","0.00035","0","0","13.56","Humid","56.77","1","57.00","370144.65","SABD0002000014","AAV2.0.0.13","3.0.1.1413","PSt7-10","180726-015","6/18/2019 6:14:49 AM","0000-00","0","no battery","V"
"06/28/2019","10:33:24","6","default","651713401","OXY_CH6","8.830","min","136.201","μmol/L","Humid","24.244","deg","204838","µV","30.835","°C","1015.000","hPa","36.5","pmil","0","55.720","deg","20.000","°C","100.000","%a.s.","22.420","deg","20.000","°C","971.000","hPa","0.861","-0.02617","0.00035","0","0","13.56","Humid","56.77","1","57.00","370131.71","SABD0002000014","AAV2.0.0.13","3.0.1.1413","PSt7-10","180726-015","6/18/2019 6:14:49 AM","0000-00","0","no battery","V"
"06/28/2019","10:33:25","6","default","651713401","OXY_CH6","8.846","min","136.167","μmol/L","Humid","24.247","deg","204852","µV","30.835","°C","1015.000","hPa","36.5","pmil","0","55.720","deg","20.000","°C","100.000","%a.s.","22.420","deg","20.000","°C","971.000","hPa","0.861","-0.02617","0.00035","0","0","13.56","Humid","56.77","1","57.00","370115.05","SABD0002000014","AAV2.0.0.13","3.0.1.1413","PSt7-10","180726-015","6/18/2019 6:14:49 AM","0000-00","0","no battery","V"
"06/28/2019","10:33:26","6","default","651713401","OXY_CH6","8.863","min","136.155","μmol/L","Humid","24.248","deg","204864","µV","30.835","°C","1015.000","hPa","36.5","pmil","0","55.720","deg","20.000","°C","100.000","%a.s.","22.420","deg","20.000","°C","971.000","hPa","0.861","-0.02617","0.00035","0","0","13.56","Humid","56.77","1","57.00","370113.84","SABD0002000014","AAV2.0.0.13","3.0.1.1413","PSt7-10","180726-015","6/18/2019 6:14:49 AM","0000-00","0","no battery","V"
"06/28/2019","10:33:27","6","default","651713401","OXY_CH6","8.880","min","136.072","μmol/L","Humid","24.253","deg","204870","µV","30.841","°C","1015.000","hPa","36.5","pmil","0","55.720","deg","20.000","°C","100.000","%a.s.","22.420","deg","20.000","°C","971.000","hPa","0.861","-0.02617","0.00035","0","0","13.56","Humid","56.77","1","57.00","370107.71","SABD0002000014","AAV2.0.0.13","3.0.1.1413","PSt7-10","180726-015","6/18/2019 6:14:49 AM","0000-00","0","no battery","V"
"06/28/2019","10:33:28","6","default","651713401","OXY_CH6","8.896","min","136.133","μmol/L","Humid","24.250","deg","204882","µV","30.835","°C","1015.000","hPa","36.5","pmil","0","55.720","deg","20.000","°C","100.000","%a.s.","22.420","deg","20.000","°C","971.000","hPa","0.861","-0.02617","0.00035","0","0","13.56","Humid","56.77","1","57.00","370095.06","SABD0002000014","AAV2.0.0.13","3.0.1.1413","PSt7-10","180726-015","6/18/2019 6:14:49 AM","0000-00","0","no battery","V"
"06/28/2019","10:33:29","6","default","651713401","OXY_CH6","8.913","min","136.099","μmol/L","Humid","24.253","deg","204903","µV","30.835","°C","1015.000","hPa","36.5","pmil","0","55.720","deg","20.000","°C","100.000","%a.s.","22.420","deg","20.000","°C","971.000","hPa","0.861","-0.02617","0.00035","0","0","13.56","Humid","56.77","1","57.00","370112.88","SABD0002000014","AAV2.0.0.13","3.0.1.1413","PSt7-10","180726-015","6/18/2019 6:14:49 AM","0000-00","0","no battery","V"
"06/28/2019","10:33:30","6","default","651713401","OXY_CH6","8.930","min","136.077","μmol/L","Humid","24.255","deg","204917","µV","30.835","°C","1015.000","hPa","36.5","pmil","0","55.720","deg","20.000","°C","100.000","%a.s.","22.420","deg","20.000","°C","971.000","hPa","0.861","-0.02617","0.00035","0","0","13.56","Humid","56.77","1","57.00","370124.67","SABD0002000014","AAV2.0.0.13","3.0.1.1413","PSt7-10","180726-015","6/18/2019 6:14:49 AM","0000-00","0","no battery","V"
"06/28/2019","10:33:31","6","default","651713401","OXY_CH6","8.947","min","136.081","μmol/L","Humid","24.257","deg","204936","µV","30.829","°C","1015.000","hPa","36.5","pmil","0","55.720","deg","20.000","°C","100.000","%a.s.","22.420","deg","20.000","°C","971.000","hPa","0.861","-0.02617","0.00035","0","0","13.56","Humid","56.77","1","57.00","370122.08","SABD0002000014","AAV2.0.0.13","3.0.1.1413","PSt7-10","180726-015","6/18/2019 6:14:49 AM","0000-00","0","no battery","V"
"06/28/2019","10:33:32","6","default","651713401","OXY_CH6","8.963","min","136.054","μmol/L","Humid","24.257","deg","204954","µV","30.835","°C","1015.000","hPa","36.5","pmil","0","55.720","deg","20.000","°C","100.000","%a.s.","22.420","deg","20.000","°C","971.000","hPa","0.861","-0.02617","0.00035","0","0","13.56","Humid","56.77","1","57.00","370111.94","SABD0002000014","AAV2.0.0.13","3.0.1.1413","PSt7-10","180726-015","6/18/2019 6:14:49 AM","0000-00","0","no battery","V"
"06/28/2019","10:33:33","6","default","651713401","OXY_CH6","8.979","min","136.025","μmol/L","Humid","24.262","deg","204962","µV","30.829","°C","1015.000","hPa","36.5","pmil","0","55.720","deg","20.000","°C","100.000","%a.s.","22.420","deg","20.000","°C","971.000","hPa","0.861","-0.02617","0.00035","0","0","13.56","Humid","56.77","1","57.00","370117.84","SABD0002000014","AAV2.0.0.13","3.0.1.1413","PSt7-10","180726-015","6/18/2019 6:14:49 AM","0000-00","0","no battery","V"
"06/28/2019","10:33:34","6","default","651713401","OXY_CH6","8.996","min","136.036","μmol/L","Humid","24.261","deg","204985","µV","30.829","°C","1015.000","hPa","36.5","pmil","0","55.720","deg","20.000","°C","100.000","%a.s.","22.420","deg","20.000","°C","971.000","hPa","0.861","-0.02617","0.00035","0","0","13.56","Humid","56.77","1","57.00","370124.13","SABD0002000014","AAV2.0.0.13","3.0.1.1413","PSt7-10","180726-015","6/18/2019 6:14:49 AM","0000-00","0","no battery","V"
"06/28/2019","10:33:35","6","default","651713401","OXY_CH6","9.013","min","136.002","μmol/L","Humid","24.264","deg","204996","µV","30.829","°C","1015.000","hPa","36.5","pmil","0","55.720","deg","20.000","°C","100.000","%a.s.","22.420","deg","20.000","°C","971.000","hPa","0.861","-0.02617","0.00035","0","0","13.56","Humid","56.77","1","57.00","370119.94","SABD0002000014","AAV2.0.0.13","3.0.1.1413","PSt7-10","180726-015","6/18/2019 6:14:49 AM","0000-00","0","no battery","V"
"06/28/2019","10:33:36","6","default","651713401","OXY_CH6","9.029","min","135.987","μmol/L","Humid","24.263","deg","205007","µV","30.835","°C","1015.000","hPa","36.5","pmil","0","55.720","deg","20.000","°C","100.000","%a.s.","22.420","deg","20.000","°C","971.000","hPa","0.861","-0.02617","0.00035","0","0","13.56","Humid","56.77","1","57.00","370111.85","SABD0002000014","AAV2.0.0.13","3.0.1.1413","PSt7-10","180726-015","6/18/2019 6:14:49 AM","0000-00","0","no battery","V"
"06/28/2019","10:33:37","6","default","651713401","OXY_CH6","9.046","min","135.975","μmol/L","Humid","24.264","deg","205027","µV","30.835","°C","1015.000","hPa","36.5","pmil","0","55.720","deg","20.000","°C","100.000","%a.s.","22.420","deg","20.000","°C","971.000","hPa","0.861","-0.02617","0.00035","0","0","13.56","Humid","56.77","1","57.00","370122.42","SABD0002000014","AAV2.0.0.13","3.0.1.1413","PSt7-10","180726-015","6/18/2019 6:14:49 AM","0000-00","0","no battery","V"
"06/28/2019","10:33:38","6","default","651713401","OXY_CH6","9.062","min","135.919","μmol/L","Humid","24.269","deg","205026","µV","30.835","°C","1015.000","hPa","36.5","pmil","0","55.720","deg","20.000","°C","100.000","%a.s.","22.420","deg","20.000","°C","971.000","hPa","0.861","-0.02617","0.00035","0","0","13.56","Humid","56.77","1","57.00","370113.05","SABD0002000014","AAV2.0.0.13","3.0.1.1413","PSt7-10","180726-015","6/18/2019 6:14:49 AM","0000-00","0","no battery","V"
"06/28/2019","10:33:39","6","default","651713401","OXY_CH6","9.080","min","135.935","μmol/L","Humid","24.270","deg","205048","µV","30.829","°C","1015.000","hPa","36.5","pmil","0","55.720","deg","20.000","°C","100.000","%a.s.","22.420","deg","20.000","°C","971.000","hPa","0.861","-0.02617","0.00035","0","0","13.56","Humid","56.77","1","57.00","370109.30","SABD0002000014","AAV2.0.0.13","3.0.1.1413","PSt7-10","180726-015","6/18/2019 6:14:49 AM","0000-00","0","no battery","V"
"06/28/2019","10:33:40","6","default","651713401","OXY_CH6","9.096","min","135.901","μmol/L","Humid","24.273","deg","205064","µV","30.829","°C","1015.000","hPa","36.5","pmil","0","55.720","deg","20.000","°C","100.000","%a.s.","22.420","deg","20.000","°C","971.000","hPa","0.861","-0.02617","0.00035","0","0","13.56","Humid","56.77","1","57.00","370112.49","SABD0002000014","AAV2.0.0.13","3.0.1.1413","PSt7-10","180726-015","6/18/2019 6:14:49 AM","0000-00","0","no battery","V"
"06/28/2019","10:33:41","6","default","651713401","OXY_CH6","9.113","min","135.874","μmol/L","Humid","24.273","deg","205065","µV","30.835","°C","1015.000","hPa","36.5","pmil","0","55.720","deg","20.000","°C","100.000","%a.s.","22.420","deg","20.000","°C","971.000","hPa","0.861","-0.02617","0.00035","0","0","13.56","Humid","56.77","1","57.00","370097.78","SABD0002000014","AAV2.0.0.13","3.0.1.1413","PSt7-10","180726-015","6/18/2019 6:14:49 AM","0000-00","0","no battery","V"
"06/28/2019","10:33:42","6","default","651713401","OXY_CH6","9.129","min","135.852","μmol/L","Humid","24.275","deg","205087","µV","30.835","°C","1015.000","hPa","36.5","pmil","0","55.720","deg","20.000","°C","100.000","%a.s.","22.420","deg","20.000","°C","971.000","hPa","0.861","-0.02617","0.00035","0","0","13.56","Humid","56.77","1","57.00","370100.05","SABD0002000014","AAV2.0.0.13","3.0.1.1413","PSt7-10","180726-015","6/18/2019 6:14:49 AM","0000-00","0","no battery","V"
"06/28/2019","10:33:43","6","default","651713401","OXY_CH6","9.146","min","135.802","μmol/L","Humid","24.277","deg","205118","µV","30.841","°C","1015.000","hPa","36.5","pmil","0","55.720","deg","20.000","°C","100.000","%a.s.","22.420","deg","20.000","°C","971.000","hPa","0.861","-0.02617","0.00035","0","0","13.56","Humid","56.77","1","57.00","370112.10","SABD0002000014","AAV2.0.0.13","3.0.1.1413","PSt7-10","180726-015","6/18/2019 6:14:49 AM","0000-00","0","no battery","V"
"06/28/2019","10:33:44","6","default","651713401","OXY_CH6","9.163","min","135.796","μmol/L","Humid","24.280","deg","205134","µV","30.835","°C","1015.000","hPa","36.5","pmil","0","55.720","deg","20.000","°C","100.000","%a.s.","22.420","deg","20.000","°C","971.000","hPa","0.861","-0.02617","0.00035","0","0","13.56","Humid","56.77","1","57.00","370089.39","SABD0002000014","AAV2.0.0.13","3.0.1.1413","PSt7-10","180726-015","6/18/2019 6:14:49 AM","0000-00","0","no battery","V"
"06/28/2019","10:33:45","6","default","651713401","OXY_CH6","9.180","min","135.807","μmol/L","Humid","24.279","deg","205167","µV","30.835","°C","1015.000","hPa","36.5","pmil","0","55.720","deg","20.000","°C","100.000","%a.s.","22.420","deg","20.000","°C","971.000","hPa","0.861","-0.02617","0.00035","0","0","13.56","Humid","56.77","1","57.00","370086.90","SABD0002000014","AAV2.0.0.13","3.0.1.1413","PSt7-10","180726-015","6/18/2019 6:14:49 AM","0000-00","0","no battery","V"
"06/28/2019","10:33:46","6","default","651713401","OXY_CH6","9.196","min","135.796","μmol/L","Humid","24.280","deg","205184","µV","30.835","°C","1015.000","hPa","36.5","pmil","0","55.720","deg","20.000","°C","100.000","%a.s.","22.420","deg","20.000","°C","971.000","hPa","0.861","-0.02617","0.00035","0","0","13.56","Humid","56.77","1","57.00","370098.30","SABD0002000014","AAV2.0.0.13","3.0.1.1413","PSt7-10","180726-015","6/18/2019 6:14:49 AM","0000-00","0","no battery","V"
"06/28/2019","10:33:47","6","default","651713401","OXY_CH6","9.213","min","135.784","μmol/L","Humid","24.281","deg","205209","µV","30.835","°C","1015.000","hPa","36.5","pmil","0","55.720","deg","20.000","°C","100.000","%a.s.","22.420","deg","20.000","°C","971.000","hPa","0.861","-0.02617","0.00035","0","0","13.56","Humid","56.77","1","57.00","370093.32","SABD0002000014","AAV2.0.0.13","3.0.1.1413","PSt7-10","180726-015","6/18/2019 6:14:49 AM","0000-00","0","no battery","V"
"06/28/2019","10:33:48","6","default","651713401","OXY_CH6","9.230","min","135.740","μmol/L","Humid","24.285","deg","205221","µV","30.835","°C","1015.000","hPa","36.5","pmil","0","55.720","deg","20.000","°C","100.000","%a.s.","22.420","deg","20.000","°C","971.000","hPa","0.861","-0.02617","0.00035","0","0","13.56","Humid","56.77","1","57.00","370079.82","SABD0002000014","AAV2.0.0.13","3.0.1.1413","PSt7-10","180726-015","6/18/2019 6:14:49 AM","0000-00","0","no battery","V"
"06/28/2019","10:33:49","6","default","651713401","OXY_CH6","9.246","min","135.740","μmol/L","Humid","24.285","deg","205230","µV","30.835","°C","1015.000","hPa","36.5","pmil","0","55.720","deg","20.000","°C","100.000","%a.s.","22.420","deg","20.000","°C","971.000","hPa","0.861","-0.02617","0.00035","0","0","13.56","Humid","56.77","1","57.00","370093.17","SABD0002000014","AAV2.0.0.13","3.0.1.1413","PSt7-10","180726-015","6/18/2019 6:14:49 AM","0000-00","0","no battery","V"
"06/28/2019","10:33:50","6","default","651713401","OXY_CH6","9.263","min","135.706","μmol/L","Humid","24.288","deg","205240","µV","30.835","°C","1015.000","hPa","36.5","pmil","0","55.720","deg","20.000","°C","100.000","%a.s.","22.420","deg","20.000","°C","971.000","hPa","0.861","-0.02617","0.00035","0","0","13.56","Humid","56.77","1","57.00","370081.92","SABD0002000014","AAV2.0.0.13","3.0.1.1413","PSt7-10","180726-015","6/18/2019 6:14:49 AM","0000-00","0","no battery","V"
"06/28/2019","10:33:51","6","default","651713401","OXY_CH6","9.280","min","135.722","μmol/L","Humid","24.289","deg","205255","µV","30.829","°C","1015.000","hPa","36.5","pmil","0","55.720","deg","20.000","°C","100.000","%a.s.","22.420","deg","20.000","°C","971.000","hPa","0.861","-0.02617","0.00035","0","0","13.56","Humid","56.77","1","57.00","370086.79","SABD0002000014","AAV2.0.0.13","3.0.1.1413","PSt7-10","180726-015","6/18/2019 6:14:49 AM","0000-00","0","no battery","V"
"06/28/2019","10:33:52","6","default","651713401","OXY_CH6","9.296","min","135.710","μmol/L","Humid","24.290","deg","205266","µV","30.829","°C","1015.000","hPa","36.5","pmil","0","55.720","deg","20.000","°C","100.000","%a.s.","22.420","deg","20.000","°C","971.000","hPa","0.861","-0.02617","0.00035","0","0","13.56","Humid","56.77","1","57.00","370094.42","SABD0002000014","AAV2.0.0.13","3.0.1.1413","PSt7-10","180726-015","6/18/2019 6:14:49 AM","0000-00","0","no battery","V"
"06/28/2019","10:33:53","6","default","651713401","OXY_CH6","9.313","min","135.639","μmol/L","Humid","24.294","deg","205272","µV","30.835","°C","1015.000","hPa","36.5","pmil","0","55.720","deg","20.000","°C","100.000","%a.s.","22.420","deg","20.000","°C","971.000","hPa","0.861","-0.02617","0.00035","0","0","13.56","Humid","56.77","1","57.00","370081.20","SABD0002000014","AAV2.0.0.13","3.0.1.1413","PSt7-10","180726-015","6/18/2019 6:14:49 AM","0000-00","0","no battery","V"
"06/28/2019","10:33:54","6","default","651713401","OXY_CH6","9.330","min","135.623","μmol/L","Humid","24.293","deg","205290","µV","30.841","°C","1015.000","hPa","36.5","pmil","0","55.720","deg","20.000","°C","100.000","%a.s.","22.420","deg","20.000","°C","971.000","hPa","0.861","-0.02617","0.00035","0","0","13.56","Humid","56.77","1","57.00","370090.10","SABD0002000014","AAV2.0.0.13","3.0.1.1413","PSt7-10","180726-015","6/18/2019 6:14:49 AM","0000-00","0","no battery","V"
"06/28/2019","10:33:55","6","default","651713401","OXY_CH6","9.346","min","135.612","μmol/L","Humid","24.294","deg","205299","µV","30.841","°C","1015.000","hPa","36.5","pmil","0","55.720","deg","20.000","°C","100.000","%a.s.","22.420","deg","20.000","°C","971.000","hPa","0.861","-0.02617","0.00035","0","0","13.56","Humid","56.77","1","57.00","370069.18","SABD0002000014","AAV2.0.0.13","3.0.1.1413","PSt7-10","180726-015","6/18/2019 6:14:49 AM","0000-00","0","no battery","V"
"06/28/2019","10:33:56","6","default","651713401","OXY_CH6","9.363","min","135.605","μmol/L","Humid","24.297","deg","205325","µV","30.835","°C","1015.000","hPa","36.5","pmil","0","55.720","deg","20.000","°C","100.000","%a.s.","22.420","deg","20.000","°C","971.000","hPa","0.861","-0.02617","0.00035","0","0","13.56","Humid","56.77","1","57.00","370091.00","SABD0002000014","AAV2.0.0.13","3.0.1.1413","PSt7-10","180726-015","6/18/2019 6:14:49 AM","0000-00","0","no battery","V"
"06/28/2019","10:33:57","6","default","651713401","OXY_CH6","9.380","min","135.583","μmol/L","Humid","24.299","deg","205337","µV","30.835","°C","1015.000","hPa","36.5","pmil","0","55.720","deg","20.000","°C","100.000","%a.s.","22.420","deg","20.000","°C","971.000","hPa","0.861","-0.02617","0.00035","0","0","13.56","Humid","56.77","1","57.00","370095.00","SABD0002000014","AAV2.0.0.13","3.0.1.1413","PSt7-10","180726-015","6/18/2019 6:14:49 AM","0000-00","0","no battery","V"
"06/28/2019","10:33:58","6","default","651713401","OXY_CH6","9.397","min","135.517","μmol/L","Humid","24.300","deg","205348","µV","30.847","°C","1015.000","hPa","36.5","pmil","0","55.720","deg","20.000","°C","100.000","%a.s.","22.420","deg","20.000","°C","971.000","hPa","0.861","-0.02617","0.00035","0","0","13.56","Humid","56.77","1","57.00","370092.84","SABD0002000014","AAV2.0.0.13","3.0.1.1413","PSt7-10","180726-015","6/18/2019 6:14:49 AM","0000-00","0","no battery","V"
"06/28/2019","10:33:59","6","default","651713401","OXY_CH6","9.413","min","135.565","μmol/L","Humid","24.303","deg","205363","µV","30.829","°C","1015.000","hPa","36.5","pmil","0","55.720","deg","20.000","°C","100.000","%a.s.","22.420","deg","20.000","°C","971.000","hPa","0.861","-0.02617","0.00035","0","0","13.56","Humid","56.77","1","57.00","370090.68","SABD0002000014","AAV2.0.0.13","3.0.1.1413","PSt7-10","180726-015","6/18/2019 6:14:49 AM","0000-00","0","no battery","V"
"06/28/2019","10:34:00","6","default","651713401","OXY_CH6","9.430","min","135.538","μmol/L","Humid","24.303","deg","205369","µV","30.835","°C","1015.000","hPa","36.5","pmil","0","55.720","deg","20.000","°C","100.000","%a.s.","22.420","deg","20.000","°C","971.000","hPa","0.861","-0.02617","0.00035","0","0","13.56","Humid","56.77","1","57.00","370076.89","SABD0002000014","AAV2.0.0.13","3.0.1.1413","PSt7-10","180726-015","6/18/2019 6:14:49 AM","0000-00","0","no battery","V"
"06/28/2019","10:34:01","6","default","651713401","OXY_CH6","9.447","min","135.520","μmol/L","Humid","24.307","deg","205382","µV","30.829","°C","1015.000","hPa","36.5","pmil","0","55.720","deg","20.000","°C","100.000","%a.s.","22.420","deg","20.000","°C","971.000","hPa","0.861","-0.02617","0.00035","0","0","13.56","Humid","56.77","1","57.00","370071.64","SABD0002000014","AAV2.0.0.13","3.0.1.1413","PSt7-10","180726-015","6/18/2019 6:14:49 AM","0000-00","0","no battery","V"
"06/28/2019","10:34:02","6","default","651713401","OXY_CH6","9.463","min","135.504","μmol/L","Humid","24.306","deg","205388","µV","30.835","°C","1015.000","hPa","36.5","pmil","0","55.720","deg","20.000","°C","100.000","%a.s.","22.420","deg","20.000","°C","971.000","hPa","0.861","-0.02617","0.00035","0","0","13.56","Humid","56.77","1","57.00","370075.18","SABD0002000014","AAV2.0.0.13","3.0.1.1413","PSt7-10","180726-015","6/18/2019 6:14:49 AM","0000-00","0","no battery","V"
"06/28/2019","10:34:03","6","default","651713401","OXY_CH6","9.480","min","135.482","μmol/L","Humid","24.308","deg","205407","µV","30.835","°C","1015.000","hPa","36.5","pmil","0","55.720","deg","20.000","°C","100.000","%a.s.","22.420","deg","20.000","°C","971.000","hPa","0.861","-0.02617","0.00035","0","0","13.56","Humid","56.77","1","57.00","370077.62","SABD0002000014","AAV2.0.0.13","3.0.1.1413","PSt7-10","180726-015","6/18/2019 6:14:49 AM","0000-00","0","no battery","V"
"06/28/2019","10:34:04","6","default","651713401","OXY_CH6","9.496","min","135.459","μmol/L","Humid","24.310","deg","205422","µV","30.835","°C","1015.000","hPa","36.5","pmil","0","55.720","deg","20.000","°C","100.000","%a.s.","22.420","deg","20.000","°C","971.000","hPa","0.861","-0.02617","0.00035","0","0","13.56","Humid","56.77","1","57.00","370075.14","SABD0002000014","AAV2.0.0.13","3.0.1.1413","PSt7-10","180726-015","6/18/2019 6:14:49 AM","0000-00","0","no battery","V"
"06/28/2019","10:34:05","6","default","651713401","OXY_CH6","9.513","min","135.410","μmol/L","Humid","24.312","deg","205432","µV","30.841","°C","1015.000","hPa","36.5","pmil","0","55.720","deg","20.000","°C","100.000","%a.s.","22.420","deg","20.000","°C","971.000","hPa","0.861","-0.02617","0.00035","0","0","13.56","Humid","56.77","1","57.00","370059.22","SABD0002000014","AAV2.0.0.13","3.0.1.1413","PSt7-10","180726-015","6/18/2019 6:14:49 AM","0000-00","0","no battery","V"
"06/28/2019","10:34:06","6","default","651713401","OXY_CH6","9.529","min","135.430","μmol/L","Humid","24.315","deg","205448","µV","30.829","°C","1015.000","hPa","36.5","pmil","0","55.720","deg","20.000","°C","100.000","%a.s.","22.420","deg","20.000","°C","971.000","hPa","0.861","-0.02617","0.00035","0","0","13.56","Humid","56.77","1","57.00","370060.69","SABD0002000014","AAV2.0.0.13","3.0.1.1413","PSt7-10","180726-015","6/18/2019 6:14:49 AM","0000-00","0","no battery","V"
"06/28/2019","10:34:07","6","default","651713401","OXY_CH6","9.546","min","135.403","μmol/L","Humid","24.315","deg","205462","µV","30.835","°C","1015.000","hPa","36.5","pmil","0","55.720","deg","20.000","°C","100.000","%a.s.","22.420","deg","20.000","°C","971.000","hPa","0.861","-0.02617","0.00035","0","0","13.56","Humid","56.77","1","57.00","370064.33","SABD0002000014","AAV2.0.0.13","3.0.1.1413","PSt7-10","180726-015","6/18/2019 6:14:49 AM","0000-00","0","no battery","V"
"06/28/2019","10:34:08","6","default","651713401","OXY_CH6","9.563","min","135.370","μmol/L","Humid","24.318","deg","205476","µV","30.835","°C","1015.000","hPa","36.5","pmil","0","55.720","deg","20.000","°C","100.000","%a.s.","22.420","deg","20.000","°C","971.000","hPa","0.861","-0.02617","0.00035","0","0","13.56","Humid","56.77","1","57.00","370061.03","SABD0002000014","AAV2.0.0.13","3.0.1.1413","PSt7-10","180726-015","6/18/2019 6:14:49 AM","0000-00","0","no battery","V"
"06/28/2019","10:34:09","6","default","651713401","OXY_CH6","9.580","min","135.359","μmol/L","Humid","24.319","deg","205496","µV","30.835","°C","1015.000","hPa","36.5","pmil","0","55.720","deg","20.000","°C","100.000","%a.s.","22.420","deg","20.000","°C","971.000","hPa","0.861","-0.02617","0.00035","0","0","13.56","Humid","56.77","1","57.00","370078.82","SABD0002000014","AAV2.0.0.13","3.0.1.1413","PSt7-10","180726-015","6/18/2019 6:14:49 AM","0000-00","0","no battery","V"
"06/28/2019","10:34:10","6","default","651713401","OXY_CH6","9.596","min","135.321","μmol/L","Humid","24.320","deg","205499","µV","30.841","°C","1015.000","hPa","36.5","pmil","0","55.720","deg","20.000","°C","100.000","%a.s.","22.420","deg","20.000","°C","971.000","hPa","0.861","-0.02617","0.00035","0","0","13.56","Humid","56.77","1","57.00","370060.11","SABD0002000014","AAV2.0.0.13","3.0.1.1413","PSt7-10","180726-015","6/18/2019 6:14:49 AM","0000-00","0","no battery","V"
"06/28/2019","10:34:11","6","default","651713401","OXY_CH6","9.613","min","135.352","μmol/L","Humid","24.322","deg","205520","µV","30.829","°C","1015.000","hPa","36.5","pmil","0","55.720","deg","20.000","°C","100.000","%a.s.","22.420","deg","20.000","°C","971.000","hPa","0.861","-0.02617","0.00035","0","0","13.56","Humid","56.77","1","57.00","370072.47","SABD0002000014","AAV2.0.0.13","3.0.1.1413","PSt7-10","180726-015","6/18/2019 6:14:49 AM","0000-00","0","no battery","V"
"06/28/2019","10:34:12","6","default","651713401","OXY_CH6","9.629","min","135.292","μmol/L","Humid","24.325","deg","205536","µV","30.835","°C","1015.000","hPa","36.5","pmil","0","55.720","deg","20.000","°C","100.000","%a.s.","22.420","deg","20.000","°C","971.000","hPa","0.861","-0.02617","0.00035","0","0","13.56","Humid","56.77","1","57.00","370056.96","SABD0002000014","AAV2.0.0.13","3.0.1.1413","PSt7-10","180726-015","6/18/2019 6:14:49 AM","0000-00","0","no battery","V"
"06/28/2019","10:34:13","6","default","651713401","OXY_CH6","9.646","min","135.269","μmol/L","Humid","24.327","deg","205532","µV","30.835","°C","1015.000","hPa","36.5","pmil","0","55.720","deg","20.000","°C","100.000","%a.s.","22.420","deg","20.000","°C","971.000","hPa","0.861","-0.02617","0.00035","0","0","13.56","Humid","56.77","1","57.00","370060.56","SABD0002000014","AAV2.0.0.13","3.0.1.1413","PSt7-10","180726-015","6/18/2019 6:14:49 AM","0000-00","0","no battery","V"
"06/28/2019","10:34:14","6","default","651713401","OXY_CH6","9.663","min","135.280","μmol/L","Humid","24.326","deg","205544","µV","30.835","°C","1015.000","hPa","36.5","pmil","0","55.720","deg","20.000","°C","100.000","%a.s.","22.420","deg","20.000","°C","971.000","hPa","0.861","-0.02617","0.00035","0","0","13.56","Humid","56.77","1","57.00","370059.48","SABD0002000014","AAV2.0.0.13","3.0.1.1413","PSt7-10","180726-015","6/18/2019 6:14:49 AM","0000-00","0","no battery","V"
"06/28/2019","10:34:15","6","default","651713401","OXY_CH6","9.679","min","135.209","μmol/L","Humid","24.330","deg","205553","µV","30.841","°C","1015.000","hPa","36.5","pmil","0","55.720","deg","20.000","°C","100.000","%a.s.","22.420","deg","20.000","°C","971.000","hPa","0.861","-0.02617","0.00035","0","0","13.56","Humid","56.77","1","57.00","370051.67","SABD0002000014","AAV2.0.0.13","3.0.1.1413","PSt7-10","180726-015","6/18/2019 6:14:49 AM","0000-00","0","no battery","V"
"06/28/2019","10:34:16","6","default","651713401","OXY_CH6","9.696","min","135.236","μmol/L","Humid","24.330","deg","205579","µV","30.835","°C","1015.000","hPa","36.5","pmil","0","55.720","deg","20.000","°C","100.000","%a.s.","22.420","deg","20.000","°C","971.000","hPa","0.861","-0.02617","0.00035","0","0","13.56","Humid","56.77","1","57.00","370041.56","SABD0002000014","AAV2.0.0.13","3.0.1.1413","PSt7-10","180726-015","6/18/2019 6:14:49 AM","0000-00","0","no battery","V"
"06/28/2019","10:34:17","6","default","651713401","OXY_CH6","9.713","min","135.202","μmol/L","Humid","24.333","deg","205602","µV","30.835","°C","1015.000","hPa","36.5","pmil","0","55.720","deg","20.000","°C","100.000","%a.s.","22.420","deg","20.000","°C","971.000","hPa","0.861","-0.02617","0.00035","0","0","13.56","Humid","56.77","1","57.00","370055.16","SABD0002000014","AAV2.0.0.13","3.0.1.1413","PSt7-10","180726-015","6/18/2019 6:14:49 AM","0000-00","0","no battery","V"
"06/28/2019","10:34:18","6","default","651713401","OXY_CH6","9.729","min","135.180","μmol/L","Humid","24.335","deg","205613","µV","30.835","°C","1015.000","hPa","36.5","pmil","0","55.720","deg","20.000","°C","100.000","%a.s.","22.420","deg","20.000","°C","971.000","hPa","0.861","-0.02617","0.00035","0","0","13.56","Humid","56.77","1","57.00","370038.06","SABD0002000014","AAV2.0.0.13","3.0.1.1413","PSt7-10","180726-015","6/18/2019 6:14:49 AM","0000-00","0","no battery","V"
"06/28/2019","10:34:19","6","default","651713401","OXY_CH6","9.746","min","135.207","μmol/L","Humid","24.335","deg","205636","µV","30.829","°C","1015.000","hPa","36.5","pmil","0","55.720","deg","20.000","°C","100.000","%a.s.","22.420","deg","20.000","°C","971.000","hPa","0.861","-0.02617","0.00035","0","0","13.56","Humid","56.77","1","57.00","370034.00","SABD0002000014","AAV2.0.0.13","3.0.1.1413","PSt7-10","180726-015","6/18/2019 6:14:49 AM","0000-00","0","no battery","V"
"06/28/2019","10:34:20","6","default","651713401","OXY_CH6","9.763","min","135.196","μmol/L","Humid","24.336","deg","205651","µV","30.829","°C","1015.000","hPa","36.5","pmil","0","55.720","deg","20.000","°C","100.000","%a.s.","22.420","deg","20.000","°C","971.000","hPa","0.861","-0.02617","0.00035","0","0","13.56","Humid","56.77","1","57.00","370040.27","SABD0002000014","AAV2.0.0.13","3.0.1.1413","PSt7-10","180726-015","6/18/2019 6:14:49 AM","0000-00","0","no battery","V"
"06/28/2019","10:34:21","6","default","651713401","OXY_CH6","9.779","min","135.124","μmol/L","Humid","24.340","deg","205650","µV","30.835","°C","1015.000","hPa","36.5","pmil","0","55.720","deg","20.000","°C","100.000","%a.s.","22.420","deg","20.000","°C","971.000","hPa","0.861","-0.02617","0.00035","0","0","13.56","Humid","56.77","1","57.00","370031.14","SABD0002000014","AAV2.0.0.13","3.0.1.1413","PSt7-10","180726-015","6/18/2019 6:14:49 AM","0000-00","0","no battery","V"
"06/28/2019","10:34:22","6","default","651713401","OXY_CH6","9.796","min","135.162","μmol/L","Humid","24.339","deg","205673","µV","30.829","°C","1015.000","hPa","36.5","pmil","0","55.720","deg","20.000","°C","100.000","%a.s.","22.420","deg","20.000","°C","971.000","hPa","0.861","-0.02617","0.00035","0","0","13.56","Humid","56.77","1","57.00","370040.12","SABD0002000014","AAV2.0.0.13","3.0.1.1413","PSt7-10","180726-015","6/18/2019 6:14:49 AM","0000-00","0","no battery","V"
"06/28/2019","10:34:23","6","default","651713401","OXY_CH6","9.813","min","135.140","μmol/L","Humid","24.341","deg","205694","µV","30.829","°C","1015.000","hPa","36.5","pmil","0","55.720","deg","20.000","°C","100.000","%a.s.","22.420","deg","20.000","°C","971.000","hPa","0.861","-0.02617","0.00035","0","0","13.56","Humid","56.77","1","57.00","370050.45","SABD0002000014","AAV2.0.0.13","3.0.1.1413","PSt7-10","180726-015","6/18/2019 6:14:49 AM","0000-00","0","no battery","V"
"06/28/2019","10:34:24","6","default","651713401","OXY_CH6","9.829","min","135.091","μmol/L","Humid","24.343","deg","205716","µV","30.835","°C","1015.000","hPa","36.5","pmil","0","55.720","deg","20.000","°C","100.000","%a.s.","22.420","deg","20.000","°C","971.000","hPa","0.861","-0.02617","0.00035","0","0","13.56","Humid","56.77","1","57.00","370054.76","SABD0002000014","AAV2.0.0.13","3.0.1.1413","PSt7-10","180726-015","6/18/2019 6:14:49 AM","0000-00","0","no battery","V"
"06/28/2019","10:34:25","6","default","651713401","OXY_CH6","9.846","min","135.122","μmol/L","Humid","24.345","deg","205733","µV","30.822","°C","1015.000","hPa","36.5","pmil","0","55.720","deg","20.000","°C","100.000","%a.s.","22.420","deg","20.000","°C","971.000","hPa","0.861","-0.02617","0.00035","0","0","13.56","Humid","56.77","1","57.00","370049.28","SABD0002000014","AAV2.0.0.13","3.0.1.1413","PSt7-10","180726-015","6/18/2019 6:14:49 AM","0000-00","0","no battery","V"
"06/28/2019","10:34:26","6","default","651713401","OXY_CH6","9.863","min","135.095","μmol/L","Humid","24.345","deg","205740","µV","30.829","°C","1015.000","hPa","36.5","pmil","0","55.720","deg","20.000","°C","100.000","%a.s.","22.420","deg","20.000","°C","971.000","hPa","0.861","-0.02617","0.00035","0","0","13.56","Humid","56.77","1","57.00","370041.61","SABD0002000014","AAV2.0.0.13","3.0.1.1413","PSt7-10","180726-015","6/18/2019 6:14:49 AM","0000-00","0","no battery","V"
"06/28/2019","10:34:27","6","default","651713401","OXY_CH6","9.879","min","135.019","μmol/L","Humid","24.347","deg","205746","µV","30.841","°C","1015.000","hPa","36.5","pmil","0","55.720","deg","20.000","°C","100.000","%a.s.","22.420","deg","20.000","°C","971.000","hPa","0.861","-0.02617","0.00035","0","0","13.56","Humid","56.77","1","57.00","370042.56","SABD0002000014","AAV2.0.0.13","3.0.1.1413","PSt7-10","180726-015","6/18/2019 6:14:49 AM","0000-00","0","no battery","V"
"06/28/2019","10:34:28","6","default","651713401","OXY_CH6","9.896","min","135.013","μmol/L","Humid","24.350","deg","205761","µV","30.835","°C","1015.000","hPa","36.5","pmil","0","55.720","deg","20.000","°C","100.000","%a.s.","22.420","deg","20.000","°C","971.000","hPa","0.861","-0.02617","0.00035","0","0","13.56","Humid","56.77","1","57.00","370037.76","SABD0002000014","AAV2.0.0.13","3.0.1.1413","PSt7-10","180726-015","6/18/2019 6:14:49 AM","0000-00","0","no battery","V"
"06/28/2019","10:34:29","6","default","651713401","OXY_CH6","9.913","min","135.013","μmol/L","Humid","24.350","deg","205774","µV","30.835","°C","1015.000","hPa","36.5","pmil","0","55.720","deg","20.000","°C","100.000","%a.s.","22.420","deg","20.000","°C","971.000","hPa","0.861","-0.02617","0.00035","0","0","13.56","Humid","56.77","1","57.00","370040.11","SABD0002000014","AAV2.0.0.13","3.0.1.1413","PSt7-10","180726-015","6/18/2019 6:14:49 AM","0000-00","0","no battery","V"
"06/28/2019","10:34:30","6","default","651713401","OXY_CH6","9.929","min","134.990","μmol/L","Humid","24.352","deg","205783","µV","30.835","°C","1015.000","hPa","36.5","pmil","0","55.720","deg","20.000","°C","100.000","%a.s.","22.420","deg","20.000","°C","971.000","hPa","0.861","-0.02617","0.00035","0","0","13.56","Humid","56.77","1","57.00","370022.64","SABD0002000014","AAV2.0.0.13","3.0.1.1413","PSt7-10","180726-015","6/18/2019 6:14:49 AM","0000-00","0","no battery","V"
"06/28/2019","10:34:31","6","default","651713401","OXY_CH6","9.946","min","134.968","μmol/L","Humid","24.354","deg","205798","µV","30.835","°C","1015.000","hPa","36.5","pmil","0","55.720","deg","20.000","°C","100.000","%a.s.","22.420","deg","20.000","°C","971.000","hPa","0.861","-0.02617","0.00035","0","0","13.56","Humid","56.77","1","57.00","370027.48","SABD0002000014","AAV2.0.0.13","3.0.1.1413","PSt7-10","180726-015","6/18/2019 6:14:49 AM","0000-00","0","no battery","V"
"06/28/2019","10:34:32","6","default","651713401","OXY_CH6","9.963","min","134.946","μmol/L","Humid","24.356","deg","205800","µV","30.835","°C","1015.000","hPa","36.5","pmil","0","55.720","deg","20.000","°C","100.000","%a.s.","22.420","deg","20.000","°C","971.000","hPa","0.861","-0.02617","0.00035","0","0","13.56","Humid","56.77","1","57.00","370035.01","SABD0002000014","AAV2.0.0.13","3.0.1.1413","PSt7-10","180726-015","6/18/2019 6:14:49 AM","0000-00","0","no battery","V"
"06/28/2019","10:34:33","6","default","651713401","OXY_CH6","9.979","min","134.908","μmol/L","Humid","24.357","deg","205820","µV","30.841","°C","1015.000","hPa","36.5","pmil","0","55.720","deg","20.000","°C","100.000","%a.s.","22.420","deg","20.000","°C","971.000","hPa","0.861","-0.02617","0.00035","0","0","13.56","Humid","56.77","1","57.00","370037.68","SABD0002000014","AAV2.0.0.13","3.0.1.1413","PSt7-10","180726-015","6/18/2019 6:14:49 AM","0000-00","0","no battery","V"
"06/28/2019","10:34:34","6","default","651713401","OXY_CH6","9.996","min","134.923","μmol/L","Humid","24.358","deg","205827","µV","30.835","°C","1015.000","hPa","36.5","pmil","0","55.720","deg","20.000","°C","100.000","%a.s.","22.420","deg","20.000","°C","971.000","hPa","0.861","-0.02617","0.00035","0","0","13.56","Humid","56.77","1","57.00","370028.95","SABD0002000014","AAV2.0.0.13","3.0.1.1413","PSt7-10","180726-015","6/18/2019 6:14:49 AM","0000-00","0","no battery","V"
"06/28/2019","10:34:35","6","default","651713401","OXY_CH6","10.013","min","134.917","μmol/L","Humid","24.361","deg","205847","µV","30.829","°C","1015.000","hPa","36.5","pmil","0","55.720","deg","20.000","°C","100.000","%a.s.","22.420","deg","20.000","°C","971.000","hPa","0.861","-0.02617","0.00035","0","0","13.56","Humid","56.77","1","57.00","370021.93","SABD0002000014","AAV2.0.0.13","3.0.1.1413","PSt7-10","180726-015","6/18/2019 6:14:49 AM","0000-00","0","no battery","V"
"06/28/2019","10:34:36","6","default","651713401","OXY_CH6","10.029","min","134.830","μmol/L","Humid","24.364","deg","205864","µV","30.841","°C","1015.000","hPa","36.5","pmil","0","55.720","deg","20.000","°C","100.000","%a.s.","22.420","deg","20.000","°C","971.000","hPa","0.861","-0.02617","0.00035","0","0","13.56","Humid","56.77","1","57.00","370022.38","SABD0002000014","AAV2.0.0.13","3.0.1.1413","PSt7-10","180726-015","6/18/2019 6:14:49 AM","0000-00","0","no battery","V"
"06/28/2019","10:34:37","6","default","651713401","OXY_CH6","10.046","min","134.823","μmol/L","Humid","24.367","deg","205866","µV","30.835","°C","1015.000","hPa","36.5","pmil","0","55.720","deg","20.000","°C","100.000","%a.s.","22.420","deg","20.000","°C","971.000","hPa","0.861","-0.02617","0.00035","0","0","13.56","Humid","56.77","1","57.00","370016.45","SABD0002000014","AAV2.0.0.13","3.0.1.1413","PSt7-10","180726-015","6/18/2019 6:14:49 AM","0000-00","0","no battery","V"
"06/28/2019","10:34:38","6","default","651713401","OXY_CH6","10.063","min","134.823","μmol/L","Humid","24.367","deg","205889","µV","30.835","°C","1015.000","hPa","36.5","pmil","0","55.720","deg","20.000","°C","100.000","%a.s.","22.420","deg","20.000","°C","971.000","hPa","0.861","-0.02617","0.00035","0","0","13.56","Humid","56.77","1","57.00","370034.92","SABD0002000014","AAV2.0.0.13","3.0.1.1413","PSt7-10","180726-015","6/18/2019 6:14:49 AM","0000-00","0","no battery","V"
"06/28/2019","10:34:39","6","default","651713401","OXY_CH6","10.079","min","134.839","μmol/L","Humid","24.368","deg","205889","µV","30.829","°C","1015.000","hPa","36.5","pmil","0","55.720","deg","20.000","°C","100.000","%a.s.","22.420","deg","20.000","°C","971.000","hPa","0.861","-0.02617","0.00035","0","0","13.56","Humid","56.77","1","57.00","370006.26","SABD0002000014","AAV2.0.0.13","3.0.1.1413","PSt7-10","180726-015","6/18/2019 6:14:49 AM","0000-00","0","no battery","V"
"06/28/2019","10:34:40","6","default","651713401","OXY_CH6","10.096","min","134.779","μmol/L","Humid","24.371","deg","205917","µV","30.835","°C","1015.000","hPa","36.5","pmil","0","55.720","deg","20.000","°C","100.000","%a.s.","22.420","deg","20.000","°C","971.000","hPa","0.861","-0.02617","0.00035","0","0","13.56","Humid","56.77","1","57.00","370019.60","SABD0002000014","AAV2.0.0.13","3.0.1.1413","PSt7-10","180726-015","6/18/2019 6:14:49 AM","0000-00","0","no battery","V"
"06/28/2019","10:34:41","6","default","651713401","OXY_CH6","10.113","min","134.768","μmol/L","Humid","24.372","deg","205930","µV","30.835","°C","1015.000","hPa","36.5","pmil","0","55.720","deg","20.000","°C","100.000","%a.s.","22.420","deg","20.000","°C","971.000","hPa","0.861","-0.02617","0.00035","0","0","13.56","Humid","56.77","1","57.00","370023.08","SABD0002000014","AAV2.0.0.13","3.0.1.1413","PSt7-10","180726-015","6/18/2019 6:14:49 AM","0000-00","0","no battery","V"
"06/28/2019","10:34:42","6","default","651713401","OXY_CH6","10.129","min","134.734","μmol/L","Humid","24.375","deg","205937","µV","30.835","°C","1015.000","hPa","36.5","pmil","0","55.720","deg","20.000","°C","100.000","%a.s.","22.420","deg","20.000","°C","971.000","hPa","0.861","-0.02617","0.00035","0","0","13.56","Humid","56.77","1","57.00","370020.68","SABD0002000014","AAV2.0.0.13","3.0.1.1413","PSt7-10","180726-015","6/18/2019 6:14:49 AM","0000-00","0","no battery","V"
"06/28/2019","10:34:43","6","default","651713401","OXY_CH6","10.146","min","134.745","μmol/L","Humid","24.374","deg","205960","µV","30.835","°C","1015.000","hPa","36.5","pmil","0","55.720","deg","20.000","°C","100.000","%a.s.","22.420","deg","20.000","°C","971.000","hPa","0.861","-0.02617","0.00035","0","0","13.56","Humid","56.77","1","57.00","370020.48","SABD0002000014","AAV2.0.0.13","3.0.1.1413","PSt7-10","180726-015","6/18/2019 6:14:49 AM","0000-00","0","no battery","V"
"06/28/2019","10:34:44","6","default","651713401","OXY_CH6","10.162","min","134.777","μmol/L","Humid","24.376","deg","205972","µV","30.822","°C","1015.000","hPa","36.5","pmil","0","55.720","deg","20.000","°C","100.000","%a.s.","22.420","deg","20.000","°C","971.000","hPa","0.861","-0.02617","0.00035","0","0","13.56","Humid","56.77","1","57.00","370004.44","SABD0002000014","AAV2.0.0.13","3.0.1.1413","PSt7-10","180726-015","6/18/2019 6:14:49 AM","0000-00","0","no battery","V"
"06/28/2019","10:34:45","6","default","651713401","OXY_CH6","10.179","min","134.717","μmol/L","Humid","24.379","deg","206001","µV","30.829","°C","1015.000","hPa","36.5","pmil","0","55.720","deg","20.000","°C","100.000","%a.s.","22.420","deg","20.000","°C","971.000","hPa","0.861","-0.02617","0.00035","0","0","13.56","Humid","56.77","1","57.00","370017.61","SABD0002000014","AAV2.0.0.13","3.0.1.1413","PSt7-10","180726-015","6/18/2019 6:14:49 AM","0000-00","0","no battery","V"
"06/28/2019","10:34:46","6","default","651713401","OXY_CH6","10.196","min","134.717","μmol/L","Humid","24.379","deg","206015","µV","30.829","°C","1015.000","hPa","36.5","pmil","0","55.720","deg","20.000","°C","100.000","%a.s.","22.420","deg","20.000","°C","971.000","hPa","0.861","-0.02617","0.00035","0","0","13.56","Humid","56.77","1","57.00","370005.99","SABD0002000014","AAV2.0.0.13","3.0.1.1413","PSt7-10","180726-015","6/18/2019 6:14:49 AM","0000-00","0","no battery","V"
"06/28/2019","10:34:47","6","default","651713401","OXY_CH6","10.213","min","134.630","μmol/L","Humid","24.382","deg","206027","µV","30.841","°C","1015.000","hPa","36.5","pmil","0","55.720","deg","20.000","°C","100.000","%a.s.","22.420","deg","20.000","°C","971.000","hPa","0.861","-0.02617","0.00035","0","0","13.56","Humid","56.77","1","57.00","370012.38","SABD0002000014","AAV2.0.0.13","3.0.1.1413","PSt7-10","180726-015","6/18/2019 6:14:49 AM","0000-00","0","no battery","V"
"06/28/2019","10:34:48","6","default","651713401","OXY_CH6","10.229","min","134.645","μmol/L","Humid","24.383","deg","206052","µV","30.835","°C","1015.000","hPa","36.5","pmil","0","55.720","deg","20.000","°C","100.000","%a.s.","22.420","deg","20.000","°C","971.000","hPa","0.861","-0.02617","0.00035","0","0","13.56","Humid","56.77","1","57.00","370007.78","SABD0002000014","AAV2.0.0.13","3.0.1.1413","PSt7-10","180726-015","6/18/2019 6:14:49 AM","0000-00","0","no battery","V"
"06/28/2019","10:34:49","6","default","651713401","OXY_CH6","10.246","min","134.645","μmol/L","Humid","24.383","deg","206078","µV","30.835","°C","1015.000","hPa","36.5","pmil","0","55.720","deg","20.000","°C","100.000","%a.s.","22.420","deg","20.000","°C","971.000","hPa","0.861","-0.02617","0.00035","0","0","13.56","Humid","56.77","1","57.00","370033.30","SABD0002000014","AAV2.0.0.13","3.0.1.1413","PSt7-10","180726-015","6/18/2019 6:14:49 AM","0000-00","0","no battery","V"
"06/28/2019","10:34:50","6","default","651713401","OXY_CH6","10.263","min","134.650","μmol/L","Humid","24.385","deg","206080","µV","30.829","°C","1015.000","hPa","36.5","pmil","0","55.720","deg","20.000","°C","100.000","%a.s.","22.420","deg","20.000","°C","971.000","hPa","0.861","-0.02617","0.00035","0","0","13.56","Humid","56.77","1","57.00","370016.19","SABD0002000014","AAV2.0.0.13","3.0.1.1413","PSt7-10","180726-015","6/18/2019 6:14:49 AM","0000-00","0","no battery","V"
"06/28/2019","10:34:51","6","default","651713401","OXY_CH6","10.280","min","134.594","μmol/L","Humid","24.390","deg","206097","µV","30.829","°C","1015.000","hPa","36.5","pmil","0","55.720","deg","20.000","°C","100.000","%a.s.","22.420","deg","20.000","°C","971.000","hPa","0.861","-0.02617","0.00035","0","0","13.56","Humid","56.77","1","57.00","370014.50","SABD0002000014","AAV2.0.0.13","3.0.1.1413","PSt7-10","180726-015","6/18/2019 6:14:49 AM","0000-00","0","no battery","V"
"06/28/2019","10:34:52","6","default","651713401","OXY_CH6","10.297","min","134.610","μmol/L","Humid","24.391","deg","206104","µV","30.822","°C","1015.000","hPa","36.5","pmil","0","55.720","deg","20.000","°C","100.000","%a.s.","22.420","deg","20.000","°C","971.000","hPa","0.861","-0.02617","0.00035","0","0","13.56","Humid","56.77","1","57.00","370014.97","SABD0002000014","AAV2.0.0.13","3.0.1.1413","PSt7-10","180726-015","6/18/2019 6:14:49 AM","0000-00","0","no battery","V"
"06/28/2019","10:34:53","6","default","651713401","OXY_CH6","10.313","min","134.594","μmol/L","Humid","24.390","deg","206119","µV","30.829","°C","1015.000","hPa","36.5","pmil","0","55.720","deg","20.000","°C","100.000","%a.s.","22.420","deg","20.000","°C","971.000","hPa","0.861","-0.02617","0.00035","0","0","13.56","Humid","56.77","1","57.00","370012.19","SABD0002000014","AAV2.0.0.13","3.0.1.1413","PSt7-10","180726-015","6/18/2019 6:14:49 AM","0000-00","0","no battery","V"
"06/28/2019","10:34:54","6","default","651713401","OXY_CH6","10.330","min","134.534","μmol/L","Humid","24.393","deg","206142","µV","30.835","°C","1015.000","hPa","36.5","pmil","0","55.720","deg","20.000","°C","100.000","%a.s.","22.420","deg","20.000","°C","971.000","hPa","0.861","-0.02617","0.00035","0","0","13.56","Humid","56.77","1","57.00","370004.56","SABD0002000014","AAV2.0.0.13","3.0.1.1413","PSt7-10","180726-015","6/18/2019 6:14:49 AM","0000-00","0","no battery","V"
"06/28/2019","10:34:55","6","default","651713401","OXY_CH6","10.347","min","134.523","μmol/L","Humid","24.394","deg","206146","µV","30.835","°C","1015.000","hPa","36.5","pmil","0","55.720","deg","20.000","°C","100.000","%a.s.","22.420","deg","20.000","°C","971.000","hPa","0.861","-0.02617","0.00035","0","0","13.56","Humid","56.77","1","57.00","370009.74","SABD0002000014","AAV2.0.0.13","3.0.1.1413","PSt7-10","180726-015","6/18/2019 6:14:49 AM","0000-00","0","no battery","V"
"06/28/2019","10:34:56","6","default","651713401","OXY_CH6","10.363","min","134.483","μmol/L","Humid","24.400","deg","206162","µV","30.829","°C","1015.000","hPa","36.5","pmil","0","55.720","deg","20.000","°C","100.000","%a.s.","22.420","deg","20.000","°C","971.000","hPa","0.861","-0.02617","0.00035","0","0","13.56","Humid","56.77","1","57.00","370008.54","SABD0002000014","AAV2.0.0.13","3.0.1.1413","PSt7-10","180726-015","6/18/2019 6:14:49 AM","0000-00","0","no battery","V"
"06/28/2019","10:34:57","6","default","651713401","OXY_CH6","10.380","min","134.494","μmol/L","Humid","24.399","deg","206174","µV","30.829","°C","1015.000","hPa","36.5","pmil","0","55.720","deg","20.000","°C","100.000","%a.s.","22.420","deg","20.000","°C","971.000","hPa","0.861","-0.02617","0.00035","0","0","13.56","Humid","56.77","1","57.00","370001.13","SABD0002000014","AAV2.0.0.13","3.0.1.1413","PSt7-10","180726-015","6/18/2019 6:14:49 AM","0000-00","0","no battery","V"
"06/28/2019","10:34:58","6","default","651713401","OXY_CH6","10.396","min","134.457","μmol/L","Humid","24.400","deg","206187","µV","30.835","°C","1015.000","hPa","36.5","pmil","0","55.720","deg","20.000","°C","100.000","%a.s.","22.420","deg","20.000","°C","971.000","hPa","0.861","-0.02617","0.00035","0","0","13.56","Humid","56.77","1","57.00","370018.42","SABD0002000014","AAV2.0.0.13","3.0.1.1413","PSt7-10","180726-015","6/18/2019 6:14:49 AM","0000-00","0","no battery","V"
"06/28/2019","10:34:59","6","default","651713401","OXY_CH6","10.412","min","134.472","μmol/L","Humid","24.401","deg","206197","µV","30.829","°C","1015.000","hPa","36.5","pmil","0","55.720","deg","20.000","°C","100.000","%a.s.","22.420","deg","20.000","°C","971.000","hPa","0.861","-0.02617","0.00035","0","0","13.56","Humid","56.77","1","57.00","369984.81","SABD0002000014","AAV2.0.0.13","3.0.1.1413","PSt7-10","180726-015","6/18/2019 6:14:49 AM","0000-00","0","no battery","V"
"06/28/2019","10:35:00","6","default","651713401","OXY_CH6","10.429","min","134.439","μmol/L","Humid","24.404","deg","206198","µV","30.829","°C","1015.000","hPa","36.5","pmil","0","55.720","deg","20.000","°C","100.000","%a.s.","22.420","deg","20.000","°C","971.000","hPa","0.861","-0.02617","0.00035","0","0","13.56","Humid","56.77","1","57.00","369994.57","SABD0002000014","AAV2.0.0.13","3.0.1.1413","PSt7-10","180726-015","6/18/2019 6:14:49 AM","0000-00","0","no battery","V"
"06/28/2019","10:35:01","6","default","651713401","OXY_CH6","10.447","min","134.423","μmol/L","Humid","24.403","deg","206210","µV","30.835","°C","1015.000","hPa","36.5","pmil","0","55.720","deg","20.000","°C","100.000","%a.s.","22.420","deg","20.000","°C","971.000","hPa","0.861","-0.02617","0.00035","0","0","13.56","Humid","56.77","1","57.00","370006.42","SABD0002000014","AAV2.0.0.13","3.0.1.1413","PSt7-10","180726-015","6/18/2019 6:14:49 AM","0000-00","0","no battery","V"
"06/28/2019","10:35:02","6","default","651713401","OXY_CH6","10.463","min","134.395","μmol/L","Humid","24.408","deg","206225","µV","30.829","°C","1015.000","hPa","36.5","pmil","0","55.720","deg","20.000","°C","100.000","%a.s.","22.420","deg","20.000","°C","971.000","hPa","0.861","-0.02617","0.00035","0","0","13.56","Humid","56.77","1","57.00","369996.42","SABD0002000014","AAV2.0.0.13","3.0.1.1413","PSt7-10","180726-015","6/18/2019 6:14:49 AM","0000-00","0","no battery","V"
"06/28/2019","10:35:03","6","default","651713401","OXY_CH6","10.479","min","134.401","μmol/L","Humid","24.405","deg","206223","µV","30.835","°C","1015.000","hPa","36.5","pmil","0","55.720","deg","20.000","°C","100.000","%a.s.","22.420","deg","20.000","°C","971.000","hPa","0.861","-0.02617","0.00035","0","0","13.56","Humid","56.77","1","57.00","369985.72","SABD0002000014","AAV2.0.0.13","3.0.1.1413","PSt7-10","180726-015","6/18/2019 6:14:49 AM","0000-00","0","no battery","V"
"06/28/2019","10:35:04","6","default","651713401","OXY_CH6","10.496","min","134.361","μmol/L","Humid","24.411","deg","206245","µV","30.829","°C","1015.000","hPa","36.5","pmil","0","55.720","deg","20.000","°C","100.000","%a.s.","22.420","deg","20.000","°C","971.000","hPa","0.861","-0.02617","0.00035","0","0","13.56","Humid","56.77","1","57.00","369996.68","SABD0002000014","AAV2.0.0.13","3.0.1.1413","PSt7-10","180726-015","6/18/2019 6:14:49 AM","0000-00","0","no battery","V"
"06/28/2019","10:35:05","6","default","651713401","OXY_CH6","10.512","min","134.361","μmol/L","Humid","24.411","deg","206248","µV","30.829","°C","1015.000","hPa","36.5","pmil","0","55.720","deg","20.000","°C","100.000","%a.s.","22.420","deg","20.000","°C","971.000","hPa","0.861","-0.02617","0.00035","0","0","13.56","Humid","56.77","1","57.00","369981.60","SABD0002000014","AAV2.0.0.13","3.0.1.1413","PSt7-10","180726-015","6/18/2019 6:14:49 AM","0000-00","0","no battery","V"
"06/28/2019","10:35:06","6","default","651713401","OXY_CH6","10.530","min","134.366","μmol/L","Humid","24.413","deg","206276","µV","30.822","°C","1015.000","hPa","36.5","pmil","0","55.720","deg","20.000","°C","100.000","%a.s.","22.420","deg","20.000","°C","971.000","hPa","0.861","-0.02617","0.00035","0","0","13.56","Humid","56.77","1","57.00","369997.12","SABD0002000014","AAV2.0.0.13","3.0.1.1413","PSt7-10","180726-015","6/18/2019 6:14:49 AM","0000-00","0","no battery","V"
"06/28/2019","10:35:07","6","default","651713401","OXY_CH6","10.546","min","134.268","μmol/L","Humid","24.417","deg","206294","µV","30.835","°C","1015.000","hPa","36.5","pmil","0","55.720","deg","20.000","°C","100.000","%a.s.","22.420","deg","20.000","°C","971.000","hPa","0.861","-0.02617","0.00035","0","0","13.56","Humid","56.77","1","57.00","369986.57","SABD0002000014","AAV2.0.0.13","3.0.1.1413","PSt7-10","180726-015","6/18/2019 6:14:49 AM","0000-00","0","no battery","V"
"06/28/2019","10:35:08","6","default","651713401","OXY_CH6","10.563","min","134.311","μmol/L","Humid","24.418","deg","206317","µV","30.822","°C","1015.000","hPa","36.5","pmil","0","55.720","deg","20.000","°C","100.000","%a.s.","22.420","deg","20.000","°C","971.000","hPa","0.861","-0.02617","0.00035","0","0","13.56","Humid","56.77","1","57.00","369984.47","SABD0002000014","AAV2.0.0.13","3.0.1.1413","PSt7-10","180726-015","6/18/2019 6:14:49 AM","0000-00","0","no battery","V"
"06/28/2019","10:35:09","6","default","651713401","OXY_CH6","10.580","min","134.246","μmol/L","Humid","24.419","deg","206323","µV","30.835","°C","1015.000","hPa","36.5","pmil","0","55.720","deg","20.000","°C","100.000","%a.s.","22.420","deg","20.000","°C","971.000","hPa","0.861","-0.02617","0.00035","0","0","13.56","Humid","56.77","1","57.00","369980.96","SABD0002000014","AAV2.0.0.13","3.0.1.1413","PSt7-10","180726-015","6/18/2019 6:14:49 AM","0000-00","0","no battery","V"
"06/28/2019","10:35:10","6","default","651713401","OXY_CH6","10.596","min","134.246","μmol/L","Humid","24.419","deg","206340","µV","30.835","°C","1015.000","hPa","36.5","pmil","0","55.720","deg","20.000","°C","100.000","%a.s.","22.420","deg","20.000","°C","971.000","hPa","0.861","-0.02617","0.00035","0","0","13.56","Humid","56.77","1","57.00","369979.32","SABD0002000014","AAV2.0.0.13","3.0.1.1413","PSt7-10","180726-015","6/18/2019 6:14:49 AM","0000-00","0","no battery","V"
"06/28/2019","10:35:11","6","default","651713401","OXY_CH6","10.613","min","134.224","μmol/L","Humid","24.421","deg","206352","µV","30.835","°C","1015.000","hPa","36.5","pmil","0","55.720","deg","20.000","°C","100.000","%a.s.","22.420","deg","20.000","°C","971.000","hPa","0.861","-0.02617","0.00035","0","0","13.56","Humid","56.77","1","57.00","369970.89","SABD0002000014","AAV2.0.0.13","3.0.1.1413","PSt7-10","180726-015","6/18/2019 6:14:49 AM","0000-00","0","no battery","V"
"06/28/2019","10:35:12","6","default","651713401","OXY_CH6","10.629","min","134.228","μmol/L","Humid","24.423","deg","206361","µV","30.829","°C","1015.000","hPa","36.5","pmil","0","55.720","deg","20.000","°C","100.000","%a.s.","22.420","deg","20.000","°C","971.000","hPa","0.861","-0.02617","0.00035","0","0","13.56","Humid","56.77","1","57.00","369963.32","SABD0002000014","AAV2.0.0.13","3.0.1.1413","PSt7-10","180726-015","6/18/2019 6:14:49 AM","0000-00","0","no battery","V"
"06/28/2019","10:35:13","6","default","651713401","OXY_CH6","10.646","min","134.217","μmol/L","Humid","24.424","deg","206399","µV","30.829","°C","1015.000","hPa","36.5","pmil","0","55.720","deg","20.000","°C","100.000","%a.s.","22.420","deg","20.000","°C","971.000","hPa","0.861","-0.02617","0.00035","0","0","13.56","Humid","56.77","1","57.00","369982.59","SABD0002000014","AAV2.0.0.13","3.0.1.1413","PSt7-10","180726-015","6/18/2019 6:14:49 AM","0000-00","0","no battery","V"
"06/28/2019","10:35:14","6","default","651713401","OXY_CH6","10.663","min","134.222","μmol/L","Humid","24.426","deg","206398","µV","30.822","°C","1015.000","hPa","36.5","pmil","0","55.720","deg","20.000","°C","100.000","%a.s.","22.420","deg","20.000","°C","971.000","hPa","0.861","-0.02617","0.00035","0","0","13.56","Humid","56.77","1","57.00","369975.77","SABD0002000014","AAV2.0.0.13","3.0.1.1413","PSt7-10","180726-015","6/18/2019 6:14:49 AM","0000-00","0","no battery","V"
"06/28/2019","10:35:15","6","default","651713401","OXY_CH6","10.680","min","134.211","μmol/L","Humid","24.427","deg","206427","µV","30.822","°C","1015.000","hPa","36.5","pmil","0","55.720","deg","20.000","°C","100.000","%a.s.","22.420","deg","20.000","°C","971.000","hPa","0.861","-0.02617","0.00035","0","0","13.56","Humid","56.77","1","57.00","369971.48","SABD0002000014","AAV2.0.0.13","3.0.1.1413","PSt7-10","180726-015","6/18/2019 6:14:49 AM","0000-00","0","no battery","V"
"06/28/2019","10:35:16","6","default","651713401","OXY_CH6","10.696","min","134.146","μmol/L","Humid","24.428","deg","206440","µV","30.835","°C","1015.000","hPa","36.5","pmil","0","55.720","deg","20.000","°C","100.000","%a.s.","22.420","deg","20.000","°C","971.000","hPa","0.861","-0.02617","0.00035","0","0","13.56","Humid","56.77","1","57.00","369967.04","SABD0002000014","AAV2.0.0.13","3.0.1.1413","PSt7-10","180726-015","6/18/2019 6:14:49 AM","0000-00","0","no battery","V"
"06/28/2019","10:35:17","6","default","651713401","OXY_CH6","10.713","min","134.118","μmol/L","Humid","24.433","deg","206455","µV","30.829","°C","1015.000","hPa","36.5","pmil","0","55.720","deg","20.000","°C","100.000","%a.s.","22.420","deg","20.000","°C","971.000","hPa","0.861","-0.02617","0.00035","0","0","13.56","Humid","56.77","1","57.00","369970.89","SABD0002000014","AAV2.0.0.13","3.0.1.1413","PSt7-10","180726-015","6/18/2019 6:14:49 AM","0000-00","0","no battery","V"
"06/28/2019","10:35:18","6","default","651713401","OXY_CH6","10.730","min","134.111","μmol/L","Humid","24.436","deg","206480","µV","30.822","°C","1015.000","hPa","36.5","pmil","0","55.720","deg","20.000","°C","100.000","%a.s.","22.420","deg","20.000","°C","971.000","hPa","0.861","-0.02617","0.00035","0","0","13.56","Humid","56.77","1","57.00","369983.94","SABD0002000014","AAV2.0.0.13","3.0.1.1413","PSt7-10","180726-015","6/18/2019 6:14:49 AM","0000-00","0","no battery","V"
"06/28/2019","10:35:19","6","default","651713401","OXY_CH6","10.746","min","134.080","μmol/L","Humid","24.434","deg","206483","µV","30.835","°C","1015.000","hPa","36.5","pmil","0","55.720","deg","20.000","°C","100.000","%a.s.","22.420","deg","20.000","°C","971.000","hPa","0.861","-0.02617","0.00035","0","0","13.56","Humid","56.77","1","57.00","369989.23","SABD0002000014","AAV2.0.0.13","3.0.1.1413","PSt7-10","180726-015","6/18/2019 6:14:49 AM","0000-00","0","no battery","V"
"06/28/2019","10:35:20","6","default","651713401","OXY_CH6","10.763","min","134.074","μmol/L","Humid","24.437","deg","206509","µV","30.829","°C","1015.000","hPa","36.5","pmil","0","55.720","deg","20.000","°C","100.000","%a.s.","22.420","deg","20.000","°C","971.000","hPa","0.861","-0.02617","0.00035","0","0","13.56","Humid","56.77","1","57.00","369986.10","SABD0002000014","AAV2.0.0.13","3.0.1.1413","PSt7-10","180726-015","6/18/2019 6:14:49 AM","0000-00","0","no battery","V"
"06/28/2019","10:35:21","6","default","651713401","OXY_CH6","10.779","min","134.040","μmol/L","Humid","24.440","deg","206518","µV","30.829","°C","1015.000","hPa","36.5","pmil","0","55.720","deg","20.000","°C","100.000","%a.s.","22.420","deg","20.000","°C","971.000","hPa","0.861","-0.02617","0.00035","0","0","13.56","Humid","56.77","1","57.00","369973.19","SABD0002000014","AAV2.0.0.13","3.0.1.1413","PSt7-10","180726-015","6/18/2019 6:14:49 AM","0000-00","0","no battery","V"
"06/28/2019","10:35:22","6","default","651713401","OXY_CH6","10.796","min","134.052","μmol/L","Humid","24.439","deg","206531","µV","30.829","°C","1015.000","hPa","36.5","pmil","0","55.720","deg","20.000","°C","100.000","%a.s.","22.420","deg","20.000","°C","971.000","hPa","0.861","-0.02617","0.00035","0","0","13.56","Humid","56.77","1","57.00","369978.44","SABD0002000014","AAV2.0.0.13","3.0.1.1413","PSt7-10","180726-015","6/18/2019 6:14:49 AM","0000-00","0","no battery","V"
"06/28/2019","10:35:23","6","default","651713401","OXY_CH6","10.813","min","134.045","μmol/L","Humid","24.442","deg","206547","µV","30.822","°C","1015.000","hPa","36.5","pmil","0","55.720","deg","20.000","°C","100.000","%a.s.","22.420","deg","20.000","°C","971.000","hPa","0.861","-0.02617","0.00035","0","0","13.56","Humid","56.77","1","57.00","369975.05","SABD0002000014","AAV2.0.0.13","3.0.1.1413","PSt7-10","180726-015","6/18/2019 6:14:49 AM","0000-00","0","no battery","V"
"06/28/2019","10:35:24","6","default","651713401","OXY_CH6","10.829","min","133.985","μmol/L","Humid","24.445","deg","206556","µV","30.829","°C","1015.000","hPa","36.5","pmil","0","55.720","deg","20.000","°C","100.000","%a.s.","22.420","deg","20.000","°C","971.000","hPa","0.861","-0.02617","0.00035","0","0","13.56","Humid","56.77","1","57.00","369964.00","SABD0002000014","AAV2.0.0.13","3.0.1.1413","PSt7-10","180726-015","6/18/2019 6:14:49 AM","0000-00","0","no battery","V"
"06/28/2019","10:35:25","6","default","651713401","OXY_CH6","10.846","min","133.959","μmol/L","Humid","24.445","deg","206575","µV","30.835","°C","1015.000","hPa","36.5","pmil","0","55.720","deg","20.000","°C","100.000","%a.s.","22.420","deg","20.000","°C","971.000","hPa","0.861","-0.02617","0.00035","0","0","13.56","Humid","56.77","1","57.00","369980.70","SABD0002000014","AAV2.0.0.13","3.0.1.1413","PSt7-10","180726-015","6/18/2019 6:14:49 AM","0000-00","0","no battery","V"
"06/28/2019","10:35:26","6","default","651713401","OXY_CH6","10.863","min","133.936","μmol/L","Humid","24.447","deg","206591","µV","30.835","°C","1015.000","hPa","36.5","pmil","0","55.720","deg","20.000","°C","100.000","%a.s.","22.420","deg","20.000","°C","971.000","hPa","0.861","-0.02617","0.00035","0","0","13.56","Humid","56.77","1","57.00","369980.29","SABD0002000014","AAV2.0.0.13","3.0.1.1413","PSt7-10","180726-015","6/18/2019 6:14:49 AM","0000-00","0","no battery","V"
"06/28/2019","10:35:27","6","default","651713401","OXY_CH6","10.879","min","133.959","μmol/L","Humid","24.445","deg","206598","µV","30.835","°C","1015.000","hPa","36.5","pmil","0","55.720","deg","20.000","°C","100.000","%a.s.","22.420","deg","20.000","°C","971.000","hPa","0.861","-0.02617","0.00035","0","0","13.56","Humid","56.77","1","57.00","369973.04","SABD0002000014","AAV2.0.0.13","3.0.1.1413","PSt7-10","180726-015","6/18/2019 6:14:49 AM","0000-00","0","no battery","V"
"06/28/2019","10:35:28","6","default","651713401","OXY_CH6","10.896","min","133.952","μmol/L","Humid","24.448","deg","206613","µV","30.829","°C","1015.000","hPa","36.5","pmil","0","55.720","deg","20.000","°C","100.000","%a.s.","22.420","deg","20.000","°C","971.000","hPa","0.861","-0.02617","0.00035","0","0","13.56","Humid","56.77","1","57.00","369972.39","SABD0002000014","AAV2.0.0.13","3.0.1.1413","PSt7-10","180726-015","6/18/2019 6:14:49 AM","0000-00","0","no battery","V"
"06/28/2019","10:35:29","6","default","651713401","OXY_CH6","10.913","min","133.908","μmol/L","Humid","24.452","deg","206633","µV","30.829","°C","1015.000","hPa","36.5","pmil","0","55.720","deg","20.000","°C","100.000","%a.s.","22.420","deg","20.000","°C","971.000","hPa","0.861","-0.02617","0.00035","0","0","13.56","Humid","56.77","1","57.00","369972.88","SABD0002000014","AAV2.0.0.13","3.0.1.1413","PSt7-10","180726-015","6/18/2019 6:14:49 AM","0000-00","0","no battery","V"
"06/28/2019","10:35:30","6","default","651713401","OXY_CH6","10.929","min","133.886","μmol/L","Humid","24.454","deg","206635","µV","30.829","°C","1015.000","hPa","36.5","pmil","0","55.720","deg","20.000","°C","100.000","%a.s.","22.420","deg","20.000","°C","971.000","hPa","0.861","-0.02617","0.00035","0","0","13.56","Humid","56.77","1","57.00","369961.52","SABD0002000014","AAV2.0.0.13","3.0.1.1413","PSt7-10","180726-015","6/18/2019 6:14:49 AM","0000-00","0","no battery","V"
"06/28/2019","10:35:31","6","default","651713401","OXY_CH6","10.946","min","133.924","μmol/L","Humid","24.453","deg","206659","µV","30.822","°C","1015.000","hPa","36.5","pmil","0","55.720","deg","20.000","°C","100.000","%a.s.","22.420","deg","20.000","°C","971.000","hPa","0.861","-0.02617","0.00035","0","0","13.56","Humid","56.77","1","57.00","369967.85","SABD0002000014","AAV2.0.0.13","3.0.1.1413","PSt7-10","180726-015","6/18/2019 6:14:49 AM","0000-00","0","no battery","V"
"06/28/2019","10:35:32","6","default","651713401","OXY_CH6","10.963","min","133.864","μmol/L","Humid","24.456","deg","206673","µV","30.829","°C","1015.000","hPa","36.5","pmil","0","55.720","deg","20.000","°C","100.000","%a.s.","22.420","deg","20.000","°C","971.000","hPa","0.861","-0.02617","0.00035","0","0","13.56","Humid","56.77","1","57.00","369961.62","SABD0002000014","AAV2.0.0.13","3.0.1.1413","PSt7-10","180726-015","6/18/2019 6:14:49 AM","0000-00","0","no battery","V"
"06/28/2019","10:35:33","6","default","651713401","OXY_CH6","10.979","min","133.853","μmol/L","Humid","24.457","deg","206691","µV","30.829","°C","1015.000","hPa","36.5","pmil","0","55.720","deg","20.000","°C","100.000","%a.s.","22.420","deg","20.000","°C","971.000","hPa","0.861","-0.02617","0.00035","0","0","13.56","Humid","56.77","1","57.00","369961.73","SABD0002000014","AAV2.0.0.13","3.0.1.1413","PSt7-10","180726-015","6/18/2019 6:14:49 AM","0000-00","0","no battery","V"
"06/28/2019","10:35:34","6","default","651713401","OXY_CH6","10.996","min","133.809","μmol/L","Humid","24.461","deg","206712","µV","30.829","°C","1015.000","hPa","36.5","pmil","0","55.720","deg","20.000","°C","100.000","%a.s.","22.420","deg","20.000","°C","971.000","hPa","0.861","-0.02617","0.00035","0","0","13.56","Humid","56.77","1","57.00","369967.54","SABD0002000014","AAV2.0.0.13","3.0.1.1413","PSt7-10","180726-015","6/18/2019 6:14:49 AM","0000-00","0","no battery","V"
"06/28/2019","10:35:35","6","default","651713401","OXY_CH6","11.013","min","133.798","μmol/L","Humid","24.462","deg","206729","µV","30.829","°C","1015.000","hPa","36.5","pmil","0","55.720","deg","20.000","°C","100.000","%a.s.","22.420","deg","20.000","°C","971.000","hPa","0.861","-0.02617","0.00035","0","0","13.56","Humid","56.77","1","57.00","369956.86","SABD0002000014","AAV2.0.0.13","3.0.1.1413","PSt7-10","180726-015","6/18/2019 6:14:49 AM","0000-00","0","no battery","V"
"06/28/2019","10:35:36","6","default","651713401","OXY_CH6","11.029","min","133.831","μmol/L","Humid","24.459","deg","206725","µV","30.829","°C","1015.000","hPa","36.5","pmil","0","55.720","deg","20.000","°C","100.000","%a.s.","22.420","deg","20.000","°C","971.000","hPa","0.861","-0.02617","0.00035","0","0","13.56","Humid","56.77","1","57.00","369967.25","SABD0002000014","AAV2.0.0.13","3.0.1.1413","PSt7-10","180726-015","6/18/2019 6:14:49 AM","0000-00","0","no battery","V"
"06/28/2019","10:35:37","6","default","651713401","OXY_CH6","11.046","min","133.738","μmol/L","Humid","24.465","deg","206746","µV","30.835","°C","1015.000","hPa","36.5","pmil","0","55.720","deg","20.000","°C","100.000","%a.s.","22.420","deg","20.000","°C","971.000","hPa","0.861","-0.02617","0.00035","0","0","13.56","Humid","56.77","1","57.00","369951.16","SABD0002000014","AAV2.0.0.13","3.0.1.1413","PSt7-10","180726-015","6/18/2019 6:14:49 AM","0000-00","0","no battery","V"
"06/28/2019","10:35:38","6","default","651713401","OXY_CH6","11.063","min","133.716","μmol/L","Humid","24.467","deg","206755","µV","30.835","°C","1015.000","hPa","36.5","pmil","0","55.720","deg","20.000","°C","100.000","%a.s.","22.420","deg","20.000","°C","971.000","hPa","0.861","-0.02617","0.00035","0","0","13.56","Humid","56.77","1","57.00","369950.31","SABD0002000014","AAV2.0.0.13","3.0.1.1413","PSt7-10","180726-015","6/18/2019 6:14:49 AM","0000-00","0","no battery","V"
"06/28/2019","10:35:39","6","default","651713401","OXY_CH6","11.080","min","133.709","μmol/L","Humid","24.470","deg","206762","µV","30.829","°C","1015.000","hPa","36.5","pmil","0","55.720","deg","20.000","°C","100.000","%a.s.","22.420","deg","20.000","°C","971.000","hPa","0.861","-0.02617","0.00035","0","0","13.56","Humid","56.77","1","57.00","369935.13","SABD0002000014","AAV2.0.0.13","3.0.1.1413","PSt7-10","180726-015","6/18/2019 6:14:49 AM","0000-00","0","no battery","V"
"06/28/2019","10:35:40","6","default","651713401","OXY_CH6","11.096","min","133.709","μmol/L","Humid","24.470","deg","206784","µV","30.829","°C","1015.000","hPa","36.5","pmil","0","55.720","deg","20.000","°C","100.000","%a.s.","22.420","deg","20.000","°C","971.000","hPa","0.861","-0.02617","0.00035","0","0","13.56","Humid","56.77","1","57.00","369936.88","SABD0002000014","AAV2.0.0.13","3.0.1.1413","PSt7-10","180726-015","6/18/2019 6:14:49 AM","0000-00","0","no battery","V"
"06/28/2019","10:35:41","6","default","651713401","OXY_CH6","11.113","min","133.694","μmol/L","Humid","24.469","deg","206788","µV","30.835","°C","1015.000","hPa","36.5","pmil","0","55.720","deg","20.000","°C","100.000","%a.s.","22.420","deg","20.000","°C","971.000","hPa","0.861","-0.02617","0.00035","0","0","13.56","Humid","56.77","1","57.00","369957.06","SABD0002000014","AAV2.0.0.13","3.0.1.1413","PSt7-10","180726-015","6/18/2019 6:14:49 AM","0000-00","0","no battery","V"
"06/28/2019","10:35:42","6","default","651713401","OXY_CH6","11.130","min","133.714","μmol/L","Humid","24.472","deg","206805","µV","30.822","°C","1015.000","hPa","36.5","pmil","0","55.720","deg","20.000","°C","100.000","%a.s.","22.420","deg","20.000","°C","971.000","hPa","0.861","-0.02617","0.00035","0","0","13.56","Humid","56.77","1","57.00","369971.74","SABD0002000014","AAV2.0.0.13","3.0.1.1413","PSt7-10","180726-015","6/18/2019 6:14:49 AM","0000-00","0","no battery","V"
"06/28/2019","10:35:43","6","default","651713401","OXY_CH6","11.146","min","133.654","μmol/L","Humid","24.475","deg","206798","µV","30.829","°C","1015.000","hPa","36.5","pmil","0","55.720","deg","20.000","°C","100.000","%a.s.","22.420","deg","20.000","°C","971.000","hPa","0.861","-0.02617","0.00035","0","0","13.56","Humid","56.77","1","57.00","369941.76","SABD0002000014","AAV2.0.0.13","3.0.1.1413","PSt7-10","180726-015","6/18/2019 6:14:49 AM","0000-00","0","no battery","V"
"06/28/2019","10:35:44","6","default","651713401","OXY_CH6","11.163","min","133.617","μmol/L","Humid","24.476","deg","206813","µV","30.835","°C","1015.000","hPa","36.5","pmil","0","55.720","deg","20.000","°C","100.000","%a.s.","22.420","deg","20.000","°C","971.000","hPa","0.861","-0.02617","0.00035","0","0","13.56","Humid","56.77","1","57.00","369939.74","SABD0002000014","AAV2.0.0.13","3.0.1.1413","PSt7-10","180726-015","6/18/2019 6:14:49 AM","0000-00","0","no battery","V"
"06/28/2019","10:35:45","6","default","651713401","OXY_CH6","11.180","min","133.621","μmol/L","Humid","24.478","deg","206831","µV","30.829","°C","1015.000","hPa","36.5","pmil","0","55.720","deg","20.000","°C","100.000","%a.s.","22.420","deg","20.000","°C","971.000","hPa","0.861","-0.02617","0.00035","0","0","13.56","Humid","56.77","1","57.00","369947.29","SABD0002000014","AAV2.0.0.13","3.0.1.1413","PSt7-10","180726-015","6/18/2019 6:14:49 AM","0000-00","0","no battery","V"
"06/28/2019","10:35:46","6","default","651713401","OXY_CH6","11.196","min","133.643","μmol/L","Humid","24.476","deg","206838","µV","30.829","°C","1015.000","hPa","36.5","pmil","0","55.720","deg","20.000","°C","100.000","%a.s.","22.420","deg","20.000","°C","971.000","hPa","0.861","-0.02617","0.00035","0","0","13.56","Humid","56.77","1","57.00","369949.05","SABD0002000014","AAV2.0.0.13","3.0.1.1413","PSt7-10","180726-015","6/18/2019 6:14:49 AM","0000-00","0","no battery","V"
"06/28/2019","10:35:47","6","default","651713401","OXY_CH6","11.213","min","133.615","μmol/L","Humid","24.481","deg","206851","µV","30.822","°C","1015.000","hPa","36.5","pmil","0","55.720","deg","20.000","°C","100.000","%a.s.","22.420","deg","20.000","°C","971.000","hPa","0.861","-0.02617","0.00035","0","0","13.56","Humid","56.77","1","57.00","369944.50","SABD0002000014","AAV2.0.0.13","3.0.1.1413","PSt7-10","180726-015","6/18/2019 6:14:49 AM","0000-00","0","no battery","V"
"06/28/2019","10:35:48","6","default","651713401","OXY_CH6","11.229","min","133.593","μmol/L","Humid","24.483","deg","206867","µV","30.822","°C","1015.000","hPa","36.5","pmil","0","55.720","deg","20.000","°C","100.000","%a.s.","22.420","deg","20.000","°C","971.000","hPa","0.861","-0.02617","0.00035","0","0","13.56","Humid","56.77","1","57.00","369944.65","SABD0002000014","AAV2.0.0.13","3.0.1.1413","PSt7-10","180726-015","6/18/2019 6:14:49 AM","0000-00","0","no battery","V"
"06/28/2019","10:35:49","6","default","651713401","OXY_CH6","11.246","min","133.555","μmol/L","Humid","24.484","deg","206877","µV","30.829","°C","1015.000","hPa","36.5","pmil","0","55.720","deg","20.000","°C","100.000","%a.s.","22.420","deg","20.000","°C","971.000","hPa","0.861","-0.02617","0.00035","0","0","13.56","Humid","56.77","1","57.00","369936.70","SABD0002000014","AAV2.0.0.13","3.0.1.1413","PSt7-10","180726-015","6/18/2019 6:14:49 AM","0000-00","0","no battery","V"
"06/28/2019","10:35:50","6","default","651713401","OXY_CH6","11.263","min","133.533","μmol/L","Humid","24.486","deg","206907","µV","30.829","°C","1015.000","hPa","36.5","pmil","0","55.720","deg","20.000","°C","100.000","%a.s.","22.420","deg","20.000","°C","971.000","hPa","0.861","-0.02617","0.00035","0","0","13.56","Humid","56.77","1","57.00","369943.85","SABD0002000014","AAV2.0.0.13","3.0.1.1413","PSt7-10","180726-015","6/18/2019 6:14:49 AM","0000-00","0","no battery","V"
"06/28/2019","10:35:51","6","default","651713401","OXY_CH6","11.279","min","133.489","μmol/L","Humid","24.490","deg","206907","µV","30.829","°C","1015.000","hPa","36.5","pmil","0","55.720","deg","20.000","°C","100.000","%a.s.","22.420","deg","20.000","°C","971.000","hPa","0.861","-0.02617","0.00035","0","0","13.56","Humid","56.77","1","57.00","369938.79","SABD0002000014","AAV2.0.0.13","3.0.1.1413","PSt7-10","180726-015","6/18/2019 6:14:49 AM","0000-00","0","no battery","V"
"06/28/2019","10:35:52","6","default","651713401","OXY_CH6","11.296","min","133.505","μmol/L","Humid","24.491","deg","206926","µV","30.822","°C","1015.000","hPa","36.5","pmil","0","55.720","deg","20.000","°C","100.000","%a.s.","22.420","deg","20.000","°C","971.000","hPa","0.861","-0.02617","0.00035","0","0","13.56","Humid","56.77","1","57.00","369926.57","SABD0002000014","AAV2.0.0.13","3.0.1.1413","PSt7-10","180726-015","6/18/2019 6:14:49 AM","0000-00","0","no battery","V"
"06/28/2019","10:35:53","6","default","651713401","OXY_CH6","11.313","min","133.452","μmol/L","Humid","24.491","deg","206946","µV","30.835","°C","1015.000","hPa","36.5","pmil","0","55.720","deg","20.000","°C","100.000","%a.s.","22.420","deg","20.000","°C","971.000","hPa","0.861","-0.02617","0.00035","0","0","13.56","Humid","56.77","1","57.00","369936.03","SABD0002000014","AAV2.0.0.13","3.0.1.1413","PSt7-10","180726-015","6/18/2019 6:14:49 AM","0000-00","0","no battery","V"
"06/28/2019","10:35:54","6","default","651713401","OXY_CH6","11.330","min","133.441","μmol/L","Humid","24.492","deg","206964","µV","30.835","°C","1015.000","hPa","36.5","pmil","0","55.720","deg","20.000","°C","100.000","%a.s.","22.420","deg","20.000","°C","971.000","hPa","0.861","-0.02617","0.00035","0","0","13.56","Humid","56.77","1","57.00","369941.03","SABD0002000014","AAV2.0.0.13","3.0.1.1413","PSt7-10","180726-015","6/18/2019 6:14:49 AM","0000-00","0","no battery","V"
"06/28/2019","10:35:55","6","default","651713401","OXY_CH6","11.346","min","133.456","μmol/L","Humid","24.493","deg","206981","µV","30.829","°C","1015.000","hPa","36.5","pmil","0","55.720","deg","20.000","°C","100.000","%a.s.","22.420","deg","20.000","°C","971.000","hPa","0.861","-0.02617","0.00035","0","0","13.56","Humid","56.77","1","57.00","369927.13","SABD0002000014","AAV2.0.0.13","3.0.1.1413","PSt7-10","180726-015","6/18/2019 6:14:49 AM","0000-00","0","no battery","V"
"06/28/2019","10:35:56","6","default","651713401","OXY_CH6","11.363","min","133.419","μmol/L","Humid","24.494","deg","206996","µV","30.835","°C","1015.000","hPa","36.5","pmil","0","55.720","deg","20.000","°C","100.000","%a.s.","22.420","deg","20.000","°C","971.000","hPa","0.861","-0.02617","0.00035","0","0","13.56","Humid","56.77","1","57.00","369932.94","SABD0002000014","AAV2.0.0.13","3.0.1.1413","PSt7-10","180726-015","6/18/2019 6:14:49 AM","0000-00","0","no battery","V"
"06/28/2019","10:35:57","6","default","651713401","OXY_CH6","11.379","min","133.412","μmol/L","Humid","24.497","deg","207012","µV","30.829","°C","1015.000","hPa","36.5","pmil","0","55.720","deg","20.000","°C","100.000","%a.s.","22.420","deg","20.000","°C","971.000","hPa","0.861","-0.02617","0.00035","0","0","13.56","Humid","56.77","1","57.00","369916.51","SABD0002000014","AAV2.0.0.13","3.0.1.1413","PSt7-10","180726-015","6/18/2019 6:14:49 AM","0000-00","0","no battery","V"
"06/28/2019","10:35:58","6","default","651713401","OXY_CH6","11.396","min","133.364","μmol/L","Humid","24.499","deg","207017","µV","30.835","°C","1015.000","hPa","36.5","pmil","0","55.720","deg","20.000","°C","100.000","%a.s.","22.420","deg","20.000","°C","971.000","hPa","0.861","-0.02617","0.00035","0","0","13.56","Humid","56.77","1","57.00","369919.01","SABD0002000014","AAV2.0.0.13","3.0.1.1413","PSt7-10","180726-015","6/18/2019 6:14:49 AM","0000-00","0","no battery","V"
"06/28/2019","10:35:59","6","default","651713401","OXY_CH6","11.413","min","133.353","μmol/L","Humid","24.500","deg","207039","µV","30.835","°C","1015.000","hPa","36.5","pmil","0","55.720","deg","20.000","°C","100.000","%a.s.","22.420","deg","20.000","°C","971.000","hPa","0.861","-0.02617","0.00035","0","0","13.56","Humid","56.77","1","57.00","369914.99","SABD0002000014","AAV2.0.0.13","3.0.1.1413","PSt7-10","180726-015","6/18/2019 6:14:49 AM","0000-00","0","no battery","V"
"06/28/2019","10:36:00","6","default","651713401","OXY_CH6","11.429","min","133.357","μmol/L","Humid","24.502","deg","207056","µV","30.829","°C","1015.000","hPa","36.5","pmil","0","55.720","deg","20.000","°C","100.000","%a.s.","22.420","deg","20.000","°C","971.000","hPa","0.861","-0.02617","0.00035","0","0","13.56","Humid","56.77","1","57.00","369906.45","SABD0002000014","AAV2.0.0.13","3.0.1.1413","PSt7-10","180726-015","6/18/2019 6:14:49 AM","0000-00","0","no battery","V"
"06/28/2019","10:36:01","6","default","651713401","OXY_CH6","11.446","min","133.287","μmol/L","Humid","24.506","deg","207070","µV","30.835","°C","1015.000","hPa","36.5","pmil","0","55.720","deg","20.000","°C","100.000","%a.s.","22.420","deg","20.000","°C","971.000","hPa","0.861","-0.02617","0.00035","0","0","13.56","Humid","56.77","1","57.00","369908.94","SABD0002000014","AAV2.0.0.13","3.0.1.1413","PSt7-10","180726-015","6/18/2019 6:14:49 AM","0000-00","0","no battery","V"
"06/28/2019","10:36:02","6","default","651713401","OXY_CH6","11.463","min","133.313","μmol/L","Humid","24.506","deg","207086","µV","30.829","°C","1015.000","hPa","36.5","pmil","0","55.720","deg","20.000","°C","100.000","%a.s.","22.420","deg","20.000","°C","971.000","hPa","0.861","-0.02617","0.00035","0","0","13.56","Humid","56.77","1","57.00","369933.20","SABD0002000014","AAV2.0.0.13","3.0.1.1413","PSt7-10","180726-015","6/18/2019 6:14:49 AM","0000-00","0","no battery","V"
"06/28/2019","10:36:03","6","default","651713401","OXY_CH6","11.479","min","133.351","μmol/L","Humid","24.505","deg","207104","µV","30.822","°C","1015.000","hPa","36.5","pmil","0","55.720","deg","20.000","°C","100.000","%a.s.","22.420","deg","20.000","°C","971.000","hPa","0.861","-0.02617","0.00035","0","0","13.56","Humid","56.77","1","57.00","369935.70","SABD0002000014","AAV2.0.0.13","3.0.1.1413","PSt7-10","180726-015","6/18/2019 6:14:49 AM","0000-00","0","no battery","V"
"06/28/2019","10:36:04","6","default","651713401","OXY_CH6","11.496","min","133.254","μmol/L","Humid","24.509","deg","207119","µV","30.835","°C","1015.000","hPa","36.5","pmil","0","55.720","deg","20.000","°C","100.000","%a.s.","22.420","deg","20.000","°C","971.000","hPa","0.861","-0.02617","0.00035","0","0","13.56","Humid","56.77","1","57.00","369939.40","SABD0002000014","AAV2.0.0.13","3.0.1.1413","PSt7-10","180726-015","6/18/2019 6:14:49 AM","0000-00","0","no battery","V"
"06/28/2019","10:36:05","6","default","651713401","OXY_CH6","11.513","min","133.237","μmol/L","Humid","24.513","deg","207125","µV","30.829","°C","1015.000","hPa","36.5","pmil","0","55.720","deg","20.000","°C","100.000","%a.s.","22.420","deg","20.000","°C","971.000","hPa","0.861","-0.02617","0.00035","0","0","13.56","Humid","56.77","1","57.00","369920.44","SABD0002000014","AAV2.0.0.13","3.0.1.1413","PSt7-10","180726-015","6/18/2019 6:14:49 AM","0000-00","0","no battery","V"
"06/28/2019","10:36:06","6","default","651713401","OXY_CH6","11.530","min","133.237","μmol/L","Humid","24.513","deg","207150","µV","30.829","°C","1015.000","hPa","36.5","pmil","0","55.720","deg","20.000","°C","100.000","%a.s.","22.420","deg","20.000","°C","971.000","hPa","0.861","-0.02617","0.00035","0","0","13.56","Humid","56.77","1","57.00","369915.24","SABD0002000014","AAV2.0.0.13","3.0.1.1413","PSt7-10","180726-015","6/18/2019 6:14:49 AM","0000-00","0","no battery","V"
"06/28/2019","10:36:07","6","default","651713401","OXY_CH6","11.546","min","133.193","μmol/L","Humid","24.517","deg","207161","µV","30.829","°C","1015.000","hPa","36.5","pmil","0","55.720","deg","20.000","°C","100.000","%a.s.","22.420","deg","20.000","°C","971.000","hPa","0.861","-0.02617","0.00035","0","0","13.56","Humid","56.77","1","57.00","369905.45","SABD0002000014","AAV2.0.0.13","3.0.1.1413","PSt7-10","180726-015","6/18/2019 6:14:49 AM","0000-00","0","no battery","V"
"06/28/2019","10:36:08","6","default","651713401","OXY_CH6","11.563","min","133.219","μmol/L","Humid","24.517","deg","207175","µV","30.822","°C","1015.000","hPa","36.5","pmil","0","55.720","deg","20.000","°C","100.000","%a.s.","22.420","deg","20.000","°C","971.000","hPa","0.861","-0.02617","0.00035","0","0","13.56","Humid","56.77","1","57.00","369916.39","SABD0002000014","AAV2.0.0.13","3.0.1.1413","PSt7-10","180726-015","6/18/2019 6:14:49 AM","0000-00","0","no battery","V"
"06/28/2019","10:36:09","6","default","651713401","OXY_CH6","11.580","min","133.193","μmol/L","Humid","24.517","deg","207193","µV","30.829","°C","1015.000","hPa","36.5","pmil","0","55.720","deg","20.000","°C","100.000","%a.s.","22.420","deg","20.000","°C","971.000","hPa","0.861","-0.02617","0.00035","0","0","13.56","Humid","56.77","1","57.00","369914.00","SABD0002000014","AAV2.0.0.13","3.0.1.1413","PSt7-10","180726-015","6/18/2019 6:14:49 AM","0000-00","0","no battery","V"
"06/28/2019","10:36:10","6","default","651713401","OXY_CH6","11.596","min","133.230","μmol/L","Humid","24.516","deg","207213","µV","30.822","°C","1015.000","hPa","36.5","pmil","0","55.720","deg","20.000","°C","100.000","%a.s.","22.420","deg","20.000","°C","971.000","hPa","0.861","-0.02617","0.00035","0","0","13.56","Humid","56.77","1","57.00","369919.19","SABD0002000014","AAV2.0.0.13","3.0.1.1413","PSt7-10","180726-015","6/18/2019 6:14:49 AM","0000-00","0","no battery","V"
"06/28/2019","10:36:11","6","default","651713401","OXY_CH6","11.613","min","133.208","μmol/L","Humid","24.518","deg","207224","µV","30.822","°C","1015.000","hPa","36.5","pmil","0","55.720","deg","20.000","°C","100.000","%a.s.","22.420","deg","20.000","°C","971.000","hPa","0.861","-0.02617","0.00035","0","0","13.56","Humid","56.77","1","57.00","369910.02","SABD0002000014","AAV2.0.0.13","3.0.1.1413","PSt7-10","180726-015","6/18/2019 6:14:49 AM","0000-00","0","no battery","V"
"06/28/2019","10:36:12","6","default","651713401","OXY_CH6","11.629","min","133.143","μmol/L","Humid","24.524","deg","207233","µV","30.822","°C","1015.000","hPa","36.5","pmil","0","55.720","deg","20.000","°C","100.000","%a.s.","22.420","deg","20.000","°C","971.000","hPa","0.861","-0.02617","0.00035","0","0","13.56","Humid","56.77","1","57.00","369901.43","SABD0002000014","AAV2.0.0.13","3.0.1.1413","PSt7-10","180726-015","6/18/2019 6:14:49 AM","0000-00","0","no battery","V"
"06/28/2019","10:36:13","6","default","651713401","OXY_CH6","11.646","min","133.079","μmol/L","Humid","24.525","deg","207253","µV","30.835","°C","1015.000","hPa","36.5","pmil","0","55.720","deg","20.000","°C","100.000","%a.s.","22.420","deg","20.000","°C","971.000","hPa","0.861","-0.02617","0.00035","0","0","13.56","Humid","56.77","1","57.00","369913.33","SABD0002000014","AAV2.0.0.13","3.0.1.1413","PSt7-10","180726-015","6/18/2019 6:14:49 AM","0000-00","0","no battery","V"
"06/28/2019","10:36:14","6","default","651713401","OXY_CH6","11.663","min","133.090","μmol/L","Humid","24.524","deg","207274","µV","30.835","°C","1015.000","hPa","36.5","pmil","0","55.720","deg","20.000","°C","100.000","%a.s.","22.420","deg","20.000","°C","971.000","hPa","0.861","-0.02617","0.00035","0","0","13.56","Humid","56.77","1","57.00","369921.15","SABD0002000014","AAV2.0.0.13","3.0.1.1413","PSt7-10","180726-015","6/18/2019 6:14:49 AM","0000-00","0","no battery","V"
"06/28/2019","10:36:15","6","default","651713401","OXY_CH6","11.680","min","133.094","μmol/L","Humid","24.526","deg","207287","µV","30.829","°C","1015.000","hPa","36.5","pmil","0","55.720","deg","20.000","°C","100.000","%a.s.","22.420","deg","20.000","°C","971.000","hPa","0.861","-0.02617","0.00035","0","0","13.56","Humid","56.77","1","57.00","369918.37","SABD0002000014","AAV2.0.0.13","3.0.1.1413","PSt7-10","180726-015","6/18/2019 6:14:49 AM","0000-00","0","no battery","V"
"06/28/2019","10:36:16","6","default","651713401","OXY_CH6","11.696","min","133.077","μmol/L","Humid","24.530","deg","207297","µV","30.822","°C","1015.000","hPa","36.5","pmil","0","55.720","deg","20.000","°C","100.000","%a.s.","22.420","deg","20.000","°C","971.000","hPa","0.861","-0.02617","0.00035","0","0","13.56","Humid","56.77","1","57.00","369914.90","SABD0002000014","AAV2.0.0.13","3.0.1.1413","PSt7-10","180726-015","6/18/2019 6:14:49 AM","0000-00","0","no battery","V"
"06/28/2019","10:36:17","6","default","651713401","OXY_CH6","11.713","min","133.039","μmol/L","Humid","24.531","deg","207331","µV","30.829","°C","1015.000","hPa","36.5","pmil","0","55.720","deg","20.000","°C","100.000","%a.s.","22.420","deg","20.000","°C","971.000","hPa","0.861","-0.02617","0.00035","0","0","13.56","Humid","56.77","1","57.00","369918.67","SABD0002000014","AAV2.0.0.13","3.0.1.1413","PSt7-10","180726-015","6/18/2019 6:14:49 AM","0000-00","0","no battery","V"
"06/28/2019","10:36:18","6","default","651713401","OXY_CH6","11.729","min","133.039","μmol/L","Humid","24.531","deg","207348","µV","30.829","°C","1015.000","hPa","36.5","pmil","0","55.720","deg","20.000","°C","100.000","%a.s.","22.420","deg","20.000","°C","971.000","hPa","0.861","-0.02617","0.00035","0","0","13.56","Humid","56.77","1","57.00","369917.97","SABD0002000014","AAV2.0.0.13","3.0.1.1413","PSt7-10","180726-015","6/18/2019 6:14:49 AM","0000-00","0","no battery","V"
"06/28/2019","10:36:19","6","default","651713401","OXY_CH6","11.746","min","132.980","μmol/L","Humid","24.534","deg","207358","µV","30.835","°C","1015.000","hPa","36.5","pmil","0","55.720","deg","20.000","°C","100.000","%a.s.","22.420","deg","20.000","°C","971.000","hPa","0.861","-0.02617","0.00035","0","0","13.56","Humid","56.77","1","57.00","369909.92","SABD0002000014","AAV2.0.0.13","3.0.1.1413","PSt7-10","180726-015","6/18/2019 6:14:49 AM","0000-00","0","no battery","V"
"06/28/2019","10:36:20","6","default","651713401","OXY_CH6","11.762","min","132.985","μmol/L","Humid","24.536","deg","207371","µV","30.829","°C","1015.000","hPa","36.5","pmil","0","55.720","deg","20.000","°C","100.000","%a.s.","22.420","deg","20.000","°C","971.000","hPa","0.861","-0.02617","0.00035","0","0","13.56","Humid","56.77","1","57.00","369900.14","SABD0002000014","AAV2.0.0.13","3.0.1.1413","PSt7-10","180726-015","6/18/2019 6:14:49 AM","0000-00","0","no battery","V"
"06/28/2019","10:36:21","6","default","651713401","OXY_CH6","11.780","min","132.974","μmol/L","Humid","24.537","deg","207387","µV","30.829","°C","1015.000","hPa","36.5","pmil","0","55.720","deg","20.000","°C","100.000","%a.s.","22.420","deg","20.000","°C","971.000","hPa","0.861","-0.02617","0.00035","0","0","13.56","Humid","56.77","1","57.00","369918.11","SABD0002000014","AAV2.0.0.13","3.0.1.1413","PSt7-10","180726-015","6/18/2019 6:14:49 AM","0000-00","0","no battery","V"
"06/28/2019","10:36:22","6","default","651713401","OXY_CH6","11.796","min","132.925","μmol/L","Humid","24.539","deg","207389","µV","30.835","°C","1015.000","hPa","36.5","pmil","0","55.720","deg","20.000","°C","100.000","%a.s.","22.420","deg","20.000","°C","971.000","hPa","0.861","-0.02617","0.00035","0","0","13.56","Humid","56.77","1","57.00","369907.17","SABD0002000014","AAV2.0.0.13","3.0.1.1413","PSt7-10","180726-015","6/18/2019 6:14:49 AM","0000-00","0","no battery","V"
"06/28/2019","10:36:23","6","default","651713401","OXY_CH6","11.813","min","132.941","μmol/L","Humid","24.540","deg","207399","µV","30.829","°C","1015.000","hPa","36.5","pmil","0","55.720","deg","20.000","°C","100.000","%a.s.","22.420","deg","20.000","°C","971.000","hPa","0.861","-0.02617","0.00035","0","0","13.56","Humid","56.77","1","57.00","369894.86","SABD0002000014","AAV2.0.0.13","3.0.1.1413","PSt7-10","180726-015","6/18/2019 6:14:49 AM","0000-00","0","no battery","V"
"06/28/2019","10:36:24","6","default","651713401","OXY_CH6","11.830","min","132.930","μmol/L","Humid","24.541","deg","207425","µV","30.829","°C","1015.000","hPa","36.5","pmil","0","55.720","deg","20.000","°C","100.000","%a.s.","22.420","deg","20.000","°C","971.000","hPa","0.861","-0.02617","0.00035","0","0","13.56","Humid","56.77","1","57.00","369899.04","SABD0002000014","AAV2.0.0.13","3.0.1.1413","PSt7-10","180726-015","6/18/2019 6:14:49 AM","0000-00","0","no battery","V"
"06/28/2019","10:36:25","6","default","651713401","OXY_CH6","11.846","min","132.924","μmol/L","Humid","24.544","deg","207436","µV","30.822","°C","1015.000","hPa","36.5","pmil","0","55.720","deg","20.000","°C","100.000","%a.s.","22.420","deg","20.000","°C","971.000","hPa","0.861","-0.02617","0.00035","0","0","13.56","Humid","56.77","1","57.00","369887.52","SABD0002000014","AAV2.0.0.13","3.0.1.1413","PSt7-10","180726-015","6/18/2019 6:14:49 AM","0000-00","0","no battery","V"
"06/28/2019","10:36:26","6","default","651713401","OXY_CH6","11.863","min","132.882","μmol/L","Humid","24.543","deg","207461","µV","30.835","°C","1015.000","hPa","36.5","pmil","0","55.720","deg","20.000","°C","100.000","%a.s.","22.420","deg","20.000","°C","971.000","hPa","0.861","-0.02617","0.00035","0","0","13.56","Humid","56.77","1","57.00","369896.32","SABD0002000014","AAV2.0.0.13","3.0.1.1413","PSt7-10","180726-015","6/18/2019 6:14:49 AM","0000-00","0","no battery","V"
"06/28/2019","10:36:27","6","default","651713401","OXY_CH6","11.880","min","132.838","μmol/L","Humid","24.547","deg","207485","µV","30.835","°C","1015.000","hPa","36.5","pmil","0","55.720","deg","20.000","°C","100.000","%a.s.","22.420","deg","20.000","°C","971.000","hPa","0.861","-0.02617","0.00035","0","0","13.56","Humid","56.77","1","57.00","369899.46","SABD0002000014","AAV2.0.0.13","3.0.1.1413","PSt7-10","180726-015","6/18/2019 6:14:49 AM","0000-00","0","no battery","V"
"06/28/2019","10:36:28","6","default","651713401","OXY_CH6","11.896","min","132.794","μmol/L","Humid","24.551","deg","207494","µV","30.835","°C","1015.000","hPa","36.5","pmil","0","55.720","deg","20.000","°C","100.000","%a.s.","22.420","deg","20.000","°C","971.000","hPa","0.861","-0.02617","0.00035","0","0","13.56","Humid","56.77","1","57.00","369896.64","SABD0002000014","AAV2.0.0.13","3.0.1.1413","PSt7-10","180726-015","6/18/2019 6:14:49 AM","0000-00","0","no battery","V"
"06/28/2019","10:36:29","6","default","651713401","OXY_CH6","11.913","min","132.842","μmol/L","Humid","24.549","deg","207510","µV","30.829","°C","1015.000","hPa","36.5","pmil","0","55.720","deg","20.000","°C","100.000","%a.s.","22.420","deg","20.000","°C","971.000","hPa","0.861","-0.02617","0.00035","0","0","13.56","Humid","56.77","1","57.00","369901.11","SABD0002000014","AAV2.0.0.13","3.0.1.1413","PSt7-10","180726-015","6/18/2019 6:14:49 AM","0000-00","0","no battery","V"
"06/28/2019","10:36:30","6","default","651713401","OXY_CH6","11.930","min","132.821","μmol/L","Humid","24.551","deg","207529","µV","30.829","°C","1015.000","hPa","36.5","pmil","0","55.720","deg","20.000","°C","100.000","%a.s.","22.420","deg","20.000","°C","971.000","hPa","0.861","-0.02617","0.00035","0","0","13.56","Humid","56.77","1","57.00","369884.63","SABD0002000014","AAV2.0.0.13","3.0.1.1413","PSt7-10","180726-015","6/18/2019 6:14:49 AM","0000-00","0","no battery","V"
"06/28/2019","10:36:31","6","default","651713401","OXY_CH6","11.946","min","132.768","μmol/L","Humid","24.551","deg","207544","µV","30.841","°C","1015.000","hPa","36.5","pmil","0","55.720","deg","20.000","°C","100.000","%a.s.","22.420","deg","20.000","°C","971.000","hPa","0.861","-0.02617","0.00035","0","0","13.56","Humid","56.77","1","57.00","369889.38","SABD0002000014","AAV2.0.0.13","3.0.1.1413","PSt7-10","180726-015","6/18/2019 6:14:49 AM","0000-00","0","no battery","V"
"06/28/2019","10:36:32","6","default","651713401","OXY_CH6","11.963","min","132.766","μmol/L","Humid","24.556","deg","207556","µV","30.829","°C","1015.000","hPa","36.5","pmil","0","55.720","deg","20.000","°C","100.000","%a.s.","22.420","deg","20.000","°C","971.000","hPa","0.861","-0.02617","0.00035","0","0","13.56","Humid","56.77","1","57.00","369881.86","SABD0002000014","AAV2.0.0.13","3.0.1.1413","PSt7-10","180726-015","6/18/2019 6:14:49 AM","0000-00","0","no battery","V"
"06/28/2019","10:36:33","6","default","651713401","OXY_CH6","11.979","min","132.729","μmol/L","Humid","24.557","deg","207561","µV","30.835","°C","1015.000","hPa","36.5","pmil","0","55.720","deg","20.000","°C","100.000","%a.s.","22.420","deg","20.000","°C","971.000","hPa","0.861","-0.02617","0.00035","0","0","13.56","Humid","56.77","1","57.00","369892.13","SABD0002000014","AAV2.0.0.13","3.0.1.1413","PSt7-10","180726-015","6/18/2019 6:14:49 AM","0000-00","0","no battery","V"
"06/28/2019","10:36:34","6","default","651713401","OXY_CH6","11.997","min","132.711","μmol/L","Humid","24.561","deg","207586","µV","30.829","°C","1015.000","hPa","36.5","pmil","0","55.720","deg","20.000","°C","100.000","%a.s.","22.420","deg","20.000","°C","971.000","hPa","0.861","-0.02617","0.00035","0","0","13.56","Humid","56.77","1","57.00","369906.38","SABD0002000014","AAV2.0.0.13","3.0.1.1413","PSt7-10","180726-015","6/18/2019 6:14:49 AM","0000-00","0","no battery","V"
"06/28/2019","10:36:35","6","default","651713401","OXY_CH6","12.013","min","132.700","μmol/L","Humid","24.562","deg","207585","µV","30.829","°C","1015.000","hPa","36.5","pmil","0","55.720","deg","20.000","°C","100.000","%a.s.","22.420","deg","20.000","°C","971.000","hPa","0.861","-0.02617","0.00035","0","0","13.56","Humid","56.77","1","57.00","369881.40","SABD0002000014","AAV2.0.0.13","3.0.1.1413","PSt7-10","180726-015","6/18/2019 6:14:49 AM","0000-00","0","no battery","V"
"06/28/2019","10:36:36","6","default","651713401","OXY_CH6","12.029","min","132.722","μmol/L","Humid","24.560","deg","207603","µV","30.829","°C","1015.000","hPa","36.5","pmil","0","55.720","deg","20.000","°C","100.000","%a.s.","22.420","deg","20.000","°C","971.000","hPa","0.861","-0.02617","0.00035","0","0","13.56","Humid","56.77","1","57.00","369898.80","SABD0002000014","AAV2.0.0.13","3.0.1.1413","PSt7-10","180726-015","6/18/2019 6:14:49 AM","0000-00","0","no battery","V"
"06/28/2019","10:36:37","6","default","651713401","OXY_CH6","12.046","min","132.679","μmol/L","Humid","24.564","deg","207632","µV","30.829","°C","1015.000","hPa","36.5","pmil","0","55.720","deg","20.000","°C","100.000","%a.s.","22.420","deg","20.000","°C","971.000","hPa","0.861","-0.02617","0.00035","0","0","13.56","Humid","56.77","1","57.00","369896.90","SABD0002000014","AAV2.0.0.13","3.0.1.1413","PSt7-10","180726-015","6/18/2019 6:14:49 AM","0000-00","0","no battery","V"
"06/28/2019","10:36:38","6","default","651713401","OXY_CH6","12.063","min","132.694","μmol/L","Humid","24.565","deg","207628","µV","30.822","°C","1015.000","hPa","36.5","pmil","0","55.720","deg","20.000","°C","100.000","%a.s.","22.420","deg","20.000","°C","971.000","hPa","0.861","-0.02617","0.00035","0","0","13.56","Humid","56.77","1","57.00","369910.08","SABD0002000014","AAV2.0.0.13","3.0.1.1413","PSt7-10","180726-015","6/18/2019 6:14:49 AM","0000-00","0","no battery","V"
"06/28/2019","10:36:39","6","default","651713401","OXY_CH6","12.080","min","132.672","μmol/L","Humid","24.567","deg","207647","µV","30.822","°C","1015.000","hPa","36.5","pmil","0","55.720","deg","20.000","°C","100.000","%a.s.","22.420","deg","20.000","°C","971.000","hPa","0.861","-0.02617","0.00035","0","0","13.56","Humid","56.77","1","57.00","369898.35","SABD0002000014","AAV2.0.0.13","3.0.1.1413","PSt7-10","180726-015","6/18/2019 6:14:49 AM","0000-00","0","no battery","V"
"06/28/2019","10:36:40","6","default","651713401","OXY_CH6","12.096","min","132.629","μmol/L","Humid","24.571","deg","207662","µV","30.822","°C","1015.000","hPa","36.5","pmil","0","55.720","deg","20.000","°C","100.000","%a.s.","22.420","deg","20.000","°C","971.000","hPa","0.861","-0.02617","0.00035","0","0","13.56","Humid","56.77","1","57.00","369893.87","SABD0002000014","AAV2.0.0.13","3.0.1.1413","PSt7-10","180726-015","6/18/2019 6:14:49 AM","0000-00","0","no battery","V"
"06/28/2019","10:36:41","6","default","651713401","OXY_CH6","12.113","min","132.587","μmol/L","Humid","24.570","deg","207689","µV","30.835","°C","1015.000","hPa","36.5","pmil","0","55.720","deg","20.000","°C","100.000","%a.s.","22.420","deg","20.000","°C","971.000","hPa","0.861","-0.02617","0.00035","0","0","13.56","Humid","56.77","1","57.00","369898.47","SABD0002000014","AAV2.0.0.13","3.0.1.1413","PSt7-10","180726-015","6/18/2019 6:14:49 AM","0000-00","0","no battery","V"
"06/28/2019","10:36:42","6","default","651713401","OXY_CH6","12.129","min","132.644","μmol/L","Humid","24.572","deg","207695","µV","30.816","°C","1015.000","hPa","36.5","pmil","0","55.720","deg","20.000","°C","100.000","%a.s.","22.420","deg","20.000","°C","971.000","hPa","0.861","-0.02617","0.00035","0","0","13.56","Humid","56.77","1","57.00","369890.55","SABD0002000014","AAV2.0.0.13","3.0.1.1413","PSt7-10","180726-015","6/18/2019 6:14:49 AM","0000-00","0","no battery","V"
"06/28/2019","10:36:43","6","default","651713401","OXY_CH6","12.146","min","132.499","μmol/L","Humid","24.578","deg","207717","µV","30.835","°C","1015.000","hPa","36.5","pmil","0","55.720","deg","20.000","°C","100.000","%a.s.","22.420","deg","20.000","°C","971.000","hPa","0.861","-0.02617","0.00035","0","0","13.56","Humid","56.77","1","57.00","369898.81","SABD0002000014","AAV2.0.0.13","3.0.1.1413","PSt7-10","180726-015","6/18/2019 6:14:49 AM","0000-00","0","no battery","V"
"06/28/2019","10:36:44","6","default","651713401","OXY_CH6","12.163","min","132.558","μmol/L","Humid","24.575","deg","207727","µV","30.829","°C","1015.000","hPa","36.5","pmil","0","55.720","deg","20.000","°C","100.000","%a.s.","22.420","deg","20.000","°C","971.000","hPa","0.861","-0.02617","0.00035","0","0","13.56","Humid","56.77","1","57.00","369903.69","SABD0002000014","AAV2.0.0.13","3.0.1.1413","PSt7-10","180726-015","6/18/2019 6:14:49 AM","0000-00","0","no battery","V"
"06/28/2019","10:36:45","6","default","651713401","OXY_CH6","12.179","min","132.499","μmol/L","Humid","24.578","deg","207726","µV","30.835","°C","1015.000","hPa","36.5","pmil","0","55.720","deg","20.000","°C","100.000","%a.s.","22.420","deg","20.000","°C","971.000","hPa","0.861","-0.02617","0.00035","0","0","13.56","Humid","56.77","1","57.00","369881.89","SABD0002000014","AAV2.0.0.13","3.0.1.1413","PSt7-10","180726-015","6/18/2019 6:14:49 AM","0000-00","0","no battery","V"
"06/28/2019","10:36:46","6","default","651713401","OXY_CH6","12.196","min","132.537","μmol/L","Humid","24.577","deg","207753","µV","30.829","°C","1015.000","hPa","36.5","pmil","0","55.720","deg","20.000","°C","100.000","%a.s.","22.420","deg","20.000","°C","971.000","hPa","0.861","-0.02617","0.00035","0","0","13.56","Humid","56.77","1","57.00","369875.61","SABD0002000014","AAV2.0.0.13","3.0.1.1413","PSt7-10","180726-015","6/18/2019 6:14:49 AM","0000-00","0","no battery","V"
"06/28/2019","10:36:47","6","default","651713401","OXY_CH6","12.213","min","132.456","μmol/L","Humid","24.582","deg","207762","µV","30.835","°C","1015.000","hPa","36.5","pmil","0","55.720","deg","20.000","°C","100.000","%a.s.","22.420","deg","20.000","°C","971.000","hPa","0.861","-0.02617","0.00035","0","0","13.56","Humid","56.77","1","57.00","369891.57","SABD0002000014","AAV2.0.0.13","3.0.1.1413","PSt7-10","180726-015","6/18/2019 6:14:49 AM","0000-00","0","no battery","V"
"06/28/2019","10:36:48","6","default","651713401","OXY_CH6","12.229","min","132.460","μmol/L","Humid","24.584","deg","207782","µV","30.829","°C","1015.000","hPa","36.5","pmil","0","55.720","deg","20.000","°C","100.000","%a.s.","22.420","deg","20.000","°C","971.000","hPa","0.861","-0.02617","0.00035","0","0","13.56","Humid","56.77","1","57.00","369876.44","SABD0002000014","AAV2.0.0.13","3.0.1.1413","PSt7-10","180726-015","6/18/2019 6:14:49 AM","0000-00","0","no battery","V"
"06/28/2019","10:36:49","6","default","651713401","OXY_CH6","12.246","min","132.439","μmol/L","Humid","24.586","deg","207806","µV","30.829","°C","1015.000","hPa","36.5","pmil","0","55.720","deg","20.000","°C","100.000","%a.s.","22.420","deg","20.000","°C","971.000","hPa","0.861","-0.02617","0.00035","0","0","13.56","Humid","56.77","1","57.00","369883.42","SABD0002000014","AAV2.0.0.13","3.0.1.1413","PSt7-10","180726-015","6/18/2019 6:14:49 AM","0000-00","0","no battery","V"
"06/28/2019","10:36:50","6","default","651713401","OXY_CH6","12.263","min","132.476","μmol/L","Humid","24.585","deg","207815","µV","30.822","°C","1015.000","hPa","36.5","pmil","0","55.720","deg","20.000","°C","100.000","%a.s.","22.420","deg","20.000","°C","971.000","hPa","0.861","-0.02617","0.00035","0","0","13.56","Humid","56.77","1","57.00","369875.42","SABD0002000014","AAV2.0.0.13","3.0.1.1413","PSt7-10","180726-015","6/18/2019 6:14:49 AM","0000-00","0","no battery","V"
"06/28/2019","10:36:51","6","default","651713401","OXY_CH6","12.279","min","132.449","μmol/L","Humid","24.585","deg","207830","µV","30.829","°C","1015.000","hPa","36.5","pmil","0","55.720","deg","20.000","°C","100.000","%a.s.","22.420","deg","20.000","°C","971.000","hPa","0.861","-0.02617","0.00035","0","0","13.56","Humid","56.77","1","57.00","369882.08","SABD0002000014","AAV2.0.0.13","3.0.1.1413","PSt7-10","180726-015","6/18/2019 6:14:49 AM","0000-00","0","no battery","V"
"06/28/2019","10:36:52","6","default","651713401","OXY_CH6","12.296","min","132.459","μmol/L","Humid","24.589","deg","207842","µV","30.816","°C","1015.000","hPa","36.5","pmil","0","55.720","deg","20.000","°C","100.000","%a.s.","22.420","deg","20.000","°C","971.000","hPa","0.861","-0.02617","0.00035","0","0","13.56","Humid","56.77","1","57.00","369875.88","SABD0002000014","AAV2.0.0.13","3.0.1.1413","PSt7-10","180726-015","6/18/2019 6:14:49 AM","0000-00","0","no battery","V"
"06/28/2019","10:36:53","6","default","651713401","OXY_CH6","12.313","min","132.432","μmol/L","Humid","24.589","deg","207855","µV","30.822","°C","1015.000","hPa","36.5","pmil","0","55.720","deg","20.000","°C","100.000","%a.s.","22.420","deg","20.000","°C","971.000","hPa","0.861","-0.02617","0.00035","0","0","13.56","Humid","56.77","1","57.00","369872.29","SABD0002000014","AAV2.0.0.13","3.0.1.1413","PSt7-10","180726-015","6/18/2019 6:14:49 AM","0000-00","0","no battery","V"
"06/28/2019","10:36:54","6","default","651713401","OXY_CH6","12.329","min","132.410","μmol/L","Humid","24.591","deg","207877","µV","30.822","°C","1015.000","hPa","36.5","pmil","0","55.720","deg","20.000","°C","100.000","%a.s.","22.420","deg","20.000","°C","971.000","hPa","0.861","-0.02617","0.00035","0","0","13.56","Humid","56.77","1","57.00","369878.65","SABD0002000014","AAV2.0.0.13","3.0.1.1413","PSt7-10","180726-015","6/18/2019 6:14:49 AM","0000-00","0","no battery","V"
"06/28/2019","10:36:55","6","default","651713401","OXY_CH6","12.346","min","132.341","μmol/L","Humid","24.595","deg","207883","µV","30.829","°C","1015.000","hPa","36.5","pmil","0","55.720","deg","20.000","°C","100.000","%a.s.","22.420","deg","20.000","°C","971.000","hPa","0.861","-0.02617","0.00035","0","0","13.56","Humid","56.77","1","57.00","369880.25","SABD0002000014","AAV2.0.0.13","3.0.1.1413","PSt7-10","180726-015","6/18/2019 6:14:49 AM","0000-00","0","no battery","V"
"06/28/2019","10:36:56","6","default","651713401","OXY_CH6","12.363","min","132.330","μmol/L","Humid","24.596","deg","207894","µV","30.829","°C","1015.000","hPa","36.5","pmil","0","55.720","deg","20.000","°C","100.000","%a.s.","22.420","deg","20.000","°C","971.000","hPa","0.861","-0.02617","0.00035","0","0","13.56","Humid","56.77","1","57.00","369859.50","SABD0002000014","AAV2.0.0.13","3.0.1.1413","PSt7-10","180726-015","6/18/2019 6:14:49 AM","0000-00","0","no battery","V"
"06/28/2019","10:36:57","6","default","651713401","OXY_CH6","12.380","min","132.319","μmol/L","Humid","24.597","deg","207912","µV","30.829","°C","1015.000","hPa","36.5","pmil","0","55.720","deg","20.000","°C","100.000","%a.s.","22.420","deg","20.000","°C","971.000","hPa","0.861","-0.02617","0.00035","0","0","13.56","Humid","56.77","1","57.00","369884.37","SABD0002000014","AAV2.0.0.13","3.0.1.1413","PSt7-10","180726-015","6/18/2019 6:14:49 AM","0000-00","0","no battery","V"
"06/28/2019","10:36:58","6","default","651713401","OXY_CH6","12.396","min","132.297","μmol/L","Humid","24.599","deg","207921","µV","30.829","°C","1015.000","hPa","36.5","pmil","0","55.720","deg","20.000","°C","100.000","%a.s.","22.420","deg","20.000","°C","971.000","hPa","0.861","-0.02617","0.00035","0","0","13.56","Humid","56.77","1","57.00","369863.27","SABD0002000014","AAV2.0.0.13","3.0.1.1413","PSt7-10","180726-015","6/18/2019 6:14:49 AM","0000-00","0","no battery","V"
"06/28/2019","10:36:59","6","default","651713401","OXY_CH6","12.413","min","132.286","μmol/L","Humid","24.600","deg","207936","µV","30.829","°C","1015.000","hPa","36.5","pmil","0","55.720","deg","20.000","°C","100.000","%a.s.","22.420","deg","20.000","°C","971.000","hPa","0.861","-0.02617","0.00035","0","0","13.56","Humid","56.77","1","57.00","369861.01","SABD0002000014","AAV2.0.0.13","3.0.1.1413","PSt7-10","180726-015","6/18/2019 6:14:49 AM","0000-00","0","no battery","V"
"06/28/2019","10:37:00","6","default","651713401","OXY_CH6","12.430","min","132.280","μmol/L","Humid","24.603","deg","207954","µV","30.822","°C","1015.000","hPa","36.5","pmil","0","55.720","deg","20.000","°C","100.000","%a.s.","22.420","deg","20.000","°C","971.000","hPa","0.861","-0.02617","0.00035","0","0","13.56","Humid","56.77","1","57.00","369865.15","SABD0002000014","AAV2.0.0.13","3.0.1.1413","PSt7-10","180726-015","6/18/2019 6:14:49 AM","0000-00","0","no battery","V"
"06/28/2019","10:37:01","6","default","651713401","OXY_CH6","12.446","min","132.269","μmol/L","Humid","24.604","deg","207961","µV","30.822","°C","1015.000","hPa","36.5","pmil","0","55.720","deg","20.000","°C","100.000","%a.s.","22.420","deg","20.000","°C","971.000","hPa","0.861","-0.02617","0.00035","0","0","13.56","Humid","56.77","1","57.00","369861.94","SABD0002000014","AAV2.0.0.13","3.0.1.1413","PSt7-10","180726-015","6/18/2019 6:14:49 AM","0000-00","0","no battery","V"
"06/28/2019","10:37:02","6","default","651713401","OXY_CH6","12.463","min","132.206","μmol/L","Humid","24.605","deg","207980","µV","30.835","°C","1015.000","hPa","36.5","pmil","0","55.720","deg","20.000","°C","100.000","%a.s.","22.420","deg","20.000","°C","971.000","hPa","0.861","-0.02617","0.00035","0","0","13.56","Humid","56.77","1","57.00","369862.11","SABD0002000014","AAV2.0.0.13","3.0.1.1413","PSt7-10","180726-015","6/18/2019 6:14:49 AM","0000-00","0","no battery","V"
"06/28/2019","10:37:03","6","default","651713401","OXY_CH6","12.480","min","132.258","μmol/L","Humid","24.605","deg","207992","µV","30.822","°C","1015.000","hPa","36.5","pmil","0","55.720","deg","20.000","°C","100.000","%a.s.","22.420","deg","20.000","°C","971.000","hPa","0.861","-0.02617","0.00035","0","0","13.56","Humid","56.77","1","57.00","369857.49","SABD0002000014","AAV2.0.0.13","3.0.1.1413","PSt7-10","180726-015","6/18/2019 6:14:49 AM","0000-00","0","no battery","V"
"06/28/2019","10:37:04","6","default","651713401","OXY_CH6","12.496","min","132.199","μmol/L","Humid","24.608","deg","208012","µV","30.829","°C","1015.000","hPa","36.5","pmil","0","55.720","deg","20.000","°C","100.000","%a.s.","22.420","deg","20.000","°C","971.000","hPa","0.861","-0.02617","0.00035","0","0","13.56","Humid","56.77","1","57.00","369853.94","SABD0002000014","AAV2.0.0.13","3.0.1.1413","PSt7-10","180726-015","6/18/2019 6:14:49 AM","0000-00","0","no battery","V"
"06/28/2019","10:37:05","6","default","651713401","OXY_CH6","12.513","min","132.162","μmol/L","Humid","24.609","deg","208028","µV","30.835","°C","1015.000","hPa","36.5","pmil","0","55.720","deg","20.000","°C","100.000","%a.s.","22.420","deg","20.000","°C","971.000","hPa","0.861","-0.02617","0.00035","0","0","13.56","Humid","56.77","1","57.00","369855.40","SABD0002000014","AAV2.0.0.13","3.0.1.1413","PSt7-10","180726-015","6/18/2019 6:14:49 AM","0000-00","0","no battery","V"
"06/28/2019","10:37:06","6","default","651713401","OXY_CH6","12.529","min","132.145","μmol/L","Humid","24.613","deg","208043","µV","30.829","°C","1015.000","hPa","36.5","pmil","0","55.720","deg","20.000","°C","100.000","%a.s.","22.420","deg","20.000","°C","971.000","hPa","0.861","-0.02617","0.00035","0","0","13.56","Humid","56.77","1","57.00","369853.33","SABD0002000014","AAV2.0.0.13","3.0.1.1413","PSt7-10","180726-015","6/18/2019 6:14:49 AM","0000-00","0","no battery","V"
"06/28/2019","10:37:07","6","default","651713401","OXY_CH6","12.546","min","132.171","μmol/L","Humid","24.613","deg","208067","µV","30.822","°C","1015.000","hPa","36.5","pmil","0","55.720","deg","20.000","°C","100.000","%a.s.","22.420","deg","20.000","°C","971.000","hPa","0.861","-0.02617","0.00035","0","0","13.56","Humid","56.77","1","57.00","369857.29","SABD0002000014","AAV2.0.0.13","3.0.1.1413","PSt7-10","180726-015","6/18/2019 6:14:49 AM","0000-00","0","no battery","V"
"06/28/2019","10:37:08","6","default","651713401","OXY_CH6","12.562","min","132.123","μmol/L","Humid","24.615","deg","208076","µV","30.829","°C","1015.000","hPa","36.5","pmil","0","55.720","deg","20.000","°C","100.000","%a.s.","22.420","deg","20.000","°C","971.000","hPa","0.861","-0.02617","0.00035","0","0","13.56","Humid","56.77","1","57.00","369852.05","SABD0002000014","AAV2.0.0.13","3.0.1.1413","PSt7-10","180726-015","6/18/2019 6:14:49 AM","0000-00","0","no battery","V"
"06/28/2019","10:37:09","6","default","651713401","OXY_CH6","12.579","min","132.149","μmol/L","Humid","24.615","deg","208111","µV","30.822","°C","1015.000","hPa","36.5","pmil","0","55.720","deg","20.000","°C","100.000","%a.s.","22.420","deg","20.000","°C","971.000","hPa","0.861","-0.02617","0.00035","0","0","13.56","Humid","56.77","1","57.00","369853.00","SABD0002000014","AAV2.0.0.13","3.0.1.1413","PSt7-10","180726-015","6/18/2019 6:14:49 AM","0000-00","0","no battery","V"
"06/28/2019","10:37:10","6","default","651713401","OXY_CH6","12.596","min","132.069","μmol/L","Humid","24.620","deg","208117","µV","30.829","°C","1015.000","hPa","36.5","pmil","0","55.720","deg","20.000","°C","100.000","%a.s.","22.420","deg","20.000","°C","971.000","hPa","0.861","-0.02617","0.00035","0","0","13.56","Humid","56.77","1","57.00","369863.55","SABD0002000014","AAV2.0.0.13","3.0.1.1413","PSt7-10","180726-015","6/18/2019 6:14:49 AM","0000-00","0","no battery","V"
"06/28/2019","10:37:11","6","default","651713401","OXY_CH6","12.613","min","132.106","μmol/L","Humid","24.619","deg","208137","µV","30.822","°C","1015.000","hPa","36.5","pmil","0","55.720","deg","20.000","°C","100.000","%a.s.","22.420","deg","20.000","°C","971.000","hPa","0.861","-0.02617","0.00035","0","0","13.56","Humid","56.77","1","57.00","369866.54","SABD0002000014","AAV2.0.0.13","3.0.1.1413","PSt7-10","180726-015","6/18/2019 6:14:49 AM","0000-00","0","no battery","V"
"06/28/2019","10:37:12","6","default","651713401","OXY_CH6","12.630","min","132.084","μmol/L","Humid","24.621","deg","208143","µV","30.822","°C","1015.000","hPa","36.5","pmil","0","55.720","deg","20.000","°C","100.000","%a.s.","22.420","deg","20.000","°C","971.000","hPa","0.861","-0.02617","0.00035","0","0","13.56","Humid","56.77","1","57.00","369853.69","SABD0002000014","AAV2.0.0.13","3.0.1.1413","PSt7-10","180726-015","6/18/2019 6:14:49 AM","0000-00","0","no battery","V"
"06/28/2019","10:37:13","6","default","651713401","OXY_CH6","12.647","min","132.025","μmol/L","Humid","24.624","deg","208163","µV","30.829","°C","1015.000","hPa","36.5","pmil","0","55.720","deg","20.000","°C","100.000","%a.s.","22.420","deg","20.000","°C","971.000","hPa","0.861","-0.02617","0.00035","0","0","13.56","Humid","56.77","1","57.00","369855.77","SABD0002000014","AAV2.0.0.13","3.0.1.1413","PSt7-10","180726-015","6/18/2019 6:14:49 AM","0000-00","0","no battery","V"
"06/28/2019","10:37:14","6","default","651713401","OXY_CH6","12.663","min","132.041","μmol/L","Humid","24.625","deg","208175","µV","30.822","°C","1015.000","hPa","36.5","pmil","0","55.720","deg","20.000","°C","100.000","%a.s.","22.420","deg","20.000","°C","971.000","hPa","0.861","-0.02617","0.00035","0","0","13.56","Humid","56.77","1","57.00","369860.05","SABD0002000014","AAV2.0.0.13","3.0.1.1413","PSt7-10","180726-015","6/18/2019 6:14:49 AM","0000-00","0","no battery","V"
"06/28/2019","10:37:15","6","default","651713401","OXY_CH6","12.679","min","131.956","μmol/L","Humid","24.628","deg","208180","µV","30.835","°C","1015.000","hPa","36.5","pmil","0","55.720","deg","20.000","°C","100.000","%a.s.","22.420","deg","20.000","°C","971.000","hPa","0.861","-0.02617","0.00035","0","0","13.56","Humid","56.77","1","57.00","369850.31","SABD0002000014","AAV2.0.0.13","3.0.1.1413","PSt7-10","180726-015","6/18/2019 6:14:49 AM","0000-00","0","no battery","V"
"06/28/2019","10:37:16","6","default","651713401","OXY_CH6","12.696","min","131.993","μmol/L","Humid","24.627","deg","208197","µV","30.829","°C","1015.000","hPa","36.5","pmil","0","55.720","deg","20.000","°C","100.000","%a.s.","22.420","deg","20.000","°C","971.000","hPa","0.861","-0.02617","0.00035","0","0","13.56","Humid","56.77","1","57.00","369848.62","SABD0002000014","AAV2.0.0.13","3.0.1.1413","PSt7-10","180726-015","6/18/2019 6:14:49 AM","0000-00","0","no battery","V"
"06/28/2019","10:37:17","6","default","651713401","OXY_CH6","12.713","min","131.982","μmol/L","Humid","24.628","deg","208222","µV","30.829","°C","1015.000","hPa","36.5","pmil","0","55.720","deg","20.000","°C","100.000","%a.s.","22.420","deg","20.000","°C","971.000","hPa","0.861","-0.02617","0.00035","0","0","13.56","Humid","56.77","1","57.00","369852.39","SABD0002000014","AAV2.0.0.13","3.0.1.1413","PSt7-10","180726-015","6/18/2019 6:14:49 AM","0000-00","0","no battery","V"
"06/28/2019","10:37:18","6","default","651713401","OXY_CH6","12.729","min","131.934","μmol/L","Humid","24.630","deg","208221","µV","30.835","°C","1015.000","hPa","36.5","pmil","0","55.720","deg","20.000","°C","100.000","%a.s.","22.420","deg","20.000","°C","971.000","hPa","0.861","-0.02617","0.00035","0","0","13.56","Humid","56.77","1","57.00","369846.63","SABD0002000014","AAV2.0.0.13","3.0.1.1413","PSt7-10","180726-015","6/18/2019 6:14:49 AM","0000-00","0","no battery","V"
"06/28/2019","10:37:19","6","default","651713401","OXY_CH6","12.746","min","131.965","μmol/L","Humid","24.632","deg","208241","µV","30.822","°C","1015.000","hPa","36.5","pmil","0","55.720","deg","20.000","°C","100.000","%a.s.","22.420","deg","20.000","°C","971.000","hPa","0.861","-0.02617","0.00035","0","0","13.56","Humid","56.77","1","57.00","369854.41","SABD0002000014","AAV2.0.0.13","3.0.1.1413","PSt7-10","180726-015","6/18/2019 6:14:49 AM","0000-00","0","no battery","V"
"06/28/2019","10:37:20","6","default","651713401","OXY_CH6","12.763","min","131.906","μmol/L","Humid","24.635","deg","208259","µV","30.829","°C","1015.000","hPa","36.5","pmil","0","55.720","deg","20.000","°C","100.000","%a.s.","22.420","deg","20.000","°C","971.000","hPa","0.861","-0.02617","0.00035","0","0","13.56","Humid","56.77","1","57.00","369848.86","SABD0002000014","AAV2.0.0.13","3.0.1.1413","PSt7-10","180726-015","6/18/2019 6:14:49 AM","0000-00","0","no battery","V"
"06/28/2019","10:37:21","6","default","651713401","OXY_CH6","12.779","min","131.895","μmol/L","Humid","24.636","deg","208274","µV","30.829","°C","1015.000","hPa","36.5","pmil","0","55.720","deg","20.000","°C","100.000","%a.s.","22.420","deg","20.000","°C","971.000","hPa","0.861","-0.02617","0.00035","0","0","13.56","Humid","56.77","1","57.00","369842.62","SABD0002000014","AAV2.0.0.13","3.0.1.1413","PSt7-10","180726-015","6/18/2019 6:14:49 AM","0000-00","0","no battery","V"
"06/28/2019","10:37:22","6","default","651713401","OXY_CH6","12.796","min","131.878","μmol/L","Humid","24.640","deg","208296","µV","30.822","°C","1015.000","hPa","36.5","pmil","0","55.720","deg","20.000","°C","100.000","%a.s.","22.420","deg","20.000","°C","971.000","hPa","0.861","-0.02617","0.00035","0","0","13.56","Humid","56.77","1","57.00","369852.37","SABD0002000014","AAV2.0.0.13","3.0.1.1413","PSt7-10","180726-015","6/18/2019 6:14:49 AM","0000-00","0","no battery","V"
"06/28/2019","10:37:23","6","default","651713401","OXY_CH6","12.813","min","131.852","μmol/L","Humid","24.640","deg","208313","µV","30.829","°C","1015.000","hPa","36.5","pmil","0","55.720","deg","20.000","°C","100.000","%a.s.","22.420","deg","20.000","°C","971.000","hPa","0.861","-0.02617","0.00035","0","0","13.56","Humid","56.77","1","57.00","369848.09","SABD0002000014","AAV2.0.0.13","3.0.1.1413","PSt7-10","180726-015","6/18/2019 6:14:49 AM","0000-00","0","no battery","V"
"06/28/2019","10:37:24","6","default","651713401","OXY_CH6","12.829","min","131.830","μmol/L","Humid","24.642","deg","208322","µV","30.829","°C","1015.000","hPa","36.5","pmil","0","55.720","deg","20.000","°C","100.000","%a.s.","22.420","deg","20.000","°C","971.000","hPa","0.861","-0.02617","0.00035","0","0","13.56","Humid","56.77","1","57.00","369849.84","SABD0002000014","AAV2.0.0.13","3.0.1.1413","PSt7-10","180726-015","6/18/2019 6:14:49 AM","0000-00","0","no battery","V"
"06/28/2019","10:37:25","6","default","651713401","OXY_CH6","12.847","min","131.846","μmol/L","Humid","24.643","deg","208338","µV","30.822","°C","1015.000","hPa","36.5","pmil","0","55.720","deg","20.000","°C","100.000","%a.s.","22.420","deg","20.000","°C","971.000","hPa","0.861","-0.02617","0.00035","0","0","13.56","Humid","56.77","1","57.00","369853.10","SABD0002000014","AAV2.0.0.13","3.0.1.1413","PSt7-10","180726-015","6/18/2019 6:14:49 AM","0000-00","0","no battery","V"
"06/28/2019","10:37:26","6","default","651713401","OXY_CH6","12.863","min","131.787","μmol/L","Humid","24.646","deg","208350","µV","30.829","°C","1015.000","hPa","36.5","pmil","0","55.720","deg","20.000","°C","100.000","%a.s.","22.420","deg","20.000","°C","971.000","hPa","0.861","-0.02617","0.00035","0","0","13.56","Humid","56.77","1","57.00","369844.77","SABD0002000014","AAV2.0.0.13","3.0.1.1413","PSt7-10","180726-015","6/18/2019 6:14:49 AM","0000-00","0","no battery","V"
"06/28/2019","10:37:27","6","default","651713401","OXY_CH6","12.880","min","131.802","μmol/L","Humid","24.647","deg","208365","µV","30.822","°C","1015.000","hPa","36.5","pmil","0","55.720","deg","20.000","°C","100.000","%a.s.","22.420","deg","20.000","°C","971.000","hPa","0.861","-0.02617","0.00035","0","0","13.56","Humid","56.77","1","57.00","369835.65","SABD0002000014","AAV2.0.0.13","3.0.1.1413","PSt7-10","180726-015","6/18/2019 6:14:49 AM","0000-00","0","no battery","V"
"06/28/2019","10:37:28","6","default","651713401","OXY_CH6","12.897","min","131.792","μmol/L","Humid","24.648","deg","208374","µV","30.822","°C","1015.000","hPa","36.5","pmil","0","55.720","deg","20.000","°C","100.000","%a.s.","22.420","deg","20.000","°C","971.000","hPa","0.861","-0.02617","0.00035","0","0","13.56","Humid","56.77","1","57.00","369843.33","SABD0002000014","AAV2.0.0.13","3.0.1.1413","PSt7-10","180726-015","6/18/2019 6:14:49 AM","0000-00","0","no battery","V"
"06/28/2019","10:37:29","6","default","651713401","OXY_CH6","12.913","min","131.781","μmol/L","Humid","24.649","deg","208394","µV","30.822","°C","1015.000","hPa","36.5","pmil","0","55.720","deg","20.000","°C","100.000","%a.s.","22.420","deg","20.000","°C","971.000","hPa","0.861","-0.02617","0.00035","0","0","13.56","Humid","56.77","1","57.00","369839.84","SABD0002000014","AAV2.0.0.13","3.0.1.1413","PSt7-10","180726-015","6/18/2019 6:14:49 AM","0000-00","0","no battery","V"
"06/28/2019","10:37:30","6","default","651713401","OXY_CH6","12.930","min","131.711","μmol/L","Humid","24.653","deg","208400","µV","30.829","°C","1015.000","hPa","36.5","pmil","0","55.720","deg","20.000","°C","100.000","%a.s.","22.420","deg","20.000","°C","971.000","hPa","0.861","-0.02617","0.00035","0","0","13.56","Humid","56.77","1","57.00","369829.49","SABD0002000014","AAV2.0.0.13","3.0.1.1413","PSt7-10","180726-015","6/18/2019 6:14:49 AM","0000-00","0","no battery","V"
"06/28/2019","10:37:31","6","default","651713401","OXY_CH6","12.947","min","131.748","μmol/L","Humid","24.652","deg","208422","µV","30.822","°C","1015.000","hPa","36.5","pmil","0","55.720","deg","20.000","°C","100.000","%a.s.","22.420","deg","20.000","°C","971.000","hPa","0.861","-0.02617","0.00035","0","0","13.56","Humid","56.77","1","57.00","369842.24","SABD0002000014","AAV2.0.0.13","3.0.1.1413","PSt7-10","180726-015","6/18/2019 6:14:49 AM","0000-00","0","no battery","V"
"06/28/2019","10:37:32","6","default","651713401","OXY_CH6","12.963","min","131.690","μmol/L","Humid","24.655","deg","208418","µV","30.829","°C","1015.000","hPa","36.5","pmil","0","55.720","deg","20.000","°C","100.000","%a.s.","22.420","deg","20.000","°C","971.000","hPa","0.861","-0.02617","0.00035","0","0","13.56","Humid","56.77","1","57.00","369824.04","SABD0002000014","AAV2.0.0.13","3.0.1.1413","PSt7-10","180726-015","6/18/2019 6:14:49 AM","0000-00","0","no battery","V"
"06/28/2019","10:37:33","6","default","651713401","OXY_CH6","12.979","min","131.657","μmol/L","Humid","24.658","deg","208419","µV","30.829","°C","1015.000","hPa","36.5","pmil","0","55.720","deg","20.000","°C","100.000","%a.s.","22.420","deg","20.000","°C","971.000","hPa","0.861","-0.02617","0.00035","0","0","13.56","Humid","56.77","1","57.00","369821.92","SABD0002000014","AAV2.0.0.13","3.0.1.1413","PSt7-10","180726-015","6/18/2019 6:14:49 AM","0000-00","0","no battery","V"
"06/28/2019","10:37:34","6","default","651713401","OXY_CH6","12.996","min","131.635","μmol/L","Humid","24.660","deg","208432","µV","30.829","°C","1015.000","hPa","36.5","pmil","0","55.720","deg","20.000","°C","100.000","%a.s.","22.420","deg","20.000","°C","971.000","hPa","0.861","-0.02617","0.00035","0","0","13.56","Humid","56.77","1","57.00","369825.69","SABD0002000014","AAV2.0.0.13","3.0.1.1413","PSt7-10","180726-015","6/18/2019 6:14:49 AM","0000-00","0","no battery","V"
"06/28/2019","10:37:35","6","default","651713401","OXY_CH6","13.013","min","131.672","μmol/L","Humid","24.659","deg","208441","µV","30.822","°C","1015.000","hPa","36.5","pmil","0","55.720","deg","20.000","°C","100.000","%a.s.","22.420","deg","20.000","°C","971.000","hPa","0.861","-0.02617","0.00035","0","0","13.56","Humid","56.77","1","57.00","369848.06","SABD0002000014","AAV2.0.0.13","3.0.1.1413","PSt7-10","180726-015","6/18/2019 6:14:49 AM","0000-00","0","no battery","V"
"06/28/2019","10:37:36","6","default","651713401","OXY_CH6","13.030","min","131.625","μmol/L","Humid","24.661","deg","208477","µV","30.829","°C","1015.000","hPa","36.5","pmil","0","55.720","deg","20.000","°C","100.000","%a.s.","22.420","deg","20.000","°C","971.000","hPa","0.861","-0.02617","0.00035","0","0","13.56","Humid","56.77","1","57.00","369839.98","SABD0002000014","AAV2.0.0.13","3.0.1.1413","PSt7-10","180726-015","6/18/2019 6:14:49 AM","0000-00","0","no battery","V"
"06/28/2019","10:37:37","6","default","651713401","OXY_CH6","13.046","min","131.571","μmol/L","Humid","24.666","deg","208493","µV","30.829","°C","1015.000","hPa","36.5","pmil","0","55.720","deg","20.000","°C","100.000","%a.s.","22.420","deg","20.000","°C","971.000","hPa","0.861","-0.02617","0.00035","0","0","13.56","Humid","56.77","1","57.00","369852.99","SABD0002000014","AAV2.0.0.13","3.0.1.1413","PSt7-10","180726-015","6/18/2019 6:14:49 AM","0000-00","0","no battery","V"
"06/28/2019","10:37:38","6","default","651713401","OXY_CH6","13.063","min","131.618","μmol/L","Humid","24.664","deg","208512","µV","30.822","°C","1015.000","hPa","36.5","pmil","0","55.720","deg","20.000","°C","100.000","%a.s.","22.420","deg","20.000","°C","971.000","hPa","0.861","-0.02617","0.00035","0","0","13.56","Humid","56.77","1","57.00","369840.87","SABD0002000014","AAV2.0.0.13","3.0.1.1413","PSt7-10","180726-015","6/18/2019 6:14:49 AM","0000-00","0","no battery","V"
"06/28/2019","10:37:39","6","default","651713401","OXY_CH6","13.080","min","131.538","μmol/L","Humid","24.669","deg","208530","µV","30.829","°C","1015.000","hPa","36.5","pmil","0","55.720","deg","20.000","°C","100.000","%a.s.","22.420","deg","20.000","°C","971.000","hPa","0.861","-0.02617","0.00035","0","0","13.56","Humid","56.77","1","57.00","369832.75","SABD0002000014","AAV2.0.0.13","3.0.1.1413","PSt7-10","180726-015","6/18/2019 6:14:49 AM","0000-00","0","no battery","V"
"06/28/2019","10:37:40","6","default","651713401","OXY_CH6","13.096","min","131.549","μmol/L","Humid","24.668","deg","208528","µV","30.829","°C","1015.000","hPa","36.5","pmil","0","55.720","deg","20.000","°C","100.000","%a.s.","22.420","deg","20.000","°C","971.000","hPa","0.861","-0.02617","0.00035","0","0","13.56","Humid","56.77","1","57.00","369825.58","SABD0002000014","AAV2.0.0.13","3.0.1.1413","PSt7-10","180726-015","6/18/2019 6:14:49 AM","0000-00","0","no battery","V"
"06/28/2019","10:37:41","6","default","651713401","OXY_CH6","13.113","min","131.538","μmol/L","Humid","24.669","deg","208558","µV","30.829","°C","1015.000","hPa","36.5","pmil","0","55.720","deg","20.000","°C","100.000","%a.s.","22.420","deg","20.000","°C","971.000","hPa","0.861","-0.02617","0.00035","0","0","13.56","Humid","56.77","1","57.00","369832.66","SABD0002000014","AAV2.0.0.13","3.0.1.1413","PSt7-10","180726-015","6/18/2019 6:14:49 AM","0000-00","0","no battery","V"
"06/28/2019","10:37:42","6","default","651713401","OXY_CH6","13.130","min","131.469","μmol/L","Humid","24.673","deg","208571","µV","30.835","°C","1015.000","hPa","36.5","pmil","0","55.720","deg","20.000","°C","100.000","%a.s.","22.420","deg","20.000","°C","971.000","hPa","0.861","-0.02617","0.00035","0","0","13.56","Humid","56.77","1","57.00","369827.27","SABD0002000014","AAV2.0.0.13","3.0.1.1413","PSt7-10","180726-015","6/18/2019 6:14:49 AM","0000-00","0","no battery","V"
"06/28/2019","10:37:43","6","default","651713401","OXY_CH6","13.146","min","131.473","μmol/L","Humid","24.675","deg","208577","µV","30.829","°C","1015.000","hPa","36.5","pmil","0","55.720","deg","20.000","°C","100.000","%a.s.","22.420","deg","20.000","°C","971.000","hPa","0.861","-0.02617","0.00035","0","0","13.56","Humid","56.77","1","57.00","369808.65","SABD0002000014","AAV2.0.0.13","3.0.1.1413","PSt7-10","180726-015","6/18/2019 6:14:49 AM","0000-00","0","no battery","V"
"06/28/2019","10:37:44","6","default","651713401","OXY_CH6","13.163","min","131.521","μmol/L","Humid","24.673","deg","208608","µV","30.822","°C","1015.000","hPa","36.5","pmil","0","55.720","deg","20.000","°C","100.000","%a.s.","22.420","deg","20.000","°C","971.000","hPa","0.861","-0.02617","0.00035","0","0","13.56","Humid","56.77","1","57.00","369830.20","SABD0002000014","AAV2.0.0.13","3.0.1.1413","PSt7-10","180726-015","6/18/2019 6:14:49 AM","0000-00","0","no battery","V"
"06/28/2019","10:37:45","6","default","651713401","OXY_CH6","13.179","min","131.463","μmol/L","Humid","24.676","deg","208617","µV","30.829","°C","1015.000","hPa","36.5","pmil","0","55.720","deg","20.000","°C","100.000","%a.s.","22.420","deg","20.000","°C","971.000","hPa","0.861","-0.02617","0.00035","0","0","13.56","Humid","56.77","1","57.00","369833.98","SABD0002000014","AAV2.0.0.13","3.0.1.1413","PSt7-10","180726-015","6/18/2019 6:14:49 AM","0000-00","0","no battery","V"
"06/28/2019","10:37:46","6","default","651713401","OXY_CH6","13.196","min","131.441","μmol/L","Humid","24.678","deg","208631","µV","30.829","°C","1015.000","hPa","36.5","pmil","0","55.720","deg","20.000","°C","100.000","%a.s.","22.420","deg","20.000","°C","971.000","hPa","0.861","-0.02617","0.00035","0","0","13.56","Humid","56.77","1","57.00","369832.64","SABD0002000014","AAV2.0.0.13","3.0.1.1413","PSt7-10","180726-015","6/18/2019 6:14:49 AM","0000-00","0","no battery","V"
"06/28/2019","10:37:47","6","default","651713401","OXY_CH6","13.212","min","131.430","μmol/L","Humid","24.679","deg","208655","µV","30.829","°C","1015.000","hPa","36.5","pmil","0","55.720","deg","20.000","°C","100.000","%a.s.","22.420","deg","20.000","°C","971.000","hPa","0.861","-0.02617","0.00035","0","0","13.56","Humid","56.77","1","57.00","369840.76","SABD0002000014","AAV2.0.0.13","3.0.1.1413","PSt7-10","180726-015","6/18/2019 6:14:49 AM","0000-00","0","no battery","V"
"06/28/2019","10:37:48","6","default","651713401","OXY_CH6","13.230","min","131.424","μmol/L","Humid","24.682","deg","208668","µV","30.822","°C","1015.000","hPa","36.5","pmil","0","55.720","deg","20.000","°C","100.000","%a.s.","22.420","deg","20.000","°C","971.000","hPa","0.861","-0.02617","0.00035","0","0","13.56","Humid","56.77","1","57.00","369843.50","SABD0002000014","AAV2.0.0.13","3.0.1.1413","PSt7-10","180726-015","6/18/2019 6:14:49 AM","0000-00","0","no battery","V"
"06/28/2019","10:37:49","6","default","651713401","OXY_CH6","13.246","min","131.361","μmol/L","Humid","24.683","deg","208680","µV","30.835","°C","1015.000","hPa","36.5","pmil","0","55.720","deg","20.000","°C","100.000","%a.s.","22.420","deg","20.000","°C","971.000","hPa","0.861","-0.02617","0.00035","0","0","13.56","Humid","56.77","1","57.00","369833.45","SABD0002000014","AAV2.0.0.13","3.0.1.1413","PSt7-10","180726-015","6/18/2019 6:14:49 AM","0000-00","0","no battery","V"
"06/28/2019","10:37:50","6","default","651713401","OXY_CH6","13.263","min","131.344","μmol/L","Humid","24.687","deg","208692","µV","30.829","°C","1015.000","hPa","36.5","pmil","0","55.720","deg","20.000","°C","100.000","%a.s.","22.420","deg","20.000","°C","971.000","hPa","0.861","-0.02617","0.00035","0","0","13.56","Humid","56.77","1","57.00","369827.01","SABD0002000014","AAV2.0.0.13","3.0.1.1413","PSt7-10","180726-015","6/18/2019 6:14:49 AM","0000-00","0","no battery","V"
"06/28/2019","10:37:51","6","default","651713401","OXY_CH6","13.280","min","131.365","μmol/L","Humid","24.685","deg","208721","µV","30.829","°C","1015.000","hPa","36.5","pmil","0","55.720","deg","20.000","°C","100.000","%a.s.","22.420","deg","20.000","°C","971.000","hPa","0.861","-0.02617","0.00035","0","0","13.56","Humid","56.77","1","57.00","369837.47","SABD0002000014","AAV2.0.0.13","3.0.1.1413","PSt7-10","180726-015","6/18/2019 6:14:49 AM","0000-00","0","no battery","V"
"06/28/2019","10:37:52","6","default","651713401","OXY_CH6","13.296","min","131.311","μmol/L","Humid","24.690","deg","208729","µV","30.829","°C","1015.000","hPa","36.5","pmil","0","55.720","deg","20.000","°C","100.000","%a.s.","22.420","deg","20.000","°C","971.000","hPa","0.861","-0.02617","0.00035","0","0","13.56","Humid","56.77","1","57.00","369839.41","SABD0002000014","AAV2.0.0.13","3.0.1.1413","PSt7-10","180726-015","6/18/2019 6:14:49 AM","0000-00","0","no battery","V"
"06/28/2019","10:37:53","6","default","651713401","OXY_CH6","13.313","min","131.338","μmol/L","Humid","24.690","deg","208758","µV","30.822","°C","1015.000","hPa","36.5","pmil","0","55.720","deg","20.000","°C","100.000","%a.s.","22.420","deg","20.000","°C","971.000","hPa","0.861","-0.02617","0.00035","0","0","13.56","Humid","56.77","1","57.00","369844.41","SABD0002000014","AAV2.0.0.13","3.0.1.1413","PSt7-10","180726-015","6/18/2019 6:14:49 AM","0000-00","0","no battery","V"
"06/28/2019","10:37:54","6","default","651713401","OXY_CH6","13.329","min","131.311","μmol/L","Humid","24.690","deg","208753","µV","30.829","°C","1015.000","hPa","36.5","pmil","0","55.720","deg","20.000","°C","100.000","%a.s.","22.420","deg","20.000","°C","971.000","hPa","0.861","-0.02617","0.00035","0","0","13.56","Humid","56.77","1","57.00","369835.67","SABD0002000014","AAV2.0.0.13","3.0.1.1413","PSt7-10","180726-015","6/18/2019 6:14:49 AM","0000-00","0","no battery","V"
"06/28/2019","10:37:55","6","default","651713401","OXY_CH6","13.346","min","131.279","μmol/L","Humid","24.693","deg","208772","µV","30.829","°C","1015.000","hPa","36.5","pmil","0","55.720","deg","20.000","°C","100.000","%a.s.","22.420","deg","20.000","°C","971.000","hPa","0.861","-0.02617","0.00035","0","0","13.56","Humid","56.77","1","57.00","369828.66","SABD0002000014","AAV2.0.0.13","3.0.1.1413","PSt7-10","180726-015","6/18/2019 6:14:49 AM","0000-00","0","no battery","V"
"06/28/2019","10:37:56","6","default","651713401","OXY_CH6","13.363","min","131.305","μmol/L","Humid","24.693","deg","208780","µV","30.822","°C","1015.000","hPa","36.5","pmil","0","55.720","deg","20.000","°C","100.000","%a.s.","22.420","deg","20.000","°C","971.000","hPa","0.861","-0.02617","0.00035","0","0","13.56","Humid","56.77","1","57.00","369824.79","SABD0002000014","AAV2.0.0.13","3.0.1.1413","PSt7-10","180726-015","6/18/2019 6:14:49 AM","0000-00","0","no battery","V"
"06/28/2019","10:37:57","6","default","651713401","OXY_CH6","13.379","min","131.273","μmol/L","Humid","24.696","deg","208783","µV","30.822","°C","1015.000","hPa","36.5","pmil","0","55.720","deg","20.000","°C","100.000","%a.s.","22.420","deg","20.000","°C","971.000","hPa","0.861","-0.02617","0.00035","0","0","13.56","Humid","56.77","1","57.00","369807.12","SABD0002000014","AAV2.0.0.13","3.0.1.1413","PSt7-10","180726-015","6/18/2019 6:14:49 AM","0000-00","0","no battery","V"
"06/28/2019","10:37:58","6","default","651713401","OXY_CH6","13.396","min","131.199","μmol/L","Humid","24.698","deg","208817","µV","30.835","°C","1015.000","hPa","36.5","pmil","0","55.720","deg","20.000","°C","100.000","%a.s.","22.420","deg","20.000","°C","971.000","hPa","0.861","-0.02617","0.00035","0","0","13.56","Humid","56.77","1","57.00","369832.14","SABD0002000014","AAV2.0.0.13","3.0.1.1413","PSt7-10","180726-015","6/18/2019 6:14:49 AM","0000-00","0","no battery","V"
"06/28/2019","10:37:59","6","default","651713401","OXY_CH6","13.413","min","131.262","μmol/L","Humid","24.697","deg","208819","µV","30.822","°C","1015.000","hPa","36.5","pmil","0","55.720","deg","20.000","°C","100.000","%a.s.","22.420","deg","20.000","°C","971.000","hPa","0.861","-0.02617","0.00035","0","0","13.56","Humid","56.77","1","57.00","369813.62","SABD0002000014","AAV2.0.0.13","3.0.1.1413","PSt7-10","180726-015","6/18/2019 6:14:49 AM","0000-00","0","no battery","V"
"06/28/2019","10:38:00","6","default","651713401","OXY_CH6","13.430","min","131.182","μmol/L","Humid","24.702","deg","208830","µV","30.829","°C","1015.000","hPa","36.5","pmil","0","55.720","deg","20.000","°C","100.000","%a.s.","22.420","deg","20.000","°C","971.000","hPa","0.861","-0.02617","0.00035","0","0","13.56","Humid","56.77","1","57.00","369823.10","SABD0002000014","AAV2.0.0.13","3.0.1.1413","PSt7-10","180726-015","6/18/2019 6:14:49 AM","0000-00","0","no battery","V"
"06/28/2019","10:38:01","6","default","651713401","OXY_CH6","13.446","min","131.198","μmol/L","Humid","24.703","deg","208850","µV","30.822","°C","1015.000","hPa","36.5","pmil","0","55.720","deg","20.000","°C","100.000","%a.s.","22.420","deg","20.000","°C","971.000","hPa","0.861","-0.02617","0.00035","0","0","13.56","Humid","56.77","1","57.00","369818.71","SABD0002000014","AAV2.0.0.13","3.0.1.1413","PSt7-10","180726-015","6/18/2019 6:14:49 AM","0000-00","0","no battery","V"
"06/28/2019","10:38:02","6","default","651713401","OXY_CH6","13.463","min","131.187","μmol/L","Humid","24.704","deg","208855","µV","30.822","°C","1015.000","hPa","36.5","pmil","0","55.720","deg","20.000","°C","100.000","%a.s.","22.420","deg","20.000","°C","971.000","hPa","0.861","-0.02617","0.00035","0","0","13.56","Humid","56.77","1","57.00","369810.88","SABD0002000014","AAV2.0.0.13","3.0.1.1413","PSt7-10","180726-015","6/18/2019 6:14:49 AM","0000-00","0","no battery","V"
"06/28/2019","10:38:03","6","default","651713401","OXY_CH6","13.480","min","131.154","μmol/L","Humid","24.707","deg","208875","µV","30.822","°C","1015.000","hPa","36.5","pmil","0","55.720","deg","20.000","°C","100.000","%a.s.","22.420","deg","20.000","°C","971.000","hPa","0.861","-0.02617","0.00035","0","0","13.56","Humid","56.77","1","57.00","369806.56","SABD0002000014","AAV2.0.0.13","3.0.1.1413","PSt7-10","180726-015","6/18/2019 6:14:49 AM","0000-00","0","no battery","V"
"06/28/2019","10:38:04","6","default","651713401","OXY_CH6","13.497","min","131.187","μmol/L","Humid","24.704","deg","208892","µV","30.822","°C","1015.000","hPa","36.5","pmil","0","55.720","deg","20.000","°C","100.000","%a.s.","22.420","deg","20.000","°C","971.000","hPa","0.861","-0.02617","0.00035","0","0","13.56","Humid","56.77","1","57.00","369823.89","SABD0002000014","AAV2.0.0.13","3.0.1.1413","PSt7-10","180726-015","6/18/2019 6:14:49 AM","0000-00","0","no battery","V"
"06/28/2019","10:38:05","6","default","651713401","OXY_CH6","13.513","min","131.144","μmol/L","Humid","24.708","deg","208901","µV","30.822","°C","1015.000","hPa","36.5","pmil","0","55.720","deg","20.000","°C","100.000","%a.s.","22.420","deg","20.000","°C","971.000","hPa","0.861","-0.02617","0.00035","0","0","13.56","Humid","56.77","1","57.00","369801.50","SABD0002000014","AAV2.0.0.13","3.0.1.1413","PSt7-10","180726-015","6/18/2019 6:14:49 AM","0000-00","0","no battery","V"
"06/28/2019","10:38:06","6","default","651713401","OXY_CH6","13.530","min","131.096","μmol/L","Humid","24.710","deg","208928","µV","30.829","°C","1015.000","hPa","36.5","pmil","0","55.720","deg","20.000","°C","100.000","%a.s.","22.420","deg","20.000","°C","971.000","hPa","0.861","-0.02617","0.00035","0","0","13.56","Humid","56.77","1","57.00","369825.15","SABD0002000014","AAV2.0.0.13","3.0.1.1413","PSt7-10","180726-015","6/18/2019 6:14:49 AM","0000-00","0","no battery","V"
"06/28/2019","10:38:07","6","default","651713401","OXY_CH6","13.546","min","131.101","μmol/L","Humid","24.712","deg","208944","µV","30.822","°C","1015.000","hPa","36.5","pmil","0","55.720","deg","20.000","°C","100.000","%a.s.","22.420","deg","20.000","°C","971.000","hPa","0.861","-0.02617","0.00035","0","0","13.56","Humid","56.77","1","57.00","369825.20","SABD0002000014","AAV2.0.0.13","3.0.1.1413","PSt7-10","180726-015","6/18/2019 6:14:49 AM","0000-00","0","no battery","V"
"06/28/2019","10:38:08","6","default","651713401","OXY_CH6","13.563","min","131.064","μmol/L","Humid","24.713","deg","208969","µV","30.829","°C","1015.000","hPa","36.5","pmil","0","55.720","deg","20.000","°C","100.000","%a.s.","22.420","deg","20.000","°C","971.000","hPa","0.861","-0.02617","0.00035","0","0","13.56","Humid","56.77","1","57.00","369817.42","SABD0002000014","AAV2.0.0.13","3.0.1.1413","PSt7-10","180726-015","6/18/2019 6:14:49 AM","0000-00","0","no battery","V"
"06/28/2019","10:38:09","6","default","651713401","OXY_CH6","13.580","min","131.047","μmol/L","Humid","24.717","deg","208982","µV","30.822","°C","1015.000","hPa","36.5","pmil","0","55.720","deg","20.000","°C","100.000","%a.s.","22.420","deg","20.000","°C","971.000","hPa","0.861","-0.02617","0.00035","0","0","13.56","Humid","56.77","1","57.00","369814.32","SABD0002000014","AAV2.0.0.13","3.0.1.1413","PSt7-10","180726-015","6/18/2019 6:14:49 AM","0000-00","0","no battery","V"
"06/28/2019","10:38:10","6","default","651713401","OXY_CH6","13.596","min","130.988","μmol/L","Humid","24.720","deg","209004","µV","30.829","°C","1015.000","hPa","36.5","pmil","0","55.720","deg","20.000","°C","100.000","%a.s.","22.420","deg","20.000","°C","971.000","hPa","0.861","-0.02617","0.00035","0","0","13.56","Humid","56.77","1","57.00","369819.81","SABD0002000014","AAV2.0.0.13","3.0.1.1413","PSt7-10","180726-015","6/18/2019 6:14:49 AM","0000-00","0","no battery","V"
"06/28/2019","10:38:11","6","default","651713401","OXY_CH6","13.613","min","130.952","μmol/L","Humid","24.721","deg","209016","µV","30.835","°C","1015.000","hPa","36.5","pmil","0","55.720","deg","20.000","°C","100.000","%a.s.","22.420","deg","20.000","°C","971.000","hPa","0.861","-0.02617","0.00035","0","0","13.56","Humid","56.77","1","57.00","369815.55","SABD0002000014","AAV2.0.0.13","3.0.1.1413","PSt7-10","180726-015","6/18/2019 6:14:49 AM","0000-00","0","no battery","V"
"06/28/2019","10:38:12","6","default","651713401","OXY_CH6","13.630","min","130.952","μmol/L","Humid","24.721","deg","209040","µV","30.835","°C","1015.000","hPa","36.5","pmil","0","55.720","deg","20.000","°C","100.000","%a.s.","22.420","deg","20.000","°C","971.000","hPa","0.861","-0.02617","0.00035","0","0","13.56","Humid","56.77","1","57.00","369823.86","SABD0002000014","AAV2.0.0.13","3.0.1.1413","PSt7-10","180726-015","6/18/2019 6:14:49 AM","0000-00","0","no battery","V"
"06/28/2019","10:38:13","6","default","651713401","OXY_CH6","13.646","min","130.972","μmol/L","Humid","24.724","deg","209047","µV","30.822","°C","1015.000","hPa","36.5","pmil","0","55.720","deg","20.000","°C","100.000","%a.s.","22.420","deg","20.000","°C","971.000","hPa","0.861","-0.02617","0.00035","0","0","13.56","Humid","56.77","1","57.00","369798.10","SABD0002000014","AAV2.0.0.13","3.0.1.1413","PSt7-10","180726-015","6/18/2019 6:14:49 AM","0000-00","0","no battery","V"
"06/28/2019","10:38:14","6","default","651713401","OXY_CH6","13.663","min","130.945","μmol/L","Humid","24.724","deg","209067","µV","30.829","°C","1015.000","hPa","36.5","pmil","0","55.720","deg","20.000","°C","100.000","%a.s.","22.420","deg","20.000","°C","971.000","hPa","0.861","-0.02617","0.00035","0","0","13.56","Humid","56.77","1","57.00","369819.99","SABD0002000014","AAV2.0.0.13","3.0.1.1413","PSt7-10","180726-015","6/18/2019 6:14:49 AM","0000-00","0","no battery","V"
"06/28/2019","10:38:15","6","default","651713401","OXY_CH6","13.680","min","130.887","μmol/L","Humid","24.727","deg","209079","µV","30.835","°C","1015.000","hPa","36.5","pmil","0","55.720","deg","20.000","°C","100.000","%a.s.","22.420","deg","20.000","°C","971.000","hPa","0.861","-0.02617","0.00035","0","0","13.56","Humid","56.77","1","57.00","369812.64","SABD0002000014","AAV2.0.0.13","3.0.1.1413","PSt7-10","180726-015","6/18/2019 6:14:49 AM","0000-00","0","no battery","V"
"06/28/2019","10:38:16","6","default","651713401","OXY_CH6","13.696","min","130.929","μmol/L","Humid","24.728","deg","209101","µV","30.822","°C","1015.000","hPa","36.5","pmil","0","55.720","deg","20.000","°C","100.000","%a.s.","22.420","deg","20.000","°C","971.000","hPa","0.861","-0.02617","0.00035","0","0","13.56","Humid","56.77","1","57.00","369818.83","SABD0002000014","AAV2.0.0.13","3.0.1.1413","PSt7-10","180726-015","6/18/2019 6:14:49 AM","0000-00","0","no battery","V"
"06/28/2019","10:38:17","6","default","651713401","OXY_CH6","13.713","min","130.903","μmol/L","Humid","24.728","deg","209114","µV","30.829","°C","1015.000","hPa","36.5","pmil","0","55.720","deg","20.000","°C","100.000","%a.s.","22.420","deg","20.000","°C","971.000","hPa","0.861","-0.02617","0.00035","0","0","13.56","Humid","56.77","1","57.00","369809.07","SABD0002000014","AAV2.0.0.13","3.0.1.1413","PSt7-10","180726-015","6/18/2019 6:14:49 AM","0000-00","0","no battery","V"
"06/28/2019","10:38:18","6","default","651713401","OXY_CH6","13.729","min","130.886","μmol/L","Humid","24.732","deg","209130","µV","30.822","°C","1015.000","hPa","36.5","pmil","0","55.720","deg","20.000","°C","100.000","%a.s.","22.420","deg","20.000","°C","971.000","hPa","0.861","-0.02617","0.00035","0","0","13.56","Humid","56.77","1","57.00","369816.77","SABD0002000014","AAV2.0.0.13","3.0.1.1413","PSt7-10","180726-015","6/18/2019 6:14:49 AM","0000-00","0","no battery","V"
"06/28/2019","10:38:19","6","default","651713401","OXY_CH6","13.746","min","130.864","μmol/L","Humid","24.734","deg","209147","µV","30.822","°C","1015.000","hPa","36.5","pmil","0","55.720","deg","20.000","°C","100.000","%a.s.","22.420","deg","20.000","°C","971.000","hPa","0.861","-0.02617","0.00035","0","0","13.56","Humid","56.77","1","57.00","369813.60","SABD0002000014","AAV2.0.0.13","3.0.1.1413","PSt7-10","180726-015","6/18/2019 6:14:49 AM","0000-00","0","no battery","V"
"06/28/2019","10:38:20","6","default","651713401","OXY_CH6","13.763","min","130.827","μmol/L","Humid","24.735","deg","209150","µV","30.829","°C","1015.000","hPa","36.5","pmil","0","55.720","deg","20.000","°C","100.000","%a.s.","22.420","deg","20.000","°C","971.000","hPa","0.861","-0.02617","0.00035","0","0","13.56","Humid","56.77","1","57.00","369811.75","SABD0002000014","AAV2.0.0.13","3.0.1.1413","PSt7-10","180726-015","6/18/2019 6:14:49 AM","0000-00","0","no battery","V"
"06/28/2019","10:38:21","6","default","651713401","OXY_CH6","13.780","min","130.838","μmol/L","Humid","24.734","deg","209162","µV","30.829","°C","1015.000","hPa","36.5","pmil","0","55.720","deg","20.000","°C","100.000","%a.s.","22.420","deg","20.000","°C","971.000","hPa","0.861","-0.02617","0.00035","0","0","13.56","Humid","56.77","1","57.00","369813.09","SABD0002000014","AAV2.0.0.13","3.0.1.1413","PSt7-10","180726-015","6/18/2019 6:14:49 AM","0000-00","0","no battery","V"
"06/28/2019","10:38:22","6","default","651713401","OXY_CH6","13.796","min","130.800","μmol/L","Humid","24.740","deg","209164","µV","30.822","°C","1015.000","hPa","36.5","pmil","0","55.720","deg","20.000","°C","100.000","%a.s.","22.420","deg","20.000","°C","971.000","hPa","0.861","-0.02617","0.00035","0","0","13.56","Humid","56.77","1","57.00","369793.36","SABD0002000014","AAV2.0.0.13","3.0.1.1413","PSt7-10","180726-015","6/18/2019 6:14:49 AM","0000-00","0","no battery","V"
"06/28/2019","10:38:23","6","default","651713401","OXY_CH6","13.813","min","130.800","μmol/L","Humid","24.740","deg","209167","µV","30.822","°C","1015.000","hPa","36.5","pmil","0","55.720","deg","20.000","°C","100.000","%a.s.","22.420","deg","20.000","°C","971.000","hPa","0.861","-0.02617","0.00035","0","0","13.56","Humid","56.77","1","57.00","369806.14","SABD0002000014","AAV2.0.0.13","3.0.1.1413","PSt7-10","180726-015","6/18/2019 6:14:49 AM","0000-00","0","no battery","V"
"06/28/2019","10:38:24","6","default","651713401","OXY_CH6","13.829","min","130.778","μmol/L","Humid","24.742","deg","209192","µV","30.822","°C","1015.000","hPa","36.5","pmil","0","55.720","deg","20.000","°C","100.000","%a.s.","22.420","deg","20.000","°C","971.000","hPa","0.861","-0.02617","0.00035","0","0","13.56","Humid","56.77","1","57.00","369800.90","SABD0002000014","AAV2.0.0.13","3.0.1.1413","PSt7-10","180726-015","6/18/2019 6:14:49 AM","0000-00","0","no battery","V"
"06/28/2019","10:38:25","6","default","651713401","OXY_CH6","13.846","min","130.789","μmol/L","Humid","24.741","deg","209210","µV","30.822","°C","1015.000","hPa","36.5","pmil","0","55.720","deg","20.000","°C","100.000","%a.s.","22.420","deg","20.000","°C","971.000","hPa","0.861","-0.02617","0.00035","0","0","13.56","Humid","56.77","1","57.00","369804.77","SABD0002000014","AAV2.0.0.13","3.0.1.1413","PSt7-10","180726-015","6/18/2019 6:14:49 AM","0000-00","0","no battery","V"
"06/28/2019","10:38:26","6","default","651713401","OXY_CH6","13.863","min","130.746","μmol/L","Humid","24.745","deg","209230","µV","30.822","°C","1015.000","hPa","36.5","pmil","0","55.720","deg","20.000","°C","100.000","%a.s.","22.420","deg","20.000","°C","971.000","hPa","0.861","-0.02617","0.00035","0","0","13.56","Humid","56.77","1","57.00","369805.46","SABD0002000014","AAV2.0.0.13","3.0.1.1413","PSt7-10","180726-015","6/18/2019 6:14:49 AM","0000-00","0","no battery","V"
"06/28/2019","10:38:27","6","default","651713401","OXY_CH6","13.880","min","130.699","μmol/L","Humid","24.747","deg","209242","µV","30.829","°C","1015.000","hPa","36.5","pmil","0","55.720","deg","20.000","°C","100.000","%a.s.","22.420","deg","20.000","°C","971.000","hPa","0.861","-0.02617","0.00035","0","0","13.56","Humid","56.77","1","57.00","369789.66","SABD0002000014","AAV2.0.0.13","3.0.1.1413","PSt7-10","180726-015","6/18/2019 6:14:49 AM","0000-00","0","no battery","V"
"06/28/2019","10:38:28","6","default","651713401","OXY_CH6","13.896","min","130.709","μmol/L","Humid","24.746","deg","209263","µV","30.829","°C","1015.000","hPa","36.5","pmil","0","55.720","deg","20.000","°C","100.000","%a.s.","22.420","deg","20.000","°C","971.000","hPa","0.861","-0.02617","0.00035","0","0","13.56","Humid","56.77","1","57.00","369786.38","SABD0002000014","AAV2.0.0.13","3.0.1.1413","PSt7-10","180726-015","6/18/2019 6:14:49 AM","0000-00","0","no battery","V"
"06/28/2019","10:38:29","6","default","651713401","OXY_CH6","13.913","min","130.666","μmol/L","Humid","24.750","deg","209276","µV","30.829","°C","1015.000","hPa","36.5","pmil","0","55.720","deg","20.000","°C","100.000","%a.s.","22.420","deg","20.000","°C","971.000","hPa","0.861","-0.02617","0.00035","0","0","13.56","Humid","56.77","1","57.00","369792.02","SABD0002000014","AAV2.0.0.13","3.0.1.1413","PSt7-10","180726-015","6/18/2019 6:14:49 AM","0000-00","0","no battery","V"
"06/28/2019","10:38:30","6","default","651713401","OXY_CH6","13.930","min","130.656","μmol/L","Humid","24.751","deg","209293","µV","30.829","°C","1015.000","hPa","36.5","pmil","0","55.720","deg","20.000","°C","100.000","%a.s.","22.420","deg","20.000","°C","971.000","hPa","0.861","-0.02617","0.00035","0","0","13.56","Humid","56.77","1","57.00","369806.68","SABD0002000014","AAV2.0.0.13","3.0.1.1413","PSt7-10","180726-015","6/18/2019 6:14:49 AM","0000-00","0","no battery","V"
"06/28/2019","10:38:31","6","default","651713401","OXY_CH6","13.946","min","130.613","μmol/L","Humid","24.755","deg","209312","µV","30.829","°C","1015.000","hPa","36.5","pmil","0","55.720","deg","20.000","°C","100.000","%a.s.","22.420","deg","20.000","°C","971.000","hPa","0.861","-0.02617","0.00035","0","0","13.56","Humid","56.77","1","57.00","369794.70","SABD0002000014","AAV2.0.0.13","3.0.1.1413","PSt7-10","180726-015","6/18/2019 6:14:49 AM","0000-00","0","no battery","V"
"06/28/2019","10:38:32","6","default","651713401","OXY_CH6","13.963","min","130.598","μmol/L","Humid","24.754","deg","209330","µV","30.835","°C","1015.000","hPa","36.5","pmil","0","55.720","deg","20.000","°C","100.000","%a.s.","22.420","deg","20.000","°C","971.000","hPa","0.861","-0.02617","0.00035","0","0","13.56","Humid","56.77","1","57.00","369792.79","SABD0002000014","AAV2.0.0.13","3.0.1.1413","PSt7-10","180726-015","6/18/2019 6:14:49 AM","0000-00","0","no battery","V"
"06/28/2019","10:38:33","6","default","651713401","OXY_CH6","13.979","min","130.602","μmol/L","Humid","24.756","deg","209353","µV","30.829","°C","1015.000","hPa","36.5","pmil","0","55.720","deg","20.000","°C","100.000","%a.s.","22.420","deg","20.000","°C","971.000","hPa","0.861","-0.02617","0.00035","0","0","13.56","Humid","56.77","1","57.00","369798.58","SABD0002000014","AAV2.0.0.13","3.0.1.1413","PSt7-10","180726-015","6/18/2019 6:14:49 AM","0000-00","0","no battery","V"
"06/28/2019","10:38:34","6","default","651713401","OXY_CH6","13.996","min","130.581","μmol/L","Humid","24.758","deg","209365","µV","30.829","°C","1015.000","hPa","36.5","pmil","0","55.720","deg","20.000","°C","100.000","%a.s.","22.420","deg","20.000","°C","971.000","hPa","0.861","-0.02617","0.00035","0","0","13.56","Humid","56.77","1","57.00","369791.86","SABD0002000014","AAV2.0.0.13","3.0.1.1413","PSt7-10","180726-015","6/18/2019 6:14:49 AM","0000-00","0","no battery","V"
"06/28/2019","10:38:35","6","default","651713401","OXY_CH6","14.013","min","130.575","μmol/L","Humid","24.761","deg","209385","µV","30.822","°C","1015.000","hPa","36.5","pmil","0","55.720","deg","20.000","°C","100.000","%a.s.","22.420","deg","20.000","°C","971.000","hPa","0.861","-0.02617","0.00035","0","0","13.56","Humid","56.77","1","57.00","369800.86","SABD0002000014","AAV2.0.0.13","3.0.1.1413","PSt7-10","180726-015","6/18/2019 6:14:49 AM","0000-00","0","no battery","V"
"06/28/2019","10:38:36","6","default","651713401","OXY_CH6","14.030","min","130.527","μmol/L","Humid","24.763","deg","209394","µV","30.829","°C","1015.000","hPa","36.5","pmil","0","55.720","deg","20.000","°C","100.000","%a.s.","22.420","deg","20.000","°C","971.000","hPa","0.861","-0.02617","0.00035","0","0","13.56","Humid","56.77","1","57.00","369791.14","SABD0002000014","AAV2.0.0.13","3.0.1.1413","PSt7-10","180726-015","6/18/2019 6:14:49 AM","0000-00","0","no battery","V"
"06/28/2019","10:38:37","6","default","651713401","OXY_CH6","14.046","min","130.564","μmol/L","Humid","24.762","deg","209410","µV","30.822","°C","1015.000","hPa","36.5","pmil","0","55.720","deg","20.000","°C","100.000","%a.s.","22.420","deg","20.000","°C","971.000","hPa","0.861","-0.02617","0.00035","0","0","13.56","Humid","56.77","1","57.00","369782.02","SABD0002000014","AAV2.0.0.13","3.0.1.1413","PSt7-10","180726-015","6/18/2019 6:14:49 AM","0000-00","0","no battery","V"
"06/28/2019","10:38:38","6","default","651713401","OXY_CH6","14.063","min","130.484","μmol/L","Humid","24.767","deg","209427","µV","30.829","°C","1015.000","hPa","36.5","pmil","0","55.720","deg","20.000","°C","100.000","%a.s.","22.420","deg","20.000","°C","971.000","hPa","0.861","-0.02617","0.00035","0","0","13.56","Humid","56.77","1","57.00","369787.47","SABD0002000014","AAV2.0.0.13","3.0.1.1413","PSt7-10","180726-015","6/18/2019 6:14:49 AM","0000-00","0","no battery","V"
"06/28/2019","10:38:39","6","default","651713401","OXY_CH6","14.079","min","130.484","μmol/L","Humid","24.767","deg","209444","µV","30.829","°C","1015.000","hPa","36.5","pmil","0","55.720","deg","20.000","°C","100.000","%a.s.","22.420","deg","20.000","°C","971.000","hPa","0.861","-0.02617","0.00035","0","0","13.56","Humid","56.77","1","57.00","369793.68","SABD0002000014","AAV2.0.0.13","3.0.1.1413","PSt7-10","180726-015","6/18/2019 6:14:49 AM","0000-00","0","no battery","V"
"06/28/2019","10:38:40","6","default","651713401","OXY_CH6","14.096","min","130.474","μmol/L","Humid","24.768","deg","209482","µV","30.829","°C","1015.000","hPa","36.5","pmil","0","55.720","deg","20.000","°C","100.000","%a.s.","22.420","deg","20.000","°C","971.000","hPa","0.861","-0.02617","0.00035","0","0","13.56","Humid","56.77","1","57.00","369797.89","SABD0002000014","AAV2.0.0.13","3.0.1.1413","PSt7-10","180726-015","6/18/2019 6:14:49 AM","0000-00","0","no battery","V"
"06/28/2019","10:38:41","6","default","651713401","OXY_CH6","14.112","min","130.463","μmol/L","Humid","24.769","deg","209489","µV","30.829","°C","1015.000","hPa","36.5","pmil","0","55.720","deg","20.000","°C","100.000","%a.s.","22.420","deg","20.000","°C","971.000","hPa","0.861","-0.02617","0.00035","0","0","13.56","Humid","56.77","1","57.00","369786.38","SABD0002000014","AAV2.0.0.13","3.0.1.1413","PSt7-10","180726-015","6/18/2019 6:14:49 AM","0000-00","0","no battery","V"
"06/28/2019","10:38:42","6","default","651713401","OXY_CH6","14.129","min","130.409","μmol/L","Humid","24.774","deg","209512","µV","30.829","°C","1015.000","hPa","36.5","pmil","0","55.720","deg","20.000","°C","100.000","%a.s.","22.420","deg","20.000","°C","971.000","hPa","0.861","-0.02617","0.00035","0","0","13.56","Humid","56.77","1","57.00","369801.11","SABD0002000014","AAV2.0.0.13","3.0.1.1413","PSt7-10","180726-015","6/18/2019 6:14:49 AM","0000-00","0","no battery","V"
"06/28/2019","10:38:43","6","default","651713401","OXY_CH6","14.146","min","130.452","μmol/L","Humid","24.770","deg","209511","µV","30.829","°C","1015.000","hPa","36.5","pmil","0","55.720","deg","20.000","°C","100.000","%a.s.","22.420","deg","20.000","°C","971.000","hPa","0.861","-0.02617","0.00035","0","0","13.56","Humid","56.77","1","57.00","369793.35","SABD0002000014","AAV2.0.0.13","3.0.1.1413","PSt7-10","180726-015","6/18/2019 6:14:49 AM","0000-00","0","no battery","V"
"06/28/2019","10:38:44","6","default","651713401","OXY_CH6","14.163","min","130.435","μmol/L","Humid","24.774","deg","209537","µV","30.822","°C","1015.000","hPa","36.5","pmil","0","55.720","deg","20.000","°C","100.000","%a.s.","22.420","deg","20.000","°C","971.000","hPa","0.861","-0.02617","0.00035","0","0","13.56","Humid","56.77","1","57.00","369790.95","SABD0002000014","AAV2.0.0.13","3.0.1.1413","PSt7-10","180726-015","6/18/2019 6:14:49 AM","0000-00","0","no battery","V"
"06/28/2019","10:38:45","6","default","651713401","OXY_CH6","14.180","min","130.367","μmol/L","Humid","24.778","deg","209530","µV","30.829","°C","1015.000","hPa","36.5","pmil","0","55.720","deg","20.000","°C","100.000","%a.s.","22.420","deg","20.000","°C","971.000","hPa","0.861","-0.02617","0.00035","0","0","13.56","Humid","56.77","1","57.00","369787.82","SABD0002000014","AAV2.0.0.13","3.0.1.1413","PSt7-10","180726-015","6/18/2019 6:14:49 AM","0000-00","0","no battery","V"
"06/28/2019","10:38:46","6","default","651713401","OXY_CH6","14.196","min","130.382","μmol/L","Humid","24.779","deg","209545","µV","30.822","°C","1015.000","hPa","36.5","pmil","0","55.720","deg","20.000","°C","100.000","%a.s.","22.420","deg","20.000","°C","971.000","hPa","0.861","-0.02617","0.00035","0","0","13.56","Humid","56.77","1","57.00","369768.70","SABD0002000014","AAV2.0.0.13","3.0.1.1413","PSt7-10","180726-015","6/18/2019 6:14:49 AM","0000-00","0","no battery","V"
"06/28/2019","10:38:47","6","default","651713401","OXY_CH6","14.212","min","130.319","μmol/L","Humid","24.780","deg","209546","µV","30.835","°C","1015.000","hPa","36.5","pmil","0","55.720","deg","20.000","°C","100.000","%a.s.","22.420","deg","20.000","°C","971.000","hPa","0.861","-0.02617","0.00035","0","0","13.56","Humid","56.77","1","57.00","369781.30","SABD0002000014","AAV2.0.0.13","3.0.1.1413","PSt7-10","180726-015","6/18/2019 6:14:49 AM","0000-00","0","no battery","V"
"06/28/2019","10:38:48","6","default","651713401","OXY_CH6","14.230","min","130.298","μmol/L","Humid","24.782","deg","209590","µV","30.835","°C","1015.000","hPa","36.5","pmil","0","55.720","deg","20.000","°C","100.000","%a.s.","22.420","deg","20.000","°C","971.000","hPa","0.861","-0.02617","0.00035","0","0","13.56","Humid","56.77","1","57.00","369773.97","SABD0002000014","AAV2.0.0.13","3.0.1.1413","PSt7-10","180726-015","6/18/2019 6:14:49 AM","0000-00","0","no battery","V"
"06/28/2019","10:38:49","6","default","651713401","OXY_CH6","14.246","min","130.313","μmol/L","Humid","24.783","deg","209602","µV","30.829","°C","1015.000","hPa","36.5","pmil","0","55.720","deg","20.000","°C","100.000","%a.s.","22.420","deg","20.000","°C","971.000","hPa","0.861","-0.02617","0.00035","0","0","13.56","Humid","56.77","1","57.00","369785.30","SABD0002000014","AAV2.0.0.13","3.0.1.1413","PSt7-10","180726-015","6/18/2019 6:14:49 AM","0000-00","0","no battery","V"
"06/28/2019","10:38:50","6","default","651713401","OXY_CH6","14.263","min","130.281","μmol/L","Humid","24.786","deg","209624","µV","30.829","°C","1015.000","hPa","36.5","pmil","0","55.720","deg","20.000","°C","100.000","%a.s.","22.420","deg","20.000","°C","971.000","hPa","0.861","-0.02617","0.00035","0","0","13.56","Humid","56.77","1","57.00","369783.95","SABD0002000014","AAV2.0.0.13","3.0.1.1413","PSt7-10","180726-015","6/18/2019 6:14:49 AM","0000-00","0","no battery","V"
"06/28/2019","10:38:51","6","default","651713401","OXY_CH6","14.279","min","130.271","μmol/L","Humid","24.787","deg","209630","µV","30.829","°C","1015.000","hPa","36.5","pmil","0","55.720","deg","20.000","°C","100.000","%a.s.","22.420","deg","20.000","°C","971.000","hPa","0.861","-0.02617","0.00035","0","0","13.56","Humid","56.77","1","57.00","369779.78","SABD0002000014","AAV2.0.0.13","3.0.1.1413","PSt7-10","180726-015","6/18/2019 6:14:49 AM","0000-00","0","no battery","V"
"06/28/2019","10:38:52","6","default","651713401","OXY_CH6","14.296","min","130.223","μmol/L","Humid","24.789","deg","209647","µV","30.835","°C","1015.000","hPa","36.5","pmil","0","55.720","deg","20.000","°C","100.000","%a.s.","22.420","deg","20.000","°C","971.000","hPa","0.861","-0.02617","0.00035","0","0","13.56","Humid","56.77","1","57.00","369785.69","SABD0002000014","AAV2.0.0.13","3.0.1.1413","PSt7-10","180726-015","6/18/2019 6:14:49 AM","0000-00","0","no battery","V"
"06/28/2019","10:38:53","6","default","651713401","OXY_CH6","14.313","min","130.228","μmol/L","Humid","24.791","deg","209667","µV","30.829","°C","1015.000","hPa","36.5","pmil","0","55.720","deg","20.000","°C","100.000","%a.s.","22.420","deg","20.000","°C","971.000","hPa","0.861","-0.02617","0.00035","0","0","13.56","Humid","56.77","1","57.00","369775.54","SABD0002000014","AAV2.0.0.13","3.0.1.1413","PSt7-10","180726-015","6/18/2019 6:14:49 AM","0000-00","0","no battery","V"
"06/28/2019","10:38:54","6","default","651713401","OXY_CH6","14.330","min","130.217","μmol/L","Humid","24.792","deg","209693","µV","30.829","°C","1015.000","hPa","36.5","pmil","0","55.720","deg","20.000","°C","100.000","%a.s.","22.420","deg","20.000","°C","971.000","hPa","0.861","-0.02617","0.00035","0","0","13.56","Humid","56.77","1","57.00","369788.55","SABD0002000014","AAV2.0.0.13","3.0.1.1413","PSt7-10","180726-015","6/18/2019 6:14:49 AM","0000-00","0","no battery","V"
"06/28/2019","10:38:55","6","default","651713401","OXY_CH6","14.346","min","130.133","μmol/L","Humid","24.795","deg","209715","µV","30.841","°C","1015.000","hPa","36.5","pmil","0","55.720","deg","20.000","°C","100.000","%a.s.","22.420","deg","20.000","°C","971.000","hPa","0.861","-0.02617","0.00035","0","0","13.56","Humid","56.77","1","57.00","369776.79","SABD0002000014","AAV2.0.0.13","3.0.1.1413","PSt7-10","180726-015","6/18/2019 6:14:49 AM","0000-00","0","no battery","V"
"06/28/2019","10:38:56","6","default","651713401","OXY_CH6","14.363","min","130.149","μmol/L","Humid","24.796","deg","209730","µV","30.835","°C","1015.000","hPa","36.5","pmil","0","55.720","deg","20.000","°C","100.000","%a.s.","22.420","deg","20.000","°C","971.000","hPa","0.861","-0.02617","0.00035","0","0","13.56","Humid","56.77","1","57.00","369784.70","SABD0002000014","AAV2.0.0.13","3.0.1.1413","PSt7-10","180726-015","6/18/2019 6:14:49 AM","0000-00","0","no battery","V"
"06/28/2019","10:38:57","6","default","651713401","OXY_CH6","14.380","min","130.153","μmol/L","Humid","24.798","deg","209756","µV","30.829","°C","1015.000","hPa","36.5","pmil","0","55.720","deg","20.000","°C","100.000","%a.s.","22.420","deg","20.000","°C","971.000","hPa","0.861","-0.02617","0.00035","0","0","13.56","Humid","56.77","1","57.00","369779.75","SABD0002000014","AAV2.0.0.13","3.0.1.1413","PSt7-10","180726-015","6/18/2019 6:14:49 AM","0000-00","0","no battery","V"
"06/28/2019","10:38:58","6","default","651713401","OXY_CH6","14.396","min","130.127","μmol/L","Humid","24.798","deg","209735","µV","30.835","°C","1015.000","hPa","36.5","pmil","0","55.720","deg","20.000","°C","100.000","%a.s.","22.420","deg","20.000","°C","971.000","hPa","0.861","-0.02617","0.00035","0","0","13.56","Humid","56.77","1","57.00","369770.06","SABD0002000014","AAV2.0.0.13","3.0.1.1413","PSt7-10","180726-015","6/18/2019 6:14:49 AM","0000-00","0","no battery","V"
"06/28/2019","10:38:59","6","default","651713401","OXY_CH6","14.413","min","130.132","μmol/L","Humid","24.800","deg","209731","µV","30.829","°C","1015.000","hPa","36.5","pmil","0","55.720","deg","20.000","°C","100.000","%a.s.","22.420","deg","20.000","°C","971.000","hPa","0.861","-0.02617","0.00035","0","0","13.56","Humid","56.77","1","57.00","369778.15","SABD0002000014","AAV2.0.0.13","3.0.1.1413","PSt7-10","180726-015","6/18/2019 6:14:49 AM","0000-00","0","no battery","V"
"06/28/2019","10:39:00","6","default","651713401","OXY_CH6","14.430","min","130.100","μmol/L","Humid","24.803","deg","209756","µV","30.829","°C","1015.000","hPa","36.5","pmil","0","55.720","deg","20.000","°C","100.000","%a.s.","22.420","deg","20.000","°C","971.000","hPa","0.861","-0.02617","0.00035","0","0","13.56","Humid","56.77","1","57.00","369778.54","SABD0002000014","AAV2.0.0.13","3.0.1.1413","PSt7-10","180726-015","6/18/2019 6:14:49 AM","0000-00","0","no battery","V"
"06/28/2019","10:39:01","6","default","651713401","OXY_CH6","14.446","min","130.068","μmol/L","Humid","24.806","deg","209767","µV","30.829","°C","1015.000","hPa","36.5","pmil","0","55.720","deg","20.000","°C","100.000","%a.s.","22.420","deg","20.000","°C","971.000","hPa","0.861","-0.02617","0.00035","0","0","13.56","Humid","56.77","1","57.00","369783.51","SABD0002000014","AAV2.0.0.13","3.0.1.1413","PSt7-10","180726-015","6/18/2019 6:14:49 AM","0000-00","0","no battery","V"
"06/28/2019","10:39:02","6","default","651713401","OXY_CH6","14.463","min","130.057","μmol/L","Humid","24.807","deg","209789","µV","30.829","°C","1015.000","hPa","36.5","pmil","0","55.720","deg","20.000","°C","100.000","%a.s.","22.420","deg","20.000","°C","971.000","hPa","0.861","-0.02617","0.00035","0","0","13.56","Humid","56.77","1","57.00","369779.50","SABD0002000014","AAV2.0.0.13","3.0.1.1413","PSt7-10","180726-015","6/18/2019 6:14:49 AM","0000-00","0","no battery","V"
"06/28/2019","10:39:03","6","default","651713401","OXY_CH6","14.479","min","130.046","μmol/L","Humid","24.808","deg","209791","µV","30.829","°C","1015.000","hPa","36.5","pmil","0","55.720","deg","20.000","°C","100.000","%a.s.","22.420","deg","20.000","°C","971.000","hPa","0.861","-0.02617","0.00035","0","0","13.56","Humid","56.77","1","57.00","369772.52","SABD0002000014","AAV2.0.0.13","3.0.1.1413","PSt7-10","180726-015","6/18/2019 6:14:49 AM","0000-00","0","no battery","V"
"06/28/2019","10:39:04","6","default","651713401","OXY_CH6","14.496","min","130.025","μmol/L","Humid","24.810","deg","209815","µV","30.829","°C","1015.000","hPa","36.5","pmil","0","55.720","deg","20.000","°C","100.000","%a.s.","22.420","deg","20.000","°C","971.000","hPa","0.861","-0.02617","0.00035","0","0","13.56","Humid","56.77","1","57.00","369777.76","SABD0002000014","AAV2.0.0.13","3.0.1.1413","PSt7-10","180726-015","6/18/2019 6:14:49 AM","0000-00","0","no battery","V"
"06/28/2019","10:39:05","6","default","651713401","OXY_CH6","14.513","min","129.999","μmol/L","Humid","24.810","deg","209834","µV","30.835","°C","1015.000","hPa","36.5","pmil","0","55.720","deg","20.000","°C","100.000","%a.s.","22.420","deg","20.000","°C","971.000","hPa","0.861","-0.02617","0.00035","0","0","13.56","Humid","56.77","1","57.00","369786.74","SABD0002000014","AAV2.0.0.13","3.0.1.1413","PSt7-10","180726-015","6/18/2019 6:14:49 AM","0000-00","0","no battery","V"
"06/28/2019","10:39:06","6","default","651713401","OXY_CH6","14.529","min","129.978","μmol/L","Humid","24.812","deg","209844","µV","30.835","°C","1015.000","hPa","36.5","pmil","0","55.720","deg","20.000","°C","100.000","%a.s.","22.420","deg","20.000","°C","971.000","hPa","0.861","-0.02617","0.00035","0","0","13.56","Humid","56.77","1","57.00","369775.31","SABD0002000014","AAV2.0.0.13","3.0.1.1413","PSt7-10","180726-015","6/18/2019 6:14:49 AM","0000-00","0","no battery","V"
"06/28/2019","10:39:07","6","default","651713401","OXY_CH6","14.546","min","129.935","μmol/L","Humid","24.816","deg","209868","µV","30.835","°C","1015.000","hPa","36.5","pmil","0","55.720","deg","20.000","°C","100.000","%a.s.","22.420","deg","20.000","°C","971.000","hPa","0.861","-0.02617","0.00035","0","0","13.56","Humid","56.77","1","57.00","369775.83","SABD0002000014","AAV2.0.0.13","3.0.1.1413","PSt7-10","180726-015","6/18/2019 6:14:49 AM","0000-00","0","no battery","V"
"06/28/2019","10:39:08","6","default","651713401","OXY_CH6","14.563","min","129.961","μmol/L","Humid","24.816","deg","209873","µV","30.829","°C","1015.000","hPa","36.5","pmil","0","55.720","deg","20.000","°C","100.000","%a.s.","22.420","deg","20.000","°C","971.000","hPa","0.861","-0.02617","0.00035","0","0","13.56","Humid","56.77","1","57.00","369772.97","SABD0002000014","AAV2.0.0.13","3.0.1.1413","PSt7-10","180726-015","6/18/2019 6:14:49 AM","0000-00","0","no battery","V"
"06/28/2019","10:39:09","6","default","651713401","OXY_CH6","14.579","min","129.929","μmol/L","Humid","24.819","deg","209889","µV","30.829","°C","1015.000","hPa","36.5","pmil","0","55.720","deg","20.000","°C","100.000","%a.s.","22.420","deg","20.000","°C","971.000","hPa","0.861","-0.02617","0.00035","0","0","13.56","Humid","56.77","1","57.00","369766.19","SABD0002000014","AAV2.0.0.13","3.0.1.1413","PSt7-10","180726-015","6/18/2019 6:14:49 AM","0000-00","0","no battery","V"
"06/28/2019","10:39:10","6","default","651713401","OXY_CH6","14.596","min","129.923","μmol/L","Humid","24.822","deg","209904","µV","30.822","°C","1015.000","hPa","36.5","pmil","0","55.720","deg","20.000","°C","100.000","%a.s.","22.420","deg","20.000","°C","971.000","hPa","0.861","-0.02617","0.00035","0","0","13.56","Humid","56.77","1","57.00","369779.16","SABD0002000014","AAV2.0.0.13","3.0.1.1413","PSt7-10","180726-015","6/18/2019 6:14:49 AM","0000-00","0","no battery","V"
"06/28/2019","10:39:11","6","default","651713401","OXY_CH6","14.612","min","129.908","μmol/L","Humid","24.821","deg","209918","µV","30.829","°C","1015.000","hPa","36.5","pmil","0","55.720","deg","20.000","°C","100.000","%a.s.","22.420","deg","20.000","°C","971.000","hPa","0.861","-0.02617","0.00035","0","0","13.56","Humid","56.77","1","57.00","369768.08","SABD0002000014","AAV2.0.0.13","3.0.1.1413","PSt7-10","180726-015","6/18/2019 6:14:49 AM","0000-00","0","no battery","V"
"06/28/2019","10:39:12","6","default","651713401","OXY_CH6","14.629","min","129.887","μmol/L","Humid","24.823","deg","209934","µV","30.829","°C","1015.000","hPa","36.5","pmil","0","55.720","deg","20.000","°C","100.000","%a.s.","22.420","deg","20.000","°C","971.000","hPa","0.861","-0.02617","0.00035","0","0","13.56","Humid","56.77","1","57.00","369773.89","SABD0002000014","AAV2.0.0.13","3.0.1.1413","PSt7-10","180726-015","6/18/2019 6:14:49 AM","0000-00","0","no battery","V"
"06/28/2019","10:39:13","6","default","651713401","OXY_CH6","14.646","min","129.840","μmol/L","Humid","24.825","deg","209952","µV","30.835","°C","1015.000","hPa","36.5","pmil","0","55.720","deg","20.000","°C","100.000","%a.s.","22.420","deg","20.000","°C","971.000","hPa","0.861","-0.02617","0.00035","0","0","13.56","Humid","56.77","1","57.00","369772.24","SABD0002000014","AAV2.0.0.13","3.0.1.1413","PSt7-10","180726-015","6/18/2019 6:14:49 AM","0000-00","0","no battery","V"
"06/28/2019","10:39:14","6","default","651713401","OXY_CH6","14.663","min","129.844","μmol/L","Humid","24.827","deg","209962","µV","30.829","°C","1015.000","hPa","36.5","pmil","0","55.720","deg","20.000","°C","100.000","%a.s.","22.420","deg","20.000","°C","971.000","hPa","0.861","-0.02617","0.00035","0","0","13.56","Humid","56.77","1","57.00","369772.88","SABD0002000014","AAV2.0.0.13","3.0.1.1413","PSt7-10","180726-015","6/18/2019 6:14:49 AM","0000-00","0","no battery","V"
"06/28/2019","10:39:15","6","default","651713401","OXY_CH6","14.679","min","129.808","μmol/L","Humid","24.828","deg","209978","µV","30.835","°C","1015.000","hPa","36.5","pmil","0","55.720","deg","20.000","°C","100.000","%a.s.","22.420","deg","20.000","°C","971.000","hPa","0.861","-0.02617","0.00035","0","0","13.56","Humid","56.77","1","57.00","369781.95","SABD0002000014","AAV2.0.0.13","3.0.1.1413","PSt7-10","180726-015","6/18/2019 6:14:49 AM","0000-00","0","no battery","V"
"06/28/2019","10:39:16","6","default","651713401","OXY_CH6","14.696","min","129.786","μmol/L","Humid","24.830","deg","209993","µV","30.835","°C","1015.000","hPa","36.5","pmil","0","55.720","deg","20.000","°C","100.000","%a.s.","22.420","deg","20.000","°C","971.000","hPa","0.861","-0.02617","0.00035","0","0","13.56","Humid","56.77","1","57.00","369778.60","SABD0002000014","AAV2.0.0.13","3.0.1.1413","PSt7-10","180726-015","6/18/2019 6:14:49 AM","0000-00","0","no battery","V"
"06/28/2019","10:39:17","6","default","651713401","OXY_CH6","14.713","min","129.750","μmol/L","Humid","24.831","deg","209998","µV","30.841","°C","1015.000","hPa","36.5","pmil","0","55.720","deg","20.000","°C","100.000","%a.s.","22.420","deg","20.000","°C","971.000","hPa","0.861","-0.02617","0.00035","0","0","13.56","Humid","56.77","1","57.00","369774.46","SABD0002000014","AAV2.0.0.13","3.0.1.1413","PSt7-10","180726-015","6/18/2019 6:14:49 AM","0000-00","0","no battery","V"
"06/28/2019","10:39:18","6","default","651713401","OXY_CH6","14.730","min","129.707","μmol/L","Humid","24.835","deg","210017","µV","30.841","°C","1015.000","hPa","36.5","pmil","0","55.720","deg","20.000","°C","100.000","%a.s.","22.420","deg","20.000","°C","971.000","hPa","0.861","-0.02617","0.00035","0","0","13.56","Humid","56.77","1","57.00","369778.24","SABD0002000014","AAV2.0.0.13","3.0.1.1413","PSt7-10","180726-015","6/18/2019 6:14:49 AM","0000-00","0","no battery","V"
"06/28/2019","10:39:19","6","default","651713401","OXY_CH6","14.746","min","129.754","μmol/L","Humid","24.833","deg","210070","µV","30.835","°C","1015.000","hPa","36.5","pmil","0","55.720","deg","20.000","°C","100.000","%a.s.","22.420","deg","20.000","°C","971.000","hPa","0.861","-0.02617","0.00035","0","0","13.56","Humid","56.77","1","57.00","369768.78","SABD0002000014","AAV2.0.0.13","3.0.1.1413","PSt7-10","180726-015","6/18/2019 6:14:49 AM","0000-00","0","no battery","V"
"06/28/2019","10:39:20","6","default","651713401","OXY_CH6","14.763","min","129.738","μmol/L","Humid","24.837","deg","210072","µV","30.829","°C","1015.000","hPa","36.5","pmil","0","55.720","deg","20.000","°C","100.000","%a.s.","22.420","deg","20.000","°C","971.000","hPa","0.861","-0.02617","0.00035","0","0","13.56","Humid","56.77","1","57.00","369770.10","SABD0002000014","AAV2.0.0.13","3.0.1.1413","PSt7-10","180726-015","6/18/2019 6:14:49 AM","0000-00","0","no battery","V"
"06/28/2019","10:39:21","6","default","651713401","OXY_CH6","14.780","min","129.701","μmol/L","Humid","24.838","deg","210091","µV","30.835","°C","1015.000","hPa","36.5","pmil","0","55.720","deg","20.000","°C","100.000","%a.s.","22.420","deg","20.000","°C","971.000","hPa","0.861","-0.02617","0.00035","0","0","13.56","Humid","56.77","1","57.00","369767.32","SABD0002000014","AAV2.0.0.13","3.0.1.1413","PSt7-10","180726-015","6/18/2019 6:14:49 AM","0000-00","0","no battery","V"
"06/28/2019","10:39:22","6","default","651713401","OXY_CH6","14.796","min","129.717","μmol/L","Humid","24.839","deg","210109","µV","30.829","°C","1015.000","hPa","36.5","pmil","0","55.720","deg","20.000","°C","100.000","%a.s.","22.420","deg","20.000","°C","971.000","hPa","0.861","-0.02617","0.00035","0","0","13.56","Humid","56.77","1","57.00","369778.17","SABD0002000014","AAV2.0.0.13","3.0.1.1413","PSt7-10","180726-015","6/18/2019 6:14:49 AM","0000-00","0","no battery","V"
"06/28/2019","10:39:23","6","default","651713401","OXY_CH6","14.813","min","129.654","μmol/L","Humid","24.840","deg","210108","µV","30.841","°C","1015.000","hPa","36.5","pmil","0","55.720","deg","20.000","°C","100.000","%a.s.","22.420","deg","20.000","°C","971.000","hPa","0.861","-0.02617","0.00035","0","0","13.56","Humid","56.77","1","57.00","369783.30","SABD0002000014","AAV2.0.0.13","3.0.1.1413","PSt7-10","180726-015","6/18/2019 6:14:49 AM","0000-00","0","no battery","V"
"06/28/2019","10:39:24","6","default","651713401","OXY_CH6","14.830","min","129.685","μmol/L","Humid","24.842","deg","210134","µV","30.829","°C","1015.000","hPa","36.5","pmil","0","55.720","deg","20.000","°C","100.000","%a.s.","22.420","deg","20.000","°C","971.000","hPa","0.861","-0.02617","0.00035","0","0","13.56","Humid","56.77","1","57.00","369790.10","SABD0002000014","AAV2.0.0.13","3.0.1.1413","PSt7-10","180726-015","6/18/2019 6:14:49 AM","0000-00","0","no battery","V"
"06/28/2019","10:39:25","6","default","651713401","OXY_CH6","14.846","min","129.648","μmol/L","Humid","24.843","deg","210140","µV","30.835","°C","1015.000","hPa","36.5","pmil","0","55.720","deg","20.000","°C","100.000","%a.s.","22.420","deg","20.000","°C","971.000","hPa","0.861","-0.02617","0.00035","0","0","13.56","Humid","56.77","1","57.00","369778.92","SABD0002000014","AAV2.0.0.13","3.0.1.1413","PSt7-10","180726-015","6/18/2019 6:14:49 AM","0000-00","0","no battery","V"
"06/28/2019","10:39:26","6","default","651713401","OXY_CH6","14.863","min","129.632","μmol/L","Humid","24.847","deg","210144","µV","30.829","°C","1015.000","hPa","36.5","pmil","0","55.720","deg","20.000","°C","100.000","%a.s.","22.420","deg","20.000","°C","971.000","hPa","0.861","-0.02617","0.00035","0","0","13.56","Humid","56.77","1","57.00","369764.15","SABD0002000014","AAV2.0.0.13","3.0.1.1413","PSt7-10","180726-015","6/18/2019 6:14:49 AM","0000-00","0","no battery","V"
"06/28/2019","10:39:27","6","default","651713401","OXY_CH6","14.880","min","129.606","μmol/L","Humid","24.847","deg","210163","µV","30.835","°C","1015.000","hPa","36.5","pmil","0","55.720","deg","20.000","°C","100.000","%a.s.","22.420","deg","20.000","°C","971.000","hPa","0.861","-0.02617","0.00035","0","0","13.56","Humid","56.77","1","57.00","369775.03","SABD0002000014","AAV2.0.0.13","3.0.1.1413","PSt7-10","180726-015","6/18/2019 6:14:49 AM","0000-00","0","no battery","V"
"06/28/2019","10:39:28","6","default","651713401","OXY_CH6","14.896","min","129.574","μmol/L","Humid","24.850","deg","210191","µV","30.835","°C","1015.000","hPa","36.5","pmil","0","55.720","deg","20.000","°C","100.000","%a.s.","22.420","deg","20.000","°C","971.000","hPa","0.861","-0.02617","0.00035","0","0","13.56","Humid","56.77","1","57.00","369775.65","SABD0002000014","AAV2.0.0.13","3.0.1.1413","PSt7-10","180726-015","6/18/2019 6:14:49 AM","0000-00","0","no battery","V"
"06/28/2019","10:39:29","6","default","651713401","OXY_CH6","14.913","min","129.537","μmol/L","Humid","24.851","deg","210243","µV","30.841","°C","1015.000","hPa","36.5","pmil","0","55.720","deg","20.000","°C","100.000","%a.s.","22.420","deg","20.000","°C","971.000","hPa","0.861","-0.02617","0.00035","0","0","13.56","Humid","56.77","1","57.00","369771.41","SABD0002000014","AAV2.0.0.13","3.0.1.1413","PSt7-10","180726-015","6/18/2019 6:14:49 AM","0000-00","0","no battery","V"
"06/28/2019","10:39:30","6","default","651713401","OXY_CH6","14.929","min","129.568","μmol/L","Humid","24.853","deg","210222","µV","30.829","°C","1015.000","hPa","36.5","pmil","0","55.720","deg","20.000","°C","100.000","%a.s.","22.420","deg","20.000","°C","971.000","hPa","0.861","-0.02617","0.00035","0","0","13.56","Humid","56.77","1","57.00","369782.44","SABD0002000014","AAV2.0.0.13","3.0.1.1413","PSt7-10","180726-015","6/18/2019 6:14:49 AM","0000-00","0","no battery","V"
"06/28/2019","10:39:31","6","default","651713401","OXY_CH6","14.946","min","129.510","μmol/L","Humid","24.856","deg","210231","µV","30.835","°C","1015.000","hPa","36.5","pmil","0","55.720","deg","20.000","°C","100.000","%a.s.","22.420","deg","20.000","°C","971.000","hPa","0.861","-0.02617","0.00035","0","0","13.56","Humid","56.77","1","57.00","369776.13","SABD0002000014","AAV2.0.0.13","3.0.1.1413","PSt7-10","180726-015","6/18/2019 6:14:49 AM","0000-00","0","no battery","V"
"06/28/2019","10:39:32","6","default","651713401","OXY_CH6","14.963","min","129.500","μmol/L","Humid","24.857","deg","210250","µV","30.835","°C","1015.000","hPa","36.5","pmil","0","55.720","deg","20.000","°C","100.000","%a.s.","22.420","deg","20.000","°C","971.000","hPa","0.861","-0.02617","0.00035","0","0","13.56","Humid","56.77","1","57.00","369780.91","SABD0002000014","AAV2.0.0.13","3.0.1.1413","PSt7-10","180726-015","6/18/2019 6:14:49 AM","0000-00","0","no battery","V"
"06/28/2019","10:39:33","6","default","651713401","OXY_CH6","14.980","min","129.474","μmol/L","Humid","24.857","deg","210262","µV","30.841","°C","1015.000","hPa","36.5","pmil","0","55.720","deg","20.000","°C","100.000","%a.s.","22.420","deg","20.000","°C","971.000","hPa","0.861","-0.02617","0.00035","0","0","13.56","Humid","56.77","1","57.00","369777.74","SABD0002000014","AAV2.0.0.13","3.0.1.1413","PSt7-10","180726-015","6/18/2019 6:14:49 AM","0000-00","0","no battery","V"
"06/28/2019","10:39:34","6","default","651713401","OXY_CH6","14.996","min","129.468","μmol/L","Humid","24.860","deg","210280","µV","30.835","°C","1015.000","hPa","36.5","pmil","0","55.720","deg","20.000","°C","100.000","%a.s.","22.420","deg","20.000","°C","971.000","hPa","0.861","-0.02617","0.00035","0","0","13.56","Humid","56.77","1","57.00","369777.33","SABD0002000014","AAV2.0.0.13","3.0.1.1413","PSt7-10","180726-015","6/18/2019 6:14:49 AM","0000-00","0","no battery","V"
"06/28/2019","10:39:35","6","default","651713401","OXY_CH6","15.013","min","129.457","μmol/L","Humid","24.861","deg","210284","µV","30.835","°C","1015.000","hPa","36.5","pmil","0","55.720","deg","20.000","°C","100.000","%a.s.","22.420","deg","20.000","°C","971.000","hPa","0.861","-0.02617","0.00035","0","0","13.56","Humid","56.77","1","57.00","369771.04","SABD0002000014","AAV2.0.0.13","3.0.1.1413","PSt7-10","180726-015","6/18/2019 6:14:49 AM","0000-00","0","no battery","V"
"06/28/2019","10:39:36","6","default","651713401","OXY_CH6","15.030","min","129.436","μmol/L","Humid","24.863","deg","210315","µV","30.835","°C","1015.000","hPa","36.5","pmil","0","55.720","deg","20.000","°C","100.000","%a.s.","22.420","deg","20.000","°C","971.000","hPa","0.861","-0.02617","0.00035","0","0","13.56","Humid","56.77","1","57.00","369771.87","SABD0002000014","AAV2.0.0.13","3.0.1.1413","PSt7-10","180726-015","6/18/2019 6:14:49 AM","0000-00","0","no battery","V"
"06/28/2019","10:39:37","6","default","651713401","OXY_CH6","15.046","min","129.425","μmol/L","Humid","24.864","deg","210314","µV","30.835","°C","1015.000","hPa","36.5","pmil","0","55.720","deg","20.000","°C","100.000","%a.s.","22.420","deg","20.000","°C","971.000","hPa","0.861","-0.02617","0.00035","0","0","13.56","Humid","56.77","1","57.00","369773.07","SABD0002000014","AAV2.0.0.13","3.0.1.1413","PSt7-10","180726-015","6/18/2019 6:14:49 AM","0000-00","0","no battery","V"
"06/28/2019","10:39:38","6","default","651713401","OXY_CH6","15.063","min","129.419","μmol/L","Humid","24.867","deg","210335","µV","30.829","°C","1015.000","hPa","36.5","pmil","0","55.720","deg","20.000","°C","100.000","%a.s.","22.420","deg","20.000","°C","971.000","hPa","0.861","-0.02617","0.00035","0","0","13.56","Humid","56.77","1","57.00","369769.78","SABD0002000014","AAV2.0.0.13","3.0.1.1413","PSt7-10","180726-015","6/18/2019 6:14:49 AM","0000-00","0","no battery","V"
"06/28/2019","10:39:39","6","default","651713401","OXY_CH6","15.080","min","129.404","μmol/L","Humid","24.866","deg","210348","µV","30.835","°C","1015.000","hPa","36.5","pmil","0","55.720","deg","20.000","°C","100.000","%a.s.","22.420","deg","20.000","°C","971.000","hPa","0.861","-0.02617","0.00035","0","0","13.56","Humid","56.77","1","57.00","369778.50","SABD0002000014","AAV2.0.0.13","3.0.1.1413","PSt7-10","180726-015","6/18/2019 6:14:49 AM","0000-00","0","no battery","V"
"06/28/2019","10:39:40","6","default","651713401","OXY_CH6","15.096","min","129.372","μmol/L","Humid","24.869","deg","210344","µV","30.835","°C","1015.000","hPa","36.5","pmil","0","55.720","deg","20.000","°C","100.000","%a.s.","22.420","deg","20.000","°C","971.000","hPa","0.861","-0.02617","0.00035","0","0","13.56","Humid","56.77","1","57.00","369760.01","SABD0002000014","AAV2.0.0.13","3.0.1.1413","PSt7-10","180726-015","6/18/2019 6:14:49 AM","0000-00","0","no battery","V"
"06/28/2019","10:39:41","6","default","651713401","OXY_CH6","15.113","min","129.341","μmol/L","Humid","24.872","deg","210368","µV","30.835","°C","1015.000","hPa","36.5","pmil","0","55.720","deg","20.000","°C","100.000","%a.s.","22.420","deg","20.000","°C","971.000","hPa","0.861","-0.02617","0.00035","0","0","13.56","Humid","56.77","1","57.00","369779.26","SABD0002000014","AAV2.0.0.13","3.0.1.1413","PSt7-10","180726-015","6/18/2019 6:14:49 AM","0000-00","0","no battery","V"
"06/28/2019","10:39:42","6","default","651713401","OXY_CH6","15.130","min","129.347","μmol/L","Humid","24.869","deg","210379","µV","30.841","°C","1015.000","hPa","36.5","pmil","0","55.720","deg","20.000","°C","100.000","%a.s.","22.420","deg","20.000","°C","971.000","hPa","0.861","-0.02617","0.00035","0","0","13.56","Humid","56.77","1","57.00","369786.20","SABD0002000014","AAV2.0.0.13","3.0.1.1413","PSt7-10","180726-015","6/18/2019 6:14:49 AM","0000-00","0","no battery","V"
"06/28/2019","10:39:43","6","default","651713401","OXY_CH6","15.146","min","129.315","μmol/L","Humid","24.872","deg","210402","µV","30.841","°C","1015.000","hPa","36.5","pmil","0","55.720","deg","20.000","°C","100.000","%a.s.","22.420","deg","20.000","°C","971.000","hPa","0.861","-0.02617","0.00035","0","0","13.56","Humid","56.77","1","57.00","369781.92","SABD0002000014","AAV2.0.0.13","3.0.1.1413","PSt7-10","180726-015","6/18/2019 6:14:49 AM","0000-00","0","no battery","V"
"06/28/2019","10:39:44","6","default","651713401","OXY_CH6","15.163","min","129.335","μmol/L","Humid","24.875","deg","210416","µV","30.829","°C","1015.000","hPa","36.5","pmil","0","55.720","deg","20.000","°C","100.000","%a.s.","22.420","deg","20.000","°C","971.000","hPa","0.861","-0.02617","0.00035","0","0","13.56","Humid","56.77","1","57.00","369772.54","SABD0002000014","AAV2.0.0.13","3.0.1.1413","PSt7-10","180726-015","6/18/2019 6:14:49 AM","0000-00","0","no battery","V"
"06/28/2019","10:39:45","6","default","651713401","OXY_CH6","15.180","min","129.277","μmol/L","Humid","24.878","deg","210437","µV","30.835","°C","1015.000","hPa","36.5","pmil","0","55.720","deg","20.000","°C","100.000","%a.s.","22.420","deg","20.000","°C","971.000","hPa","0.861","-0.02617","0.00035","0","0","13.56","Humid","56.77","1","57.00","369763.55","SABD0002000014","AAV2.0.0.13","3.0.1.1413","PSt7-10","180726-015","6/18/2019 6:14:49 AM","0000-00","0","no battery","V"
"06/28/2019","10:39:46","6","default","651713401","OXY_CH6","15.196","min","129.262","μmol/L","Humid","24.877","deg","210447","µV","30.841","°C","1015.000","hPa","36.5","pmil","0","55.720","deg","20.000","°C","100.000","%a.s.","22.420","deg","20.000","°C","971.000","hPa","0.861","-0.02617","0.00035","0","0","13.56","Humid","56.77","1","57.00","369768.24","SABD0002000014","AAV2.0.0.13","3.0.1.1413","PSt7-10","180726-015","6/18/2019 6:14:49 AM","0000-00","0","no battery","V"
"06/28/2019","10:39:47","6","default","651713401","OXY_CH6","15.213","min","129.220","μmol/L","Humid","24.881","deg","210446","µV","30.841","°C","1015.000","hPa","36.5","pmil","0","55.720","deg","20.000","°C","100.000","%a.s.","22.420","deg","20.000","°C","971.000","hPa","0.861","-0.02617","0.00035","0","0","13.56","Humid","56.77","1","57.00","369759.39","SABD0002000014","AAV2.0.0.13","3.0.1.1413","PSt7-10","180726-015","6/18/2019 6:14:49 AM","0000-00","0","no battery","V"
"06/28/2019","10:39:48","6","default","651713401","OXY_CH6","15.230","min","129.245","μmol/L","Humid","24.881","deg","210474","µV","30.835","°C","1015.000","hPa","36.5","pmil","0","55.720","deg","20.000","°C","100.000","%a.s.","22.420","deg","20.000","°C","971.000","hPa","0.861","-0.02617","0.00035","0","0","13.56","Humid","56.77","1","57.00","369771.17","SABD0002000014","AAV2.0.0.13","3.0.1.1413","PSt7-10","180726-015","6/18/2019 6:14:49 AM","0000-00","0","no battery","V"
"06/28/2019","10:39:49","6","default","651713401","OXY_CH6","15.247","min","129.209","μmol/L","Humid","24.882","deg","210500","µV","30.841","°C","1015.000","hPa","36.5","pmil","0","55.720","deg","20.000","°C","100.000","%a.s.","22.420","deg","20.000","°C","971.000","hPa","0.861","-0.02617","0.00035","0","0","13.56","Humid","56.77","1","57.00","369781.53","SABD0002000014","AAV2.0.0.13","3.0.1.1413","PSt7-10","180726-015","6/18/2019 6:14:49 AM","0000-00","0","no battery","V"
"06/28/2019","10:39:50","6","default","651713401","OXY_CH6","15.263","min","129.192","μmol/L","Humid","24.886","deg","210509","µV","30.835","°C","1015.000","hPa","36.5","pmil","0","55.720","deg","20.000","°C","100.000","%a.s.","22.420","deg","20.000","°C","971.000","hPa","0.861","-0.02617","0.00035","0","0","13.56","Humid","56.77","1","57.00","369778.56","SABD0002000014","AAV2.0.0.13","3.0.1.1413","PSt7-10","180726-015","6/18/2019 6:14:49 AM","0000-00","0","no battery","V"
"06/28/2019","10:39:51","6","default","651713401","OXY_CH6","15.280","min","129.167","μmol/L","Humid","24.886","deg","210532","µV","30.841","°C","1015.000","hPa","36.5","pmil","0","55.720","deg","20.000","°C","100.000","%a.s.","22.420","deg","20.000","°C","971.000","hPa","0.861","-0.02617","0.00035","0","0","13.56","Humid","56.77","1","57.00","369771.63","SABD0002000014","AAV2.0.0.13","3.0.1.1413","PSt7-10","180726-015","6/18/2019 6:14:49 AM","0000-00","0","no battery","V"
"06/28/2019","10:39:52","6","default","651713401","OXY_CH6","15.296","min","129.171","μmol/L","Humid","24.888","deg","210538","µV","30.835","°C","1015.000","hPa","36.5","pmil","0","55.720","deg","20.000","°C","100.000","%a.s.","22.420","deg","20.000","°C","971.000","hPa","0.861","-0.02617","0.00035","0","0","13.56","Humid","56.77","1","57.00","369767.98","SABD0002000014","AAV2.0.0.13","3.0.1.1413","PSt7-10","180726-015","6/18/2019 6:14:49 AM","0000-00","0","no battery","V"
"06/28/2019","10:39:53","6","default","651713401","OXY_CH6","15.312","min","129.135","μmol/L","Humid","24.889","deg","210549","µV","30.841","°C","1015.000","hPa","36.5","pmil","0","55.720","deg","20.000","°C","100.000","%a.s.","22.420","deg","20.000","°C","971.000","hPa","0.861","-0.02617","0.00035","0","0","13.56","Humid","56.77","1","57.00","369770.27","SABD0002000014","AAV2.0.0.13","3.0.1.1413","PSt7-10","180726-015","6/18/2019 6:14:49 AM","0000-00","0","no battery","V"
"06/28/2019","10:39:54","6","default","651713401","OXY_CH6","15.330","min","129.093","μmol/L","Humid","24.893","deg","210576","µV","30.841","°C","1015.000","hPa","36.5","pmil","0","55.720","deg","20.000","°C","100.000","%a.s.","22.420","deg","20.000","°C","971.000","hPa","0.861","-0.02617","0.00035","0","0","13.56","Humid","56.77","1","57.00","369773.40","SABD0002000014","AAV2.0.0.13","3.0.1.1413","PSt7-10","180726-015","6/18/2019 6:14:49 AM","0000-00","0","no battery","V"
"06/28/2019","10:39:55","6","default","651713401","OXY_CH6","15.346","min","129.108","μmol/L","Humid","24.894","deg","210574","µV","30.835","°C","1015.000","hPa","36.5","pmil","0","55.720","deg","20.000","°C","100.000","%a.s.","22.420","deg","20.000","°C","971.000","hPa","0.861","-0.02617","0.00035","0","0","13.56","Humid","56.77","1","57.00","369773.93","SABD0002000014","AAV2.0.0.13","3.0.1.1413","PSt7-10","180726-015","6/18/2019 6:14:49 AM","0000-00","0","no battery","V"
"06/28/2019","10:39:56","6","default","651713401","OXY_CH6","15.363","min","129.072","μmol/L","Humid","24.895","deg","210598","µV","30.841","°C","1015.000","hPa","36.5","pmil","0","55.720","deg","20.000","°C","100.000","%a.s.","22.420","deg","20.000","°C","971.000","hPa","0.861","-0.02617","0.00035","0","0","13.56","Humid","56.77","1","57.00","369774.00","SABD0002000014","AAV2.0.0.13","3.0.1.1413","PSt7-10","180726-015","6/18/2019 6:14:49 AM","0000-00","0","no battery","V"
"06/28/2019","10:39:57","6","default","651713401","OXY_CH6","15.380","min","129.097","μmol/L","Humid","24.895","deg","210624","µV","30.835","°C","1015.000","hPa","36.5","pmil","0","55.720","deg","20.000","°C","100.000","%a.s.","22.420","deg","20.000","°C","971.000","hPa","0.861","-0.02617","0.00035","0","0","13.56","Humid","56.77","1","57.00","369774.78","SABD0002000014","AAV2.0.0.13","3.0.1.1413","PSt7-10","180726-015","6/18/2019 6:14:49 AM","0000-00","0","no battery","V"
"06/28/2019","10:39:58","6","default","651713401","OXY_CH6","15.396","min","129.076","μmol/L","Humid","24.897","deg","210614","µV","30.835","°C","1015.000","hPa","36.5","pmil","0","55.720","deg","20.000","°C","100.000","%a.s.","22.420","deg","20.000","°C","971.000","hPa","0.861","-0.02617","0.00035","0","0","13.56","Humid","56.77","1","57.00","369762.86","SABD0002000014","AAV2.0.0.13","3.0.1.1413","PSt7-10","180726-015","6/18/2019 6:14:49 AM","0000-00","0","no battery","V"
"06/28/2019","10:39:59","6","default","651713401","OXY_CH6","15.413","min","129.044","μmol/L","Humid","24.900","deg","210654","µV","30.835","°C","1015.000","hPa","36.5","pmil","0","55.720","deg","20.000","°C","100.000","%a.s.","22.420","deg","20.000","°C","971.000","hPa","0.861","-0.02617","0.00035","0","0","13.56","Humid","56.77","1","57.00","369777.63","SABD0002000014","AAV2.0.0.13","3.0.1.1413","PSt7-10","180726-015","6/18/2019 6:14:49 AM","0000-00","0","no battery","V"
"06/28/2019","10:40:00","6","default","651713401","OXY_CH6","15.429","min","129.055","μmol/L","Humid","24.899","deg","210662","µV","30.835","°C","1015.000","hPa","36.5","pmil","0","55.720","deg","20.000","°C","100.000","%a.s.","22.420","deg","20.000","°C","971.000","hPa","0.861","-0.02617","0.00035","0","0","13.56","Humid","56.77","1","57.00","369762.08","SABD0002000014","AAV2.0.0.13","3.0.1.1413","PSt7-10","180726-015","6/18/2019 6:14:49 AM","0000-00","0","no battery","V"
"06/28/2019","10:40:01","6","default","651713401","OXY_CH6","15.446","min","129.023","μmol/L","Humid","24.902","deg","210676","µV","30.835","°C","1015.000","hPa","36.5","pmil","0","55.720","deg","20.000","°C","100.000","%a.s.","22.420","deg","20.000","°C","971.000","hPa","0.861","-0.02617","0.00035","0","0","13.56","Humid","56.77","1","57.00","369760.81","SABD0002000014","AAV2.0.0.13","3.0.1.1413","PSt7-10","180726-015","6/18/2019 6:14:49 AM","0000-00","0","no battery","V"
"06/28/2019","10:40:02","6","default","651713401","OXY_CH6","15.462","min","128.966","μmol/L","Humid","24.905","deg","210680","µV","30.841","°C","1015.000","hPa","36.5","pmil","0","55.720","deg","20.000","°C","100.000","%a.s.","22.420","deg","20.000","°C","971.000","hPa","0.861","-0.02617","0.00035","0","0","13.56","Humid","56.77","1","57.00","369756.17","SABD0002000014","AAV2.0.0.13","3.0.1.1413","PSt7-10","180726-015","6/18/2019 6:14:49 AM","0000-00","0","no battery","V"
"06/28/2019","10:40:03","6","default","651713401","OXY_CH6","15.479","min","128.955","μmol/L","Humid","24.906","deg","210700","µV","30.841","°C","1015.000","hPa","36.5","pmil","0","55.720","deg","20.000","°C","100.000","%a.s.","22.420","deg","20.000","°C","971.000","hPa","0.861","-0.02617","0.00035","0","0","13.56","Humid","56.77","1","57.00","369751.27","SABD0002000014","AAV2.0.0.13","3.0.1.1413","PSt7-10","180726-015","6/18/2019 6:14:49 AM","0000-00","0","no battery","V"
"06/28/2019","10:40:04","6","default","651713401","OXY_CH6","15.496","min","128.960","μmol/L","Humid","24.908","deg","210730","µV","30.835","°C","1015.000","hPa","36.5","pmil","0","55.720","deg","20.000","°C","100.000","%a.s.","22.420","deg","20.000","°C","971.000","hPa","0.861","-0.02617","0.00035","0","0","13.56","Humid","56.77","1","57.00","369757.25","SABD0002000014","AAV2.0.0.13","3.0.1.1413","PSt7-10","180726-015","6/18/2019 6:14:49 AM","0000-00","0","no battery","V"
"06/28/2019","10:40:05","6","default","651713401","OXY_CH6","15.513","min","128.960","μmol/L","Humid","24.908","deg","210733","µV","30.835","°C","1015.000","hPa","36.5","pmil","0","55.720","deg","20.000","°C","100.000","%a.s.","22.420","deg","20.000","°C","971.000","hPa","0.861","-0.02617","0.00035","0","0","13.56","Humid","56.77","1","57.00","369763.76","SABD0002000014","AAV2.0.0.13","3.0.1.1413","PSt7-10","180726-015","6/18/2019 6:14:49 AM","0000-00","0","no battery","V"
"06/28/2019","10:40:06","6","default","651713401","OXY_CH6","15.529","min","128.903","μmol/L","Humid","24.911","deg","210754","µV","30.841","°C","1015.000","hPa","36.5","pmil","0","55.720","deg","20.000","°C","100.000","%a.s.","22.420","deg","20.000","°C","971.000","hPa","0.861","-0.02617","0.00035","0","0","13.56","Humid","56.77","1","57.00","369760.75","SABD0002000014","AAV2.0.0.13","3.0.1.1413","PSt7-10","180726-015","6/18/2019 6:14:49 AM","0000-00","0","no battery","V"
"06/28/2019","10:40:07","6","default","651713401","OXY_CH6","15.546","min","128.907","μmol/L","Humid","24.913","deg","210774","µV","30.835","°C","1015.000","hPa","36.5","pmil","0","55.720","deg","20.000","°C","100.000","%a.s.","22.420","deg","20.000","°C","971.000","hPa","0.861","-0.02617","0.00035","0","0","13.56","Humid","56.77","1","57.00","369751.79","SABD0002000014","AAV2.0.0.13","3.0.1.1413","PSt7-10","180726-015","6/18/2019 6:14:49 AM","0000-00","0","no battery","V"
"06/28/2019","10:40:08","6","default","651713401","OXY_CH6","15.563","min","128.871","μmol/L","Humid","24.914","deg","210792","µV","30.841","°C","1015.000","hPa","36.5","pmil","0","55.720","deg","20.000","°C","100.000","%a.s.","22.420","deg","20.000","°C","971.000","hPa","0.861","-0.02617","0.00035","0","0","13.56","Humid","56.77","1","57.00","369772.83","SABD0002000014","AAV2.0.0.13","3.0.1.1413","PSt7-10","180726-015","6/18/2019 6:14:49 AM","0000-00","0","no battery","V"
"06/28/2019","10:40:09","6","default","651713401","OXY_CH6","15.579","min","128.861","μmol/L","Humid","24.915","deg","210807","µV","30.841","°C","1015.000","hPa","36.5","pmil","0","55.720","deg","20.000","°C","100.000","%a.s.","22.420","deg","20.000","°C","971.000","hPa","0.861","-0.02617","0.00035","0","0","13.56","Humid","56.77","1","57.00","369753.50","SABD0002000014","AAV2.0.0.13","3.0.1.1413","PSt7-10","180726-015","6/18/2019 6:14:49 AM","0000-00","0","no battery","V"
"06/28/2019","10:40:10","6","default","651713401","OXY_CH6","15.596","min","128.803","μmol/L","Humid","24.918","deg","210824","µV","30.847","°C","1015.000","hPa","36.5","pmil","0","55.720","deg","20.000","°C","100.000","%a.s.","22.420","deg","20.000","°C","971.000","hPa","0.861","-0.02617","0.00035","0","0","13.56","Humid","56.77","1","57.00","369767.23","SABD0002000014","AAV2.0.0.13","3.0.1.1413","PSt7-10","180726-015","6/18/2019 6:14:49 AM","0000-00","0","no battery","V"
"06/28/2019","10:40:11","6","default","651713401","OXY_CH6","15.612","min","128.808","μmol/L","Humid","24.920","deg","210831","µV","30.841","°C","1015.000","hPa","36.5","pmil","0","55.720","deg","20.000","°C","100.000","%a.s.","22.420","deg","20.000","°C","971.000","hPa","0.861","-0.02617","0.00035","0","0","13.56","Humid","56.77","1","57.00","369754.17","SABD0002000014","AAV2.0.0.13","3.0.1.1413","PSt7-10","180726-015","6/18/2019 6:14:49 AM","0000-00","0","no battery","V"
"06/28/2019","10:40:12","6","default","651713401","OXY_CH6","15.629","min","128.797","μmol/L","Humid","24.921","deg","210854","µV","30.841","°C","1015.000","hPa","36.5","pmil","0","55.720","deg","20.000","°C","100.000","%a.s.","22.420","deg","20.000","°C","971.000","hPa","0.861","-0.02617","0.00035","0","0","13.56","Humid","56.77","1","57.00","369765.94","SABD0002000014","AAV2.0.0.13","3.0.1.1413","PSt7-10","180726-015","6/18/2019 6:14:49 AM","0000-00","0","no battery","V"
"06/28/2019","10:40:13","6","default","651713401","OXY_CH6","15.646","min","128.812","μmol/L","Humid","24.922","deg","210868","µV","30.835","°C","1015.000","hPa","36.5","pmil","0","55.720","deg","20.000","°C","100.000","%a.s.","22.420","deg","20.000","°C","971.000","hPa","0.861","-0.02617","0.00035","0","0","13.56","Humid","56.77","1","57.00","369759.68","SABD0002000014","AAV2.0.0.13","3.0.1.1413","PSt7-10","180726-015","6/18/2019 6:14:49 AM","0000-00","0","no battery","V"
"06/28/2019","10:40:14","6","default","651713401","OXY_CH6","15.662","min","128.791","μmol/L","Humid","24.924","deg","210866","µV","30.835","°C","1015.000","hPa","36.5","pmil","0","55.720","deg","20.000","°C","100.000","%a.s.","22.420","deg","20.000","°C","971.000","hPa","0.861","-0.02617","0.00035","0","0","13.56","Humid","56.77","1","57.00","369750.07","SABD0002000014","AAV2.0.0.13","3.0.1.1413","PSt7-10","180726-015","6/18/2019 6:14:49 AM","0000-00","0","no battery","V"
"06/28/2019","10:40:15","6","default","651713401","OXY_CH6","15.679","min","128.719","μmol/L","Humid","24.926","deg","210882","µV","30.847","°C","1015.000","hPa","36.5","pmil","0","55.720","deg","20.000","°C","100.000","%a.s.","22.420","deg","20.000","°C","971.000","hPa","0.861","-0.02617","0.00035","0","0","13.56","Humid","56.77","1","57.00","369769.59","SABD0002000014","AAV2.0.0.13","3.0.1.1413","PSt7-10","180726-015","6/18/2019 6:14:49 AM","0000-00","0","no battery","V"
"06/28/2019","10:40:16","6","default","651713401","OXY_CH6","15.696","min","128.708","μmol/L","Humid","24.927","deg","210902","µV","30.847","°C","1015.000","hPa","36.5","pmil","0","55.720","deg","20.000","°C","100.000","%a.s.","22.420","deg","20.000","°C","971.000","hPa","0.861","-0.02617","0.00035","0","0","13.56","Humid","56.77","1","57.00","369766.05","SABD0002000014","AAV2.0.0.13","3.0.1.1413","PSt7-10","180726-015","6/18/2019 6:14:49 AM","0000-00","0","no battery","V"
"06/28/2019","10:40:17","6","default","651713401","OXY_CH6","15.713","min","128.734","μmol/L","Humid","24.927","deg","210905","µV","30.841","°C","1015.000","hPa","36.5","pmil","0","55.720","deg","20.000","°C","100.000","%a.s.","22.420","deg","20.000","°C","971.000","hPa","0.861","-0.02617","0.00035","0","0","13.56","Humid","56.77","1","57.00","369751.48","SABD0002000014","AAV2.0.0.13","3.0.1.1413","PSt7-10","180726-015","6/18/2019 6:14:49 AM","0000-00","0","no battery","V"
"06/28/2019","10:40:18","6","default","651713401","OXY_CH6","15.729","min","128.692","μmol/L","Humid","24.931","deg","210925","µV","30.841","°C","1015.000","hPa","36.5","pmil","0","55.720","deg","20.000","°C","100.000","%a.s.","22.420","deg","20.000","°C","971.000","hPa","0.861","-0.02617","0.00035","0","0","13.56","Humid","56.77","1","57.00","369762.43","SABD0002000014","AAV2.0.0.13","3.0.1.1413","PSt7-10","180726-015","6/18/2019 6:14:49 AM","0000-00","0","no battery","V"
"06/28/2019","10:40:19","6","default","651713401","OXY_CH6","15.746","min","128.692","μmol/L","Humid","24.931","deg","210946","µV","30.841","°C","1015.000","hPa","36.5","pmil","0","55.720","deg","20.000","°C","100.000","%a.s.","22.420","deg","20.000","°C","971.000","hPa","0.861","-0.02617","0.00035","0","0","13.56","Humid","56.77","1","57.00","369758.95","SABD0002000014","AAV2.0.0.13","3.0.1.1413","PSt7-10","180726-015","6/18/2019 6:14:49 AM","0000-00","0","no battery","V"
"06/28/2019","10:40:20","6","default","651713401","OXY_CH6","15.762","min","128.681","μmol/L","Humid","24.932","deg","210956","µV","30.841","°C","1015.000","hPa","36.5","pmil","0","55.720","deg","20.000","°C","100.000","%a.s.","22.420","deg","20.000","°C","971.000","hPa","0.861","-0.02617","0.00035","0","0","13.56","Humid","56.77","1","57.00","369750.28","SABD0002000014","AAV2.0.0.13","3.0.1.1413","PSt7-10","180726-015","6/18/2019 6:14:49 AM","0000-00","0","no battery","V"
"06/28/2019","10:40:21","6","default","651713401","OXY_CH6","15.779","min","128.639","μmol/L","Humid","24.936","deg","210974","µV","30.841","°C","1015.000","hPa","36.5","pmil","0","55.720","deg","20.000","°C","100.000","%a.s.","22.420","deg","20.000","°C","971.000","hPa","0.861","-0.02617","0.00035","0","0","13.56","Humid","56.77","1","57.00","369755.53","SABD0002000014","AAV2.0.0.13","3.0.1.1413","PSt7-10","180726-015","6/18/2019 6:14:49 AM","0000-00","0","no battery","V"
"06/28/2019","10:40:22","6","default","651713401","OXY_CH6","15.796","min","128.593","μmol/L","Humid","24.938","deg","211001","µV","30.847","°C","1015.000","hPa","36.5","pmil","0","55.720","deg","20.000","°C","100.000","%a.s.","22.420","deg","20.000","°C","971.000","hPa","0.861","-0.02617","0.00035","0","0","13.56","Humid","56.77","1","57.00","369758.75","SABD0002000014","AAV2.0.0.13","3.0.1.1413","PSt7-10","180726-015","6/18/2019 6:14:49 AM","0000-00","0","no battery","V"
"06/28/2019","10:40:23","6","default","651713401","OXY_CH6","15.813","min","128.546","μmol/L","Humid","24.940","deg","211029","µV","30.854","°C","1015.000","hPa","36.5","pmil","0","55.720","deg","20.000","°C","100.000","%a.s.","22.420","deg","20.000","°C","971.000","hPa","0.861","-0.02617","0.00035","0","0","13.56","Humid","56.77","1","57.00","369779.23","SABD0002000014","AAV2.0.0.13","3.0.1.1413","PSt7-10","180726-015","6/18/2019 6:14:49 AM","0000-00","0","no battery","V"
"06/28/2019","10:40:24","6","default","651713401","OXY_CH6","15.829","min","128.536","μmol/L","Humid","24.941","deg","211029","µV","30.854","°C","1015.000","hPa","36.5","pmil","0","55.720","deg","20.000","°C","100.000","%a.s.","22.420","deg","20.000","°C","971.000","hPa","0.861","-0.02617","0.00035","0","0","13.56","Humid","56.77","1","57.00","369756.81","SABD0002000014","AAV2.0.0.13","3.0.1.1413","PSt7-10","180726-015","6/18/2019 6:14:49 AM","0000-00","0","no battery","V"
"06/28/2019","10:40:25","6","default","651713401","OXY_CH6","15.846","min","128.519","μmol/L","Humid","24.945","deg","211060","µV","30.847","°C","1015.000","hPa","36.5","pmil","0","55.720","deg","20.000","°C","100.000","%a.s.","22.420","deg","20.000","°C","971.000","hPa","0.861","-0.02617","0.00035","0","0","13.56","Humid","56.77","1","57.00","369753.91","SABD0002000014","AAV2.0.0.13","3.0.1.1413","PSt7-10","180726-015","6/18/2019 6:14:49 AM","0000-00","0","no battery","V"
"06/28/2019","10:40:26","6","default","651713401","OXY_CH6","15.862","min","128.551","μmol/L","Humid","24.942","deg","211071","µV","30.847","°C","1015.000","hPa","36.5","pmil","0","55.720","deg","20.000","°C","100.000","%a.s.","22.420","deg","20.000","°C","971.000","hPa","0.861","-0.02617","0.00035","0","0","13.56","Humid","56.77","1","57.00","369755.83","SABD0002000014","AAV2.0.0.13","3.0.1.1413","PSt7-10","180726-015","6/18/2019 6:14:49 AM","0000-00","0","no battery","V"
"06/28/2019","10:40:27","6","default","651713401","OXY_CH6","15.879","min","128.555","μmol/L","Humid","24.944","deg","211092","µV","30.841","°C","1015.000","hPa","36.5","pmil","0","55.720","deg","20.000","°C","100.000","%a.s.","22.420","deg","20.000","°C","971.000","hPa","0.861","-0.02617","0.00035","0","0","13.56","Humid","56.77","1","57.00","369746.66","SABD0002000014","AAV2.0.0.13","3.0.1.1413","PSt7-10","180726-015","6/18/2019 6:14:49 AM","0000-00","0","no battery","V"
"06/28/2019","10:40:28","6","default","651713401","OXY_CH6","15.896","min","128.498","μmol/L","Humid","24.947","deg","211107","µV","30.847","°C","1015.000","hPa","36.5","pmil","0","55.720","deg","20.000","°C","100.000","%a.s.","22.420","deg","20.000","°C","971.000","hPa","0.861","-0.02617","0.00035","0","0","13.56","Humid","56.77","1","57.00","369758.11","SABD0002000014","AAV2.0.0.13","3.0.1.1413","PSt7-10","180726-015","6/18/2019 6:14:49 AM","0000-00","0","no battery","V"
"06/28/2019","10:40:29","6","default","651713401","OXY_CH6","15.913","min","128.513","μmol/L","Humid","24.948","deg","211122","µV","30.841","°C","1015.000","hPa","36.5","pmil","0","55.720","deg","20.000","°C","100.000","%a.s.","22.420","deg","20.000","°C","971.000","hPa","0.861","-0.02617","0.00035","0","0","13.56","Humid","56.77","1","57.00","369755.83","SABD0002000014","AAV2.0.0.13","3.0.1.1413","PSt7-10","180726-015","6/18/2019 6:14:49 AM","0000-00","0","no battery","V"
"06/28/2019","10:40:30","6","default","651713401","OXY_CH6","15.929","min","128.456","μmol/L","Humid","24.951","deg","211141","µV","30.847","°C","1015.000","hPa","36.5","pmil","0","55.720","deg","20.000","°C","100.000","%a.s.","22.420","deg","20.000","°C","971.000","hPa","0.861","-0.02617","0.00035","0","0","13.56","Humid","56.77","1","57.00","369747.53","SABD0002000014","AAV2.0.0.13","3.0.1.1413","PSt7-10","180726-015","6/18/2019 6:14:49 AM","0000-00","0","no battery","V"
"06/28/2019","10:40:31","6","default","651713401","OXY_CH6","15.946","min","128.467","μmol/L","Humid","24.950","deg","211154","µV","30.847","°C","1015.000","hPa","36.5","pmil","0","55.720","deg","20.000","°C","100.000","%a.s.","22.420","deg","20.000","°C","971.000","hPa","0.861","-0.02617","0.00035","0","0","13.56","Humid","56.77","1","57.00","369751.08","SABD0002000014","AAV2.0.0.13","3.0.1.1413","PSt7-10","180726-015","6/18/2019 6:14:49 AM","0000-00","0","no battery","V"
"06/28/2019","10:40:32","6","default","651713401","OXY_CH6","15.963","min","128.461","μmol/L","Humid","24.953","deg","211160","µV","30.841","°C","1015.000","hPa","36.5","pmil","0","55.720","deg","20.000","°C","100.000","%a.s.","22.420","deg","20.000","°C","971.000","hPa","0.861","-0.02617","0.00035","0","0","13.56","Humid","56.77","1","57.00","369759.44","SABD0002000014","AAV2.0.0.13","3.0.1.1413","PSt7-10","180726-015","6/18/2019 6:14:49 AM","0000-00","0","no battery","V"
"06/28/2019","10:40:33","6","default","651713401","OXY_CH6","15.979","min","128.440","μmol/L","Humid","24.955","deg","211169","µV","30.841","°C","1015.000","hPa","36.5","pmil","0","55.720","deg","20.000","°C","100.000","%a.s.","22.420","deg","20.000","°C","971.000","hPa","0.861","-0.02617","0.00035","0","0","13.56","Humid","56.77","1","57.00","369731.73","SABD0002000014","AAV2.0.0.13","3.0.1.1413","PSt7-10","180726-015","6/18/2019 6:14:49 AM","0000-00","0","no battery","V"
"06/28/2019","10:40:34","6","default","651713401","OXY_CH6","15.996","min","128.403","μmol/L","Humid","24.956","deg","211188","µV","30.847","°C","1015.000","hPa","36.5","pmil","0","55.720","deg","20.000","°C","100.000","%a.s.","22.420","deg","20.000","°C","971.000","hPa","0.861","-0.02617","0.00035","0","0","13.56","Humid","56.77","1","57.00","369734.32","SABD0002000014","AAV2.0.0.13","3.0.1.1413","PSt7-10","180726-015","6/18/2019 6:14:49 AM","0000-00","0","no battery","V"
"06/28/2019","10:40:35","6","default","651713401","OXY_CH6","16.012","min","128.357","μmol/L","Humid","24.958","deg","211185","µV","30.854","°C","1015.000","hPa","36.5","pmil","0","55.720","deg","20.000","°C","100.000","%a.s.","22.420","deg","20.000","°C","971.000","hPa","0.861","-0.02617","0.00035","0","0","13.56","Humid","56.77","1","57.00","369732.36","SABD0002000014","AAV2.0.0.13","3.0.1.1413","PSt7-10","180726-015","6/18/2019 6:14:49 AM","0000-00","0","no battery","V"
"06/28/2019","10:40:36","6","default","651713401","OXY_CH6","16.029","min","128.366","μmol/L","Humid","24.962","deg","211220","µV","30.841","°C","1015.000","hPa","36.5","pmil","0","55.720","deg","20.000","°C","100.000","%a.s.","22.420","deg","20.000","°C","971.000","hPa","0.861","-0.02617","0.00035","0","0","13.56","Humid","56.77","1","57.00","369753.25","SABD0002000014","AAV2.0.0.13","3.0.1.1413","PSt7-10","180726-015","6/18/2019 6:14:49 AM","0000-00","0","no battery","V"
"06/28/2019","10:40:37","6","default","651713401","OXY_CH6","16.046","min","128.351","μmol/L","Humid","24.961","deg","211237","µV","30.847","°C","1015.000","hPa","36.5","pmil","0","55.720","deg","20.000","°C","100.000","%a.s.","22.420","deg","20.000","°C","971.000","hPa","0.861","-0.02617","0.00035","0","0","13.56","Humid","56.77","1","57.00","369738.09","SABD0002000014","AAV2.0.0.13","3.0.1.1413","PSt7-10","180726-015","6/18/2019 6:14:49 AM","0000-00","0","no battery","V"
"06/28/2019","10:40:38","6","default","651713401","OXY_CH6","16.063","min","128.330","μmol/L","Humid","24.963","deg","211254","µV","30.847","°C","1015.000","hPa","36.5","pmil","0","55.720","deg","20.000","°C","100.000","%a.s.","22.420","deg","20.000","°C","971.000","hPa","0.861","-0.02617","0.00035","0","0","13.56","Humid","56.77","1","57.00","369746.20","SABD0002000014","AAV2.0.0.13","3.0.1.1413","PSt7-10","180726-015","6/18/2019 6:14:49 AM","0000-00","0","no battery","V"
"06/28/2019","10:40:39","6","default","651713401","OXY_CH6","16.080","min","128.324","μmol/L","Humid","24.966","deg","211281","µV","30.841","°C","1015.000","hPa","36.5","pmil","0","55.720","deg","20.000","°C","100.000","%a.s.","22.420","deg","20.000","°C","971.000","hPa","0.861","-0.02617","0.00035","0","0","13.56","Humid","56.77","1","57.00","369745.76","SABD0002000014","AAV2.0.0.13","3.0.1.1413","PSt7-10","180726-015","6/18/2019 6:14:49 AM","0000-00","0","no battery","V"
"06/28/2019","10:40:40","6","default","651713401","OXY_CH6","16.097","min","128.278","μmol/L","Humid","24.968","deg","211292","µV","30.847","°C","1015.000","hPa","36.5","pmil","0","55.720","deg","20.000","°C","100.000","%a.s.","22.420","deg","20.000","°C","971.000","hPa","0.861","-0.02617","0.00035","0","0","13.56","Humid","56.77","1","57.00","369735.89","SABD0002000014","AAV2.0.0.13","3.0.1.1413","PSt7-10","180726-015","6/18/2019 6:14:49 AM","0000-00","0","no battery","V"
"06/28/2019","10:40:41","6","default","651713401","OXY_CH6","16.113","min","128.257","μmol/L","Humid","24.970","deg","211300","µV","30.847","°C","1015.000","hPa","36.5","pmil","0","55.720","deg","20.000","°C","100.000","%a.s.","22.420","deg","20.000","°C","971.000","hPa","0.861","-0.02617","0.00035","0","0","13.56","Humid","56.77","1","57.00","369731.88","SABD0002000014","AAV2.0.0.13","3.0.1.1413","PSt7-10","180726-015","6/18/2019 6:14:49 AM","0000-00","0","no battery","V"
"06/28/2019","10:40:42","6","default","651713401","OXY_CH6","16.130","min","128.272","μmol/L","Humid","24.971","deg","211333","µV","30.841","°C","1015.000","hPa","36.5","pmil","0","55.720","deg","20.000","°C","100.000","%a.s.","22.420","deg","20.000","°C","971.000","hPa","0.861","-0.02617","0.00035","0","0","13.56","Humid","56.77","1","57.00","369747.15","SABD0002000014","AAV2.0.0.13","3.0.1.1413","PSt7-10","180726-015","6/18/2019 6:14:49 AM","0000-00","0","no battery","V"
"06/28/2019","10:40:43","6","default","651713401","OXY_CH6","16.146","min","128.261","μmol/L","Humid","24.972","deg","211349","µV","30.841","°C","1015.000","hPa","36.5","pmil","0","55.720","deg","20.000","°C","100.000","%a.s.","22.420","deg","20.000","°C","971.000","hPa","0.861","-0.02617","0.00035","0","0","13.56","Humid","56.77","1","57.00","369755.49","SABD0002000014","AAV2.0.0.13","3.0.1.1413","PSt7-10","180726-015","6/18/2019 6:14:49 AM","0000-00","0","no battery","V"
"06/28/2019","10:40:44","6","default","651713401","OXY_CH6","16.162","min","128.210","μmol/L","Humid","24.972","deg","211360","µV","30.854","°C","1015.000","hPa","36.5","pmil","0","55.720","deg","20.000","°C","100.000","%a.s.","22.420","deg","20.000","°C","971.000","hPa","0.861","-0.02617","0.00035","0","0","13.56","Humid","56.77","1","57.00","369730.76","SABD0002000014","AAV2.0.0.13","3.0.1.1413","PSt7-10","180726-015","6/18/2019 6:14:49 AM","0000-00","0","no battery","V"
"06/28/2019","10:40:45","6","default","651713401","OXY_CH6","16.179","min","128.204","μmol/L","Humid","24.975","deg","211377","µV","30.847","°C","1015.000","hPa","36.5","pmil","0","55.720","deg","20.000","°C","100.000","%a.s.","22.420","deg","20.000","°C","971.000","hPa","0.861","-0.02617","0.00035","0","0","13.56","Humid","56.77","1","57.00","369756.97","SABD0002000014","AAV2.0.0.13","3.0.1.1413","PSt7-10","180726-015","6/18/2019 6:14:49 AM","0000-00","0","no battery","V"
"06/28/2019","10:40:46","6","default","651713401","OXY_CH6","16.196","min","128.183","μmol/L","Humid","24.977","deg","211396","µV","30.847","°C","1015.000","hPa","36.5","pmil","0","55.720","deg","20.000","°C","100.000","%a.s.","22.420","deg","20.000","°C","971.000","hPa","0.861","-0.02617","0.00035","0","0","13.56","Humid","56.77","1","57.00","369743.90","SABD0002000014","AAV2.0.0.13","3.0.1.1413","PSt7-10","180726-015","6/18/2019 6:14:49 AM","0000-00","0","no battery","V"
"06/28/2019","10:40:47","6","default","651713401","OXY_CH6","16.213","min","128.152","μmol/L","Humid","24.980","deg","211407","µV","30.847","°C","1015.000","hPa","36.5","pmil","0","55.720","deg","20.000","°C","100.000","%a.s.","22.420","deg","20.000","°C","971.000","hPa","0.861","-0.02617","0.00035","0","0","13.56","Humid","56.77","1","57.00","369736.02","SABD0002000014","AAV2.0.0.13","3.0.1.1413","PSt7-10","180726-015","6/18/2019 6:14:49 AM","0000-00","0","no battery","V"
"06/28/2019","10:40:48","6","default","651713401","OXY_CH6","16.230","min","128.126","μmol/L","Humid","24.980","deg","211431","µV","30.854","°C","1015.000","hPa","36.5","pmil","0","55.720","deg","20.000","°C","100.000","%a.s.","22.420","deg","20.000","°C","971.000","hPa","0.861","-0.02617","0.00035","0","0","13.56","Humid","56.77","1","57.00","369742.92","SABD0002000014","AAV2.0.0.13","3.0.1.1413","PSt7-10","180726-015","6/18/2019 6:14:49 AM","0000-00","0","no battery","V"
"06/28/2019","10:40:49","6","default","651713401","OXY_CH6","16.247","min","128.120","μmol/L","Humid","24.983","deg","211439","µV","30.847","°C","1015.000","hPa","36.5","pmil","0","55.720","deg","20.000","°C","100.000","%a.s.","22.420","deg","20.000","°C","971.000","hPa","0.861","-0.02617","0.00035","0","0","13.56","Humid","56.77","1","57.00","369740.10","SABD0002000014","AAV2.0.0.13","3.0.1.1413","PSt7-10","180726-015","6/18/2019 6:14:49 AM","0000-00","0","no battery","V"
"06/28/2019","10:40:50","6","default","651713401","OXY_CH6","16.263","min","128.099","μmol/L","Humid","24.985","deg","211459","µV","30.847","°C","1015.000","hPa","36.5","pmil","0","55.720","deg","20.000","°C","100.000","%a.s.","22.420","deg","20.000","°C","971.000","hPa","0.861","-0.02617","0.00035","0","0","13.56","Humid","56.77","1","57.00","369745.00","SABD0002000014","AAV2.0.0.13","3.0.1.1413","PSt7-10","180726-015","6/18/2019 6:14:49 AM","0000-00","0","no battery","V"
"06/28/2019","10:40:51","6","default","651713401","OXY_CH6","16.280","min","128.063","μmol/L","Humid","24.986","deg","211473","µV","30.854","°C","1015.000","hPa","36.5","pmil","0","55.720","deg","20.000","°C","100.000","%a.s.","22.420","deg","20.000","°C","971.000","hPa","0.861","-0.02617","0.00035","0","0","13.56","Humid","56.77","1","57.00","369753.80","SABD0002000014","AAV2.0.0.13","3.0.1.1413","PSt7-10","180726-015","6/18/2019 6:14:49 AM","0000-00","0","no battery","V"
"06/28/2019","10:40:52","6","default","651713401","OXY_CH6","16.296","min","128.053","μmol/L","Humid","24.987","deg","211479","µV","30.854","°C","1015.000","hPa","36.5","pmil","0","55.720","deg","20.000","°C","100.000","%a.s.","22.420","deg","20.000","°C","971.000","hPa","0.861","-0.02617","0.00035","0","0","13.56","Humid","56.77","1","57.00","369763.41","SABD0002000014","AAV2.0.0.13","3.0.1.1413","PSt7-10","180726-015","6/18/2019 6:14:49 AM","0000-00","0","no battery","V"
"06/28/2019","10:40:53","6","default","651713401","OXY_CH6","16.313","min","128.083","μmol/L","Humid","24.989","deg","211486","µV","30.841","°C","1015.000","hPa","36.5","pmil","0","55.720","deg","20.000","°C","100.000","%a.s.","22.420","deg","20.000","°C","971.000","hPa","0.861","-0.02617","0.00035","0","0","13.56","Humid","56.77","1","57.00","369726.15","SABD0002000014","AAV2.0.0.13","3.0.1.1413","PSt7-10","180726-015","6/18/2019 6:14:49 AM","0000-00","0","no battery","V"
"06/28/2019","10:40:54","6","default","651713401","OXY_CH6","16.330","min","128.052","μmol/L","Humid","24.992","deg","211513","µV","30.841","°C","1015.000","hPa","36.5","pmil","0","55.720","deg","20.000","°C","100.000","%a.s.","22.420","deg","20.000","°C","971.000","hPa","0.861","-0.02617","0.00035","0","0","13.56","Humid","56.77","1","57.00","369727.59","SABD0002000014","AAV2.0.0.13","3.0.1.1413","PSt7-10","180726-015","6/18/2019 6:14:49 AM","0000-00","0","no battery","V"
"06/28/2019","10:40:55","6","default","651713401","OXY_CH6","16.347","min","128.016","μmol/L","Humid","24.993","deg","211537","µV","30.847","°C","1015.000","hPa","36.5","pmil","0","55.720","deg","20.000","°C","100.000","%a.s.","22.420","deg","20.000","°C","971.000","hPa","0.861","-0.02617","0.00035","0","0","13.56","Humid","56.77","1","57.00","369743.43","SABD0002000014","AAV2.0.0.13","3.0.1.1413","PSt7-10","180726-015","6/18/2019 6:14:49 AM","0000-00","0","no battery","V"
"06/28/2019","10:40:56","6","default","651713401","OXY_CH6","16.363","min","128.016","μmol/L","Humid","24.993","deg","211547","µV","30.847","°C","1015.000","hPa","36.5","pmil","0","55.720","deg","20.000","°C","100.000","%a.s.","22.420","deg","20.000","°C","971.000","hPa","0.861","-0.02617","0.00035","0","0","13.56","Humid","56.77","1","57.00","369728.23","SABD0002000014","AAV2.0.0.13","3.0.1.1413","PSt7-10","180726-015","6/18/2019 6:14:49 AM","0000-00","0","no battery","V"
"06/28/2019","10:40:57","6","default","651713401","OXY_CH6","16.380","min","127.995","μmol/L","Humid","24.995","deg","211566","µV","30.847","°C","1015.000","hPa","36.5","pmil","0","55.720","deg","20.000","°C","100.000","%a.s.","22.420","deg","20.000","°C","971.000","hPa","0.861","-0.02617","0.00035","0","0","13.56","Humid","56.77","1","57.00","369737.52","SABD0002000014","AAV2.0.0.13","3.0.1.1413","PSt7-10","180726-015","6/18/2019 6:14:49 AM","0000-00","0","no battery","V"
"06/28/2019","10:40:58","6","default","651713401","OXY_CH6","16.396","min","127.974","μmol/L","Humid","24.997","deg","211573","µV","30.847","°C","1015.000","hPa","36.5","pmil","0","55.720","deg","20.000","°C","100.000","%a.s.","22.420","deg","20.000","°C","971.000","hPa","0.861","-0.02617","0.00035","0","0","13.56","Humid","56.77","1","57.00","369737.65","SABD0002000014","AAV2.0.0.13","3.0.1.1413","PSt7-10","180726-015","6/18/2019 6:14:49 AM","0000-00","0","no battery","V"
"06/28/2019","10:40:59","6","default","651713401","OXY_CH6","16.413","min","127.963","μmol/L","Humid","24.998","deg","211611","µV","30.847","°C","1015.000","hPa","36.5","pmil","0","55.720","deg","20.000","°C","100.000","%a.s.","22.420","deg","20.000","°C","971.000","hPa","0.861","-0.02617","0.00035","0","0","13.56","Humid","56.77","1","57.00","369745.63","SABD0002000014","AAV2.0.0.13","3.0.1.1413","PSt7-10","180726-015","6/18/2019 6:14:49 AM","0000-00","0","no battery","V"
"06/28/2019","10:41:00","6","default","651713401","OXY_CH6","16.430","min","127.932","μmol/L","Humid","25.001","deg","211626","µV","30.847","°C","1015.000","hPa","36.5","pmil","0","55.720","deg","20.000","°C","100.000","%a.s.","22.420","deg","20.000","°C","971.000","hPa","0.861","-0.02617","0.00035","0","0","13.56","Humid","56.77","1","57.00","369739.59","SABD0002000014","AAV2.0.0.13","3.0.1.1413","PSt7-10","180726-015","6/18/2019 6:14:49 AM","0000-00","0","no battery","V"
"06/28/2019","10:41:01","6","default","651713401","OXY_CH6","16.446","min","127.901","μmol/L","Humid","25.004","deg","211643","µV","30.847","°C","1015.000","hPa","36.5","pmil","0","55.720","deg","20.000","°C","100.000","%a.s.","22.420","deg","20.000","°C","971.000","hPa","0.861","-0.02617","0.00035","0","0","13.56","Humid","56.77","1","57.00","369727.99","SABD0002000014","AAV2.0.0.13","3.0.1.1413","PSt7-10","180726-015","6/18/2019 6:14:49 AM","0000-00","0","no battery","V"
"06/28/2019","10:41:02","6","default","651713401","OXY_CH6","16.463","min","127.890","μmol/L","Humid","25.005","deg","211665","µV","30.847","°C","1015.000","hPa","36.5","pmil","0","55.720","deg","20.000","°C","100.000","%a.s.","22.420","deg","20.000","°C","971.000","hPa","0.861","-0.02617","0.00035","0","0","13.56","Humid","56.77","1","57.00","369732.56","SABD0002000014","AAV2.0.0.13","3.0.1.1413","PSt7-10","180726-015","6/18/2019 6:14:49 AM","0000-00","0","no battery","V"
"06/28/2019","10:41:03","6","default","651713401","OXY_CH6","16.480","min","127.880","μmol/L","Humid","25.006","deg","211686","µV","30.847","°C","1015.000","hPa","36.5","pmil","0","55.720","deg","20.000","°C","100.000","%a.s.","22.420","deg","20.000","°C","971.000","hPa","0.861","-0.02617","0.00035","0","0","13.56","Humid","56.77","1","57.00","369731.20","SABD0002000014","AAV2.0.0.13","3.0.1.1413","PSt7-10","180726-015","6/18/2019 6:14:49 AM","0000-00","0","no battery","V"
"06/28/2019","10:41:04","6","default","651713401","OXY_CH6","16.496","min","127.859","μmol/L","Humid","25.008","deg","211699","µV","30.847","°C","1015.000","hPa","36.5","pmil","0","55.720","deg","20.000","°C","100.000","%a.s.","22.420","deg","20.000","°C","971.000","hPa","0.861","-0.02617","0.00035","0","0","13.56","Humid","56.77","1","57.00","369726.48","SABD0002000014","AAV2.0.0.13","3.0.1.1413","PSt7-10","180726-015","6/18/2019 6:14:49 AM","0000-00","0","no battery","V"
"06/28/2019","10:41:05","6","default","651713401","OXY_CH6","16.513","min","127.823","μmol/L","Humid","25.009","deg","211725","µV","30.854","°C","1015.000","hPa","36.5","pmil","0","55.720","deg","20.000","°C","100.000","%a.s.","22.420","deg","20.000","°C","971.000","hPa","0.861","-0.02617","0.00035","0","0","13.56","Humid","56.77","1","57.00","369742.41","SABD0002000014","AAV2.0.0.13","3.0.1.1413","PSt7-10","180726-015","6/18/2019 6:14:49 AM","0000-00","0","no battery","V"
"06/28/2019","10:41:06","6","default","651713401","OXY_CH6","16.530","min","127.802","μmol/L","Humid","25.011","deg","211732","µV","30.854","°C","1015.000","hPa","36.5","pmil","0","55.720","deg","20.000","°C","100.000","%a.s.","22.420","deg","20.000","°C","971.000","hPa","0.861","-0.02617","0.00035","0","0","13.56","Humid","56.77","1","57.00","369735.17","SABD0002000014","AAV2.0.0.13","3.0.1.1413","PSt7-10","180726-015","6/18/2019 6:14:49 AM","0000-00","0","no battery","V"
"06/28/2019","10:41:07","6","default","651713401","OXY_CH6","16.546","min","127.802","μmol/L","Humid","25.011","deg","211731","µV","30.854","°C","1015.000","hPa","36.5","pmil","0","55.720","deg","20.000","°C","100.000","%a.s.","22.420","deg","20.000","°C","971.000","hPa","0.861","-0.02617","0.00035","0","0","13.56","Humid","56.77","1","57.00","369725.47","SABD0002000014","AAV2.0.0.13","3.0.1.1413","PSt7-10","180726-015","6/18/2019 6:14:49 AM","0000-00","0","no battery","V"
"06/28/2019","10:41:08","6","default","651713401","OXY_CH6","16.563","min","127.781","μmol/L","Humid","25.013","deg","211758","µV","30.854","°C","1015.000","hPa","36.5","pmil","0","55.720","deg","20.000","°C","100.000","%a.s.","22.420","deg","20.000","°C","971.000","hPa","0.861","-0.02617","0.00035","0","0","13.56","Humid","56.77","1","57.00","369737.32","SABD0002000014","AAV2.0.0.13","3.0.1.1413","PSt7-10","180726-015","6/18/2019 6:14:49 AM","0000-00","0","no battery","V"
"06/28/2019","10:41:09","6","default","651713401","OXY_CH6","16.579","min","127.771","μmol/L","Humid","25.014","deg","211769","µV","30.854","°C","1015.000","hPa","36.5","pmil","0","55.720","deg","20.000","°C","100.000","%a.s.","22.420","deg","20.000","°C","971.000","hPa","0.861","-0.02617","0.00035","0","0","13.56","Humid","56.77","1","57.00","369717.85","SABD0002000014","AAV2.0.0.13","3.0.1.1413","PSt7-10","180726-015","6/18/2019 6:14:49 AM","0000-00","0","no battery","V"
"06/28/2019","10:41:10","6","default","651713401","OXY_CH6","16.596","min","127.734","μmol/L","Humid","25.020","deg","211783","µV","30.847","°C","1015.000","hPa","36.5","pmil","0","55.720","deg","20.000","°C","100.000","%a.s.","22.420","deg","20.000","°C","971.000","hPa","0.861","-0.02617","0.00035","0","0","13.56","Humid","56.77","1","57.00","369725.10","SABD0002000014","AAV2.0.0.13","3.0.1.1413","PSt7-10","180726-015","6/18/2019 6:14:49 AM","0000-00","0","no battery","V"
"06/28/2019","10:41:11","6","default","651713401","OXY_CH6","16.613","min","127.754","μmol/L","Humid","25.018","deg","211790","µV","30.847","°C","1015.000","hPa","36.5","pmil","0","55.720","deg","20.000","°C","100.000","%a.s.","22.420","deg","20.000","°C","971.000","hPa","0.861","-0.02617","0.00035","0","0","13.56","Humid","56.77","1","57.00","369726.03","SABD0002000014","AAV2.0.0.13","3.0.1.1413","PSt7-10","180726-015","6/18/2019 6:14:49 AM","0000-00","0","no battery","V"
"06/28/2019","10:41:12","6","default","651713401","OXY_CH6","16.629","min","127.672","μmol/L","Humid","25.021","deg","211793","µV","30.860","°C","1015.000","hPa","36.5","pmil","0","55.720","deg","20.000","°C","100.000","%a.s.","22.420","deg","20.000","°C","971.000","hPa","0.861","-0.02617","0.00035","0","0","13.56","Humid","56.77","1","57.00","369721.56","SABD0002000014","AAV2.0.0.13","3.0.1.1413","PSt7-10","180726-015","6/18/2019 6:14:49 AM","0000-00","0","no battery","V"
"06/28/2019","10:41:13","6","default","651713401","OXY_CH6","16.646","min","127.698","μmol/L","Humid","25.021","deg","211821","µV","30.854","°C","1015.000","hPa","36.5","pmil","0","55.720","deg","20.000","°C","100.000","%a.s.","22.420","deg","20.000","°C","971.000","hPa","0.861","-0.02617","0.00035","0","0","13.56","Humid","56.77","1","57.00","369727.25","SABD0002000014","AAV2.0.0.13","3.0.1.1413","PSt7-10","180726-015","6/18/2019 6:14:49 AM","0000-00","0","no battery","V"
"06/28/2019","10:41:14","6","default","651713401","OXY_CH6","16.663","min","127.651","μmol/L","Humid","25.023","deg","211838","µV","30.860","°C","1015.000","hPa","36.5","pmil","0","55.720","deg","20.000","°C","100.000","%a.s.","22.420","deg","20.000","°C","971.000","hPa","0.861","-0.02617","0.00035","0","0","13.56","Humid","56.77","1","57.00","369733.67","SABD0002000014","AAV2.0.0.13","3.0.1.1413","PSt7-10","180726-015","6/18/2019 6:14:49 AM","0000-00","0","no battery","V"
"06/28/2019","10:41:15","6","default","651713401","OXY_CH6","16.679","min","127.645","μmol/L","Humid","25.026","deg","211853","µV","30.854","°C","1015.000","hPa","36.5","pmil","0","55.720","deg","20.000","°C","100.000","%a.s.","22.420","deg","20.000","°C","971.000","hPa","0.861","-0.02617","0.00035","0","0","13.56","Humid","56.77","1","57.00","369717.56","SABD0002000014","AAV2.0.0.13","3.0.1.1413","PSt7-10","180726-015","6/18/2019 6:14:49 AM","0000-00","0","no battery","V"
"06/28/2019","10:41:16","6","default","651713401","OXY_CH6","16.696","min","127.625","μmol/L","Humid","25.028","deg","211878","µV","30.854","°C","1015.000","hPa","36.5","pmil","0","55.720","deg","20.000","°C","100.000","%a.s.","22.420","deg","20.000","°C","971.000","hPa","0.861","-0.02617","0.00035","0","0","13.56","Humid","56.77","1","57.00","369724.57","SABD0002000014","AAV2.0.0.13","3.0.1.1413","PSt7-10","180726-015","6/18/2019 6:14:49 AM","0000-00","0","no battery","V"
"06/28/2019","10:41:17","6","default","651713401","OXY_CH6","16.712","min","127.578","μmol/L","Humid","25.030","deg","211894","µV","30.860","°C","1015.000","hPa","36.5","pmil","0","55.720","deg","20.000","°C","100.000","%a.s.","22.420","deg","20.000","°C","971.000","hPa","0.861","-0.02617","0.00035","0","0","13.56","Humid","56.77","1","57.00","369724.07","SABD0002000014","AAV2.0.0.13","3.0.1.1413","PSt7-10","180726-015","6/18/2019 6:14:49 AM","0000-00","0","no battery","V"
"06/28/2019","10:41:18","6","default","651713401","OXY_CH6","16.730","min","127.589","μmol/L","Humid","25.029","deg","211917","µV","30.860","°C","1015.000","hPa","36.5","pmil","0","55.720","deg","20.000","°C","100.000","%a.s.","22.420","deg","20.000","°C","971.000","hPa","0.861","-0.02617","0.00035","0","0","13.56","Humid","56.77","1","57.00","369736.59","SABD0002000014","AAV2.0.0.13","3.0.1.1413","PSt7-10","180726-015","6/18/2019 6:14:49 AM","0000-00","0","no battery","V"
"06/28/2019","10:41:19","6","default","651713401","OXY_CH6","16.747","min","127.593","μmol/L","Humid","25.031","deg","211934","µV","30.854","°C","1015.000","hPa","36.5","pmil","0","55.720","deg","20.000","°C","100.000","%a.s.","22.420","deg","20.000","°C","971.000","hPa","0.861","-0.02617","0.00035","0","0","13.56","Humid","56.77","1","57.00","369745.21","SABD0002000014","AAV2.0.0.13","3.0.1.1413","PSt7-10","180726-015","6/18/2019 6:14:49 AM","0000-00","0","no battery","V"
"06/28/2019","10:41:20","6","default","651713401","OXY_CH6","16.763","min","127.568","μmol/L","Humid","25.031","deg","211951","µV","30.860","°C","1015.000","hPa","36.5","pmil","0","55.720","deg","20.000","°C","100.000","%a.s.","22.420","deg","20.000","°C","971.000","hPa","0.861","-0.02617","0.00035","0","0","13.56","Humid","56.77","1","57.00","369731.07","SABD0002000014","AAV2.0.0.13","3.0.1.1413","PSt7-10","180726-015","6/18/2019 6:14:49 AM","0000-00","0","no battery","V"
"06/28/2019","10:41:21","6","default","651713401","OXY_CH6","16.780","min","127.552","μmol/L","Humid","25.035","deg","211973","µV","30.854","°C","1015.000","hPa","36.5","pmil","0","55.720","deg","20.000","°C","100.000","%a.s.","22.420","deg","20.000","°C","971.000","hPa","0.861","-0.02617","0.00035","0","0","13.56","Humid","56.77","1","57.00","369734.86","SABD0002000014","AAV2.0.0.13","3.0.1.1413","PSt7-10","180726-015","6/18/2019 6:14:49 AM","0000-00","0","no battery","V"
"06/28/2019","10:41:22","6","default","651713401","OXY_CH6","16.796","min","127.525","μmol/L","Humid","25.040","deg","211995","µV","30.847","°C","1015.000","hPa","36.5","pmil","0","55.720","deg","20.000","°C","100.000","%a.s.","22.420","deg","20.000","°C","971.000","hPa","0.861","-0.02617","0.00035","0","0","13.56","Humid","56.77","1","57.00","369727.71","SABD0002000014","AAV2.0.0.13","3.0.1.1413","PSt7-10","180726-015","6/18/2019 6:14:49 AM","0000-00","0","no battery","V"
"06/28/2019","10:41:23","6","default","651713401","OXY_CH6","16.813","min","127.505","μmol/L","Humid","25.037","deg","212003","µV","30.860","°C","1015.000","hPa","36.5","pmil","0","55.720","deg","20.000","°C","100.000","%a.s.","22.420","deg","20.000","°C","971.000","hPa","0.861","-0.02617","0.00035","0","0","13.56","Humid","56.77","1","57.00","369730.96","SABD0002000014","AAV2.0.0.13","3.0.1.1413","PSt7-10","180726-015","6/18/2019 6:14:49 AM","0000-00","0","no battery","V"
"06/28/2019","10:41:24","6","default","651713401","OXY_CH6","16.830","min","127.489","μmol/L","Humid","25.041","deg","212027","µV","30.854","°C","1015.000","hPa","36.5","pmil","0","55.720","deg","20.000","°C","100.000","%a.s.","22.420","deg","20.000","°C","971.000","hPa","0.861","-0.02617","0.00035","0","0","13.56","Humid","56.77","1","57.00","369740.97","SABD0002000014","AAV2.0.0.13","3.0.1.1413","PSt7-10","180726-015","6/18/2019 6:14:49 AM","0000-00","0","no battery","V"
"06/28/2019","10:41:25","6","default","651713401","OXY_CH6","16.847","min","127.433","μmol/L","Humid","25.044","deg","212044","µV","30.860","°C","1015.000","hPa","36.5","pmil","0","55.720","deg","20.000","°C","100.000","%a.s.","22.420","deg","20.000","°C","971.000","hPa","0.861","-0.02617","0.00035","0","0","13.56","Humid","56.77","1","57.00","369734.75","SABD0002000014","AAV2.0.0.13","3.0.1.1413","PSt7-10","180726-015","6/18/2019 6:14:49 AM","0000-00","0","no battery","V"
"06/28/2019","10:41:26","6","default","651713401","OXY_CH6","16.863","min","127.437","μmol/L","Humid","25.046","deg","212052","µV","30.854","°C","1015.000","hPa","36.5","pmil","0","55.720","deg","20.000","°C","100.000","%a.s.","22.420","deg","20.000","°C","971.000","hPa","0.861","-0.02617","0.00035","0","0","13.56","Humid","56.77","1","57.00","369719.37","SABD0002000014","AAV2.0.0.13","3.0.1.1413","PSt7-10","180726-015","6/18/2019 6:14:49 AM","0000-00","0","no battery","V"
"06/28/2019","10:41:27","6","default","651713401","OXY_CH6","16.879","min","127.452","μmol/L","Humid","25.047","deg","212061","µV","30.847","°C","1015.000","hPa","36.5","pmil","0","55.720","deg","20.000","°C","100.000","%a.s.","22.420","deg","20.000","°C","971.000","hPa","0.861","-0.02617","0.00035","0","0","13.56","Humid","56.77","1","57.00","369717.25","SABD0002000014","AAV2.0.0.13","3.0.1.1413","PSt7-10","180726-015","6/18/2019 6:14:49 AM","0000-00","0","no battery","V"
"06/28/2019","10:41:28","6","default","651713401","OXY_CH6","16.896","min","127.412","μmol/L","Humid","25.046","deg","212079","µV","30.860","°C","1015.000","hPa","36.5","pmil","0","55.720","deg","20.000","°C","100.000","%a.s.","22.420","deg","20.000","°C","971.000","hPa","0.861","-0.02617","0.00035","0","0","13.56","Humid","56.77","1","57.00","369724.15","SABD0002000014","AAV2.0.0.13","3.0.1.1413","PSt7-10","180726-015","6/18/2019 6:14:49 AM","0000-00","0","no battery","V"
"06/28/2019","10:41:29","6","default","651713401","OXY_CH6","16.913","min","127.406","μmol/L","Humid","25.049","deg","212092","µV","30.854","°C","1015.000","hPa","36.5","pmil","0","55.720","deg","20.000","°C","100.000","%a.s.","22.420","deg","20.000","°C","971.000","hPa","0.861","-0.02617","0.00035","0","0","13.56","Humid","56.77","1","57.00","369724.93","SABD0002000014","AAV2.0.0.13","3.0.1.1413","PSt7-10","180726-015","6/18/2019 6:14:49 AM","0000-00","0","no battery","V"
"06/28/2019","10:41:30","6","default","651713401","OXY_CH6","16.930","min","127.370","μmol/L","Humid","25.050","deg","212109","µV","30.860","°C","1015.000","hPa","36.5","pmil","0","55.720","deg","20.000","°C","100.000","%a.s.","22.420","deg","20.000","°C","971.000","hPa","0.861","-0.02617","0.00035","0","0","13.56","Humid","56.77","1","57.00","369745.89","SABD0002000014","AAV2.0.0.13","3.0.1.1413","PSt7-10","180726-015","6/18/2019 6:14:49 AM","0000-00","0","no battery","V"
"06/28/2019","10:41:31","6","default","651713401","OXY_CH6","16.946","min","127.360","μmol/L","Humid","25.051","deg","212119","µV","30.860","°C","1015.000","hPa","36.5","pmil","0","55.720","deg","20.000","°C","100.000","%a.s.","22.420","deg","20.000","°C","971.000","hPa","0.861","-0.02617","0.00035","0","0","13.56","Humid","56.77","1","57.00","369715.46","SABD0002000014","AAV2.0.0.13","3.0.1.1413","PSt7-10","180726-015","6/18/2019 6:14:49 AM","0000-00","0","no battery","V"
"06/28/2019","10:41:32","6","default","651713401","OXY_CH6","16.963","min","127.364","μmol/L","Humid","25.053","deg","212124","µV","30.854","°C","1015.000","hPa","36.5","pmil","0","55.720","deg","20.000","°C","100.000","%a.s.","22.420","deg","20.000","°C","971.000","hPa","0.861","-0.02617","0.00035","0","0","13.56","Humid","56.77","1","57.00","369736.20","SABD0002000014","AAV2.0.0.13","3.0.1.1413","PSt7-10","180726-015","6/18/2019 6:14:49 AM","0000-00","0","no battery","V"
"06/28/2019","10:41:33","6","default","651713401","OXY_CH6","16.980","min","127.354","μmol/L","Humid","25.054","deg","212145","µV","30.854","°C","1015.000","hPa","36.5","pmil","0","55.720","deg","20.000","°C","100.000","%a.s.","22.420","deg","20.000","°C","971.000","hPa","0.861","-0.02617","0.00035","0","0","13.56","Humid","56.77","1","57.00","369729.32","SABD0002000014","AAV2.0.0.13","3.0.1.1413","PSt7-10","180726-015","6/18/2019 6:14:49 AM","0000-00","0","no battery","V"
"06/28/2019","10:41:34","6","default","651713401","OXY_CH6","16.996","min","127.323","μmol/L","Humid","25.057","deg","212163","µV","30.854","°C","1015.000","hPa","36.5","pmil","0","55.720","deg","20.000","°C","100.000","%a.s.","22.420","deg","20.000","°C","971.000","hPa","0.861","-0.02617","0.00035","0","0","13.56","Humid","56.77","1","57.00","369725.86","SABD0002000014","AAV2.0.0.13","3.0.1.1413","PSt7-10","180726-015","6/18/2019 6:14:49 AM","0000-00","0","no battery","V"
"06/28/2019","10:41:35","6","default","651713401","OXY_CH6","17.013","min","127.312","μmol/L","Humid","25.058","deg","212183","µV","30.854","°C","1015.000","hPa","36.5","pmil","0","55.720","deg","20.000","°C","100.000","%a.s.","22.420","deg","20.000","°C","971.000","hPa","0.861","-0.02617","0.00035","0","0","13.56","Humid","56.77","1","57.00","369733.16","SABD0002000014","AAV2.0.0.13","3.0.1.1413","PSt7-10","180726-015","6/18/2019 6:14:49 AM","0000-00","0","no battery","V"
"06/28/2019","10:41:36","6","default","651713401","OXY_CH6","17.030","min","127.271","μmol/L","Humid","25.062","deg","212206","µV","30.854","°C","1015.000","hPa","36.5","pmil","0","55.720","deg","20.000","°C","100.000","%a.s.","22.420","deg","20.000","°C","971.000","hPa","0.861","-0.02617","0.00035","0","0","13.56","Humid","56.77","1","57.00","369721.91","SABD0002000014","AAV2.0.0.13","3.0.1.1413","PSt7-10","180726-015","6/18/2019 6:14:49 AM","0000-00","0","no battery","V"
"06/28/2019","10:41:37","6","default","651713401","OXY_CH6","17.046","min","127.292","μmol/L","Humid","25.060","deg","212218","µV","30.854","°C","1015.000","hPa","36.5","pmil","0","55.720","deg","20.000","°C","100.000","%a.s.","22.420","deg","20.000","°C","971.000","hPa","0.861","-0.02617","0.00035","0","0","13.56","Humid","56.77","1","57.00","369728.06","SABD0002000014","AAV2.0.0.13","3.0.1.1413","PSt7-10","180726-015","6/18/2019 6:14:49 AM","0000-00","0","no battery","V"
"06/28/2019","10:41:38","6","default","651713401","OXY_CH6","17.063","min","127.260","μmol/L","Humid","25.063","deg","212229","µV","30.854","°C","1015.000","hPa","36.5","pmil","0","55.720","deg","20.000","°C","100.000","%a.s.","22.420","deg","20.000","°C","971.000","hPa","0.861","-0.02617","0.00035","0","0","13.56","Humid","56.77","1","57.00","369737.97","SABD0002000014","AAV2.0.0.13","3.0.1.1413","PSt7-10","180726-015","6/18/2019 6:14:49 AM","0000-00","0","no battery","V"
"06/28/2019","10:41:39","6","default","651713401","OXY_CH6","17.080","min","127.204","μmol/L","Humid","25.066","deg","212253","µV","30.860","°C","1015.000","hPa","36.5","pmil","0","55.720","deg","20.000","°C","100.000","%a.s.","22.420","deg","20.000","°C","971.000","hPa","0.861","-0.02617","0.00035","0","0","13.56","Humid","56.77","1","57.00","369740.34","SABD0002000014","AAV2.0.0.13","3.0.1.1413","PSt7-10","180726-015","6/18/2019 6:14:49 AM","0000-00","0","no battery","V"
"06/28/2019","10:41:40","6","default","651713401","OXY_CH6","17.096","min","127.162","μmol/L","Humid","25.070","deg","212278","µV","30.860","°C","1015.000","hPa","36.5","pmil","0","55.720","deg","20.000","°C","100.000","%a.s.","22.420","deg","20.000","°C","971.000","hPa","0.861","-0.02617","0.00035","0","0","13.56","Humid","56.77","1","57.00","369739.91","SABD0002000014","AAV2.0.0.13","3.0.1.1413","PSt7-10","180726-015","6/18/2019 6:14:49 AM","0000-00","0","no battery","V"
"06/28/2019","10:41:41","6","default","651713401","OXY_CH6","17.113","min","127.173","μmol/L","Humid","25.069","deg","212302","µV","30.860","°C","1015.000","hPa","36.5","pmil","0","55.720","deg","20.000","°C","100.000","%a.s.","22.420","deg","20.000","°C","971.000","hPa","0.861","-0.02617","0.00035","0","0","13.56","Humid","56.77","1","57.00","369736.83","SABD0002000014","AAV2.0.0.13","3.0.1.1413","PSt7-10","180726-015","6/18/2019 6:14:49 AM","0000-00","0","no battery","V"
"06/28/2019","10:41:42","6","default","651713401","OXY_CH6","17.130","min","127.106","μmol/L","Humid","25.073","deg","212332","µV","30.866","°C","1015.000","hPa","36.5","pmil","0","55.720","deg","20.000","°C","100.000","%a.s.","22.420","deg","20.000","°C","971.000","hPa","0.861","-0.02617","0.00035","0","0","13.56","Humid","56.77","1","57.00","369728.09","SABD0002000014","AAV2.0.0.13","3.0.1.1413","PSt7-10","180726-015","6/18/2019 6:14:49 AM","0000-00","0","no battery","V"
"06/28/2019","10:41:43","6","default","651713401","OXY_CH6","17.146","min","127.177","μmol/L","Humid","25.071","deg","212327","µV","30.854","°C","1015.000","hPa","36.5","pmil","0","55.720","deg","20.000","°C","100.000","%a.s.","22.420","deg","20.000","°C","971.000","hPa","0.861","-0.02617","0.00035","0","0","13.56","Humid","56.77","1","57.00","369729.37","SABD0002000014","AAV2.0.0.13","3.0.1.1413","PSt7-10","180726-015","6/18/2019 6:14:49 AM","0000-00","0","no battery","V"
"06/28/2019","10:41:44","6","default","651713401","OXY_CH6","17.163","min","127.095","μmol/L","Humid","25.074","deg","212345","µV","30.866","°C","1015.000","hPa","36.5","pmil","0","55.720","deg","20.000","°C","100.000","%a.s.","22.420","deg","20.000","°C","971.000","hPa","0.861","-0.02617","0.00035","0","0","13.56","Humid","56.77","1","57.00","369712.75","SABD0002000014","AAV2.0.0.13","3.0.1.1413","PSt7-10","180726-015","6/18/2019 6:14:49 AM","0000-00","0","no battery","V"
"06/28/2019","10:41:45","6","default","651713401","OXY_CH6","17.179","min","127.090","μmol/L","Humid","25.077","deg","212367","µV","30.860","°C","1015.000","hPa","36.5","pmil","0","55.720","deg","20.000","°C","100.000","%a.s.","22.420","deg","20.000","°C","971.000","hPa","0.861","-0.02617","0.00035","0","0","13.56","Humid","56.77","1","57.00","369723.82","SABD0002000014","AAV2.0.0.13","3.0.1.1413","PSt7-10","180726-015","6/18/2019 6:14:49 AM","0000-00","0","no battery","V"
"06/28/2019","10:41:46","6","default","651713401","OXY_CH6","17.196","min","127.079","μmol/L","Humid","25.078","deg","212387","µV","30.860","°C","1015.000","hPa","36.5","pmil","0","55.720","deg","20.000","°C","100.000","%a.s.","22.420","deg","20.000","°C","971.000","hPa","0.861","-0.02617","0.00035","0","0","13.56","Humid","56.77","1","57.00","369728.25","SABD0002000014","AAV2.0.0.13","3.0.1.1413","PSt7-10","180726-015","6/18/2019 6:14:49 AM","0000-00","0","no battery","V"
"06/28/2019","10:41:47","6","default","651713401","OXY_CH6","17.213","min","127.079","μmol/L","Humid","25.078","deg","212404","µV","30.860","°C","1015.000","hPa","36.5","pmil","0","55.720","deg","20.000","°C","100.000","%a.s.","22.420","deg","20.000","°C","971.000","hPa","0.861","-0.02617","0.00035","0","0","13.56","Humid","56.77","1","57.00","369735.56","SABD0002000014","AAV2.0.0.13","3.0.1.1413","PSt7-10","180726-015","6/18/2019 6:14:49 AM","0000-00","0","no battery","V"
"06/28/2019","10:41:48","6","default","651713401","OXY_CH6","17.229","min","127.012","μmol/L","Humid","25.082","deg","212409","µV","30.866","°C","1015.000","hPa","36.5","pmil","0","55.720","deg","20.000","°C","100.000","%a.s.","22.420","deg","20.000","°C","971.000","hPa","0.861","-0.02617","0.00035","0","0","13.56","Humid","56.77","1","57.00","369733.20","SABD0002000014","AAV2.0.0.13","3.0.1.1413","PSt7-10","180726-015","6/18/2019 6:14:49 AM","0000-00","0","no battery","V"
"06/28/2019","10:41:49","6","default","651713401","OXY_CH6","17.246","min","127.063","μmol/L","Humid","25.082","deg","212428","µV","30.854","°C","1015.000","hPa","36.5","pmil","0","55.720","deg","20.000","°C","100.000","%a.s.","22.420","deg","20.000","°C","971.000","hPa","0.861","-0.02617","0.00035","0","0","13.56","Humid","56.77","1","57.00","369731.16","SABD0002000014","AAV2.0.0.13","3.0.1.1413","PSt7-10","180726-015","6/18/2019 6:14:49 AM","0000-00","0","no battery","V"
"06/28/2019","10:41:50","6","default","651713401","OXY_CH6","17.263","min","127.063","μmol/L","Humid","25.082","deg","212435","µV","30.854","°C","1015.000","hPa","36.5","pmil","0","55.720","deg","20.000","°C","100.000","%a.s.","22.420","deg","20.000","°C","971.000","hPa","0.861","-0.02617","0.00035","0","0","13.56","Humid","56.77","1","57.00","369720.65","SABD0002000014","AAV2.0.0.13","3.0.1.1413","PSt7-10","180726-015","6/18/2019 6:14:49 AM","0000-00","0","no battery","V"
"06/28/2019","10:41:51","6","default","651713401","OXY_CH6","17.279","min","127.007","μmol/L","Humid","25.085","deg","212436","µV","30.860","°C","1015.000","hPa","36.5","pmil","0","55.720","deg","20.000","°C","100.000","%a.s.","22.420","deg","20.000","°C","971.000","hPa","0.861","-0.02617","0.00035","0","0","13.56","Humid","56.77","1","57.00","369724.62","SABD0002000014","AAV2.0.0.13","3.0.1.1413","PSt7-10","180726-015","6/18/2019 6:14:49 AM","0000-00","0","no battery","V"
"06/28/2019","10:41:52","6","default","651713401","OXY_CH6","17.296","min","127.022","μmol/L","Humid","25.086","deg","212448","µV","30.854","°C","1015.000","hPa","36.5","pmil","0","55.720","deg","20.000","°C","100.000","%a.s.","22.420","deg","20.000","°C","971.000","hPa","0.861","-0.02617","0.00035","0","0","13.56","Humid","56.77","1","57.00","369723.66","SABD0002000014","AAV2.0.0.13","3.0.1.1413","PSt7-10","180726-015","6/18/2019 6:14:49 AM","0000-00","0","no battery","V"
"06/28/2019","10:41:53","6","default","651713401","OXY_CH6","17.313","min","126.976","μmol/L","Humid","25.088","deg","212465","µV","30.860","°C","1015.000","hPa","36.5","pmil","0","55.720","deg","20.000","°C","100.000","%a.s.","22.420","deg","20.000","°C","971.000","hPa","0.861","-0.02617","0.00035","0","0","13.56","Humid","56.77","1","57.00","369722.50","SABD0002000014","AAV2.0.0.13","3.0.1.1413","PSt7-10","180726-015","6/18/2019 6:14:49 AM","0000-00","0","no battery","V"
"06/28/2019","10:41:54","6","default","651713401","OXY_CH6","17.329","min","126.930","μmol/L","Humid","25.090","deg","212480","µV","30.866","°C","1015.000","hPa","36.5","pmil","0","55.720","deg","20.000","°C","100.000","%a.s.","22.420","deg","20.000","°C","971.000","hPa","0.861","-0.02617","0.00035","0","0","13.56","Humid","56.77","1","57.00","369718.15","SABD0002000014","AAV2.0.0.13","3.0.1.1413","PSt7-10","180726-015","6/18/2019 6:14:49 AM","0000-00","0","no battery","V"
"06/28/2019","10:41:55","6","default","651713401","OXY_CH6","17.346","min","126.888","μmol/L","Humid","25.094","deg","212499","µV","30.866","°C","1015.000","hPa","36.5","pmil","0","55.720","deg","20.000","°C","100.000","%a.s.","22.420","deg","20.000","°C","971.000","hPa","0.861","-0.02617","0.00035","0","0","13.56","Humid","56.77","1","57.00","369725.49","SABD0002000014","AAV2.0.0.13","3.0.1.1413","PSt7-10","180726-015","6/18/2019 6:14:49 AM","0000-00","0","no battery","V"
"06/28/2019","10:41:56","6","default","651713401","OXY_CH6","17.362","min","126.919","μmol/L","Humid","25.091","deg","212525","µV","30.866","°C","1015.000","hPa","36.5","pmil","0","55.720","deg","20.000","°C","100.000","%a.s.","22.420","deg","20.000","°C","971.000","hPa","0.861","-0.02617","0.00035","0","0","13.56","Humid","56.77","1","57.00","369722.84","SABD0002000014","AAV2.0.0.13","3.0.1.1413","PSt7-10","180726-015","6/18/2019 6:14:49 AM","0000-00","0","no battery","V"
"06/28/2019","10:41:57","6","default","651713401","OXY_CH6","17.379","min","126.903","μmol/L","Humid","25.095","deg","212542","µV","30.860","°C","1015.000","hPa","36.5","pmil","0","55.720","deg","20.000","°C","100.000","%a.s.","22.420","deg","20.000","°C","971.000","hPa","0.861","-0.02617","0.00035","0","0","13.56","Humid","56.77","1","57.00","369724.63","SABD0002000014","AAV2.0.0.13","3.0.1.1413","PSt7-10","180726-015","6/18/2019 6:14:49 AM","0000-00","0","no battery","V"
"06/28/2019","10:41:58","6","default","651713401","OXY_CH6","17.396","min","126.893","μmol/L","Humid","25.096","deg","212559","µV","30.860","°C","1015.000","hPa","36.5","pmil","0","55.720","deg","20.000","°C","100.000","%a.s.","22.420","deg","20.000","°C","971.000","hPa","0.861","-0.02617","0.00035","0","0","13.56","Humid","56.77","1","57.00","369722.67","SABD0002000014","AAV2.0.0.13","3.0.1.1413","PSt7-10","180726-015","6/18/2019 6:14:49 AM","0000-00","0","no battery","V"
"06/28/2019","10:41:59","6","default","651713401","OXY_CH6","17.413","min","126.851","μmol/L","Humid","25.100","deg","212576","µV","30.860","°C","1015.000","hPa","36.5","pmil","0","55.720","deg","20.000","°C","100.000","%a.s.","22.420","deg","20.000","°C","971.000","hPa","0.861","-0.02617","0.00035","0","0","13.56","Humid","56.77","1","57.00","369707.73","SABD0002000014","AAV2.0.0.13","3.0.1.1413","PSt7-10","180726-015","6/18/2019 6:14:49 AM","0000-00","0","no battery","V"
"06/28/2019","10:42:00","6","default","651713401","OXY_CH6","17.429","min","126.851","μmol/L","Humid","25.100","deg","212586","µV","30.860","°C","1015.000","hPa","36.5","pmil","0","55.720","deg","20.000","°C","100.000","%a.s.","22.420","deg","20.000","°C","971.000","hPa","0.861","-0.02617","0.00035","0","0","13.56","Humid","56.77","1","57.00","369704.31","SABD0002000014","AAV2.0.0.13","3.0.1.1413","PSt7-10","180726-015","6/18/2019 6:14:49 AM","0000-00","0","no battery","V"
"06/28/2019","10:42:01","6","default","651713401","OXY_CH6","17.447","min","126.805","μmol/L","Humid","25.102","deg","212603","µV","30.866","°C","1015.000","hPa","36.5","pmil","0","55.720","deg","20.000","°C","100.000","%a.s.","22.420","deg","20.000","°C","971.000","hPa","0.861","-0.02617","0.00035","0","0","13.56","Humid","56.77","1","57.00","369726.15","SABD0002000014","AAV2.0.0.13","3.0.1.1413","PSt7-10","180726-015","6/18/2019 6:14:49 AM","0000-00","0","no battery","V"
"06/28/2019","10:42:02","6","default","651713401","OXY_CH6","17.463","min","126.774","μmol/L","Humid","25.105","deg","212619","µV","30.866","°C","1015.000","hPa","36.5","pmil","0","55.720","deg","20.000","°C","100.000","%a.s.","22.420","deg","20.000","°C","971.000","hPa","0.861","-0.02617","0.00035","0","0","13.56","Humid","56.77","1","57.00","369723.79","SABD0002000014","AAV2.0.0.13","3.0.1.1413","PSt7-10","180726-015","6/18/2019 6:14:49 AM","0000-00","0","no battery","V"
"06/28/2019","10:42:03","6","default","651713401","OXY_CH6","17.479","min","126.820","μmol/L","Humid","25.103","deg","212639","µV","30.860","°C","1015.000","hPa","36.5","pmil","0","55.720","deg","20.000","°C","100.000","%a.s.","22.420","deg","20.000","°C","971.000","hPa","0.861","-0.02617","0.00035","0","0","13.56","Humid","56.77","1","57.00","369719.98","SABD0002000014","AAV2.0.0.13","3.0.1.1413","PSt7-10","180726-015","6/18/2019 6:14:49 AM","0000-00","0","no battery","V"
"06/28/2019","10:42:04","6","default","651713401","OXY_CH6","17.496","min","126.743","μmol/L","Humid","25.108","deg","212651","µV","30.866","°C","1015.000","hPa","36.5","pmil","0","55.720","deg","20.000","°C","100.000","%a.s.","22.420","deg","20.000","°C","971.000","hPa","0.861","-0.02617","0.00035","0","0","13.56","Humid","56.77","1","57.00","369715.37","SABD0002000014","AAV2.0.0.13","3.0.1.1413","PSt7-10","180726-015","6/18/2019 6:14:49 AM","0000-00","0","no battery","V"
"06/28/2019","10:42:05","6","default","651713401","OXY_CH6","17.512","min","126.758","μmol/L","Humid","25.109","deg","212670","µV","30.860","°C","1015.000","hPa","36.5","pmil","0","55.720","deg","20.000","°C","100.000","%a.s.","22.420","deg","20.000","°C","971.000","hPa","0.861","-0.02617","0.00035","0","0","13.56","Humid","56.77","1","57.00","369710.61","SABD0002000014","AAV2.0.0.13","3.0.1.1413","PSt7-10","180726-015","6/18/2019 6:14:49 AM","0000-00","0","no battery","V"
"06/28/2019","10:42:06","6","default","651713401","OXY_CH6","17.530","min","126.723","μmol/L","Humid","25.110","deg","212702","µV","30.866","°C","1015.000","hPa","36.5","pmil","0","55.720","deg","20.000","°C","100.000","%a.s.","22.420","deg","20.000","°C","971.000","hPa","0.861","-0.02617","0.00035","0","0","13.56","Humid","56.77","1","57.00","369719.23","SABD0002000014","AAV2.0.0.13","3.0.1.1413","PSt7-10","180726-015","6/18/2019 6:14:49 AM","0000-00","0","no battery","V"
"06/28/2019","10:42:07","6","default","651713401","OXY_CH6","17.546","min","126.737","μmol/L","Humid","25.111","deg","212712","µV","30.860","°C","1015.000","hPa","36.5","pmil","0","55.720","deg","20.000","°C","100.000","%a.s.","22.420","deg","20.000","°C","971.000","hPa","0.861","-0.02617","0.00035","0","0","13.56","Humid","56.77","1","57.00","369714.21","SABD0002000014","AAV2.0.0.13","3.0.1.1413","PSt7-10","180726-015","6/18/2019 6:14:49 AM","0000-00","0","no battery","V"
"06/28/2019","10:42:08","6","default","651713401","OXY_CH6","17.563","min","126.727","μmol/L","Humid","25.112","deg","212733","µV","30.860","°C","1015.000","hPa","36.5","pmil","0","55.720","deg","20.000","°C","100.000","%a.s.","22.420","deg","20.000","°C","971.000","hPa","0.861","-0.02617","0.00035","0","0","13.56","Humid","56.77","1","57.00","369729.94","SABD0002000014","AAV2.0.0.13","3.0.1.1413","PSt7-10","180726-015","6/18/2019 6:14:49 AM","0000-00","0","no battery","V"
"06/28/2019","10:42:09","6","default","651713401","OXY_CH6","17.580","min","126.721","μmol/L","Humid","25.115","deg","212751","µV","30.854","°C","1015.000","hPa","36.5","pmil","0","55.720","deg","20.000","°C","100.000","%a.s.","22.420","deg","20.000","°C","971.000","hPa","0.861","-0.02617","0.00035","0","0","13.56","Humid","56.77","1","57.00","369715.52","SABD0002000014","AAV2.0.0.13","3.0.1.1413","PSt7-10","180726-015","6/18/2019 6:14:49 AM","0000-00","0","no battery","V"
"06/28/2019","10:42:10","6","default","651713401","OXY_CH6","17.596","min","126.630","μmol/L","Humid","25.119","deg","212751","µV","30.866","°C","1015.000","hPa","36.5","pmil","0","55.720","deg","20.000","°C","100.000","%a.s.","22.420","deg","20.000","°C","971.000","hPa","0.861","-0.02617","0.00035","0","0","13.56","Humid","56.77","1","57.00","369711.52","SABD0002000014","AAV2.0.0.13","3.0.1.1413","PSt7-10","180726-015","6/18/2019 6:14:49 AM","0000-00","0","no battery","V"
"06/28/2019","10:42:11","6","default","651713401","OXY_CH6","17.613","min","126.644","μmol/L","Humid","25.120","deg","212766","µV","30.860","°C","1015.000","hPa","36.5","pmil","0","55.720","deg","20.000","°C","100.000","%a.s.","22.420","deg","20.000","°C","971.000","hPa","0.861","-0.02617","0.00035","0","0","13.56","Humid","56.77","1","57.00","369724.92","SABD0002000014","AAV2.0.0.13","3.0.1.1413","PSt7-10","180726-015","6/18/2019 6:14:49 AM","0000-00","0","no battery","V"
"06/28/2019","10:42:12","6","default","651713401","OXY_CH6","17.629","min","126.644","μmol/L","Humid","25.120","deg","212780","µV","30.860","°C","1015.000","hPa","36.5","pmil","0","55.720","deg","20.000","°C","100.000","%a.s.","22.420","deg","20.000","°C","971.000","hPa","0.861","-0.02617","0.00035","0","0","13.56","Humid","56.77","1","57.00","369711.08","SABD0002000014","AAV2.0.0.13","3.0.1.1413","PSt7-10","180726-015","6/18/2019 6:14:49 AM","0000-00","0","no battery","V"
"06/28/2019","10:42:13","6","default","651713401","OXY_CH6","17.646","min","126.624","μmol/L","Humid","25.122","deg","212800","µV","30.860","°C","1015.000","hPa","36.5","pmil","0","55.720","deg","20.000","°C","100.000","%a.s.","22.420","deg","20.000","°C","971.000","hPa","0.861","-0.02617","0.00035","0","0","13.56","Humid","56.77","1","57.00","369718.25","SABD0002000014","AAV2.0.0.13","3.0.1.1413","PSt7-10","180726-015","6/18/2019 6:14:49 AM","0000-00","0","no battery","V"
"06/28/2019","10:42:14","6","default","651713401","OXY_CH6","17.663","min","126.578","μmol/L","Humid","25.124","deg","212813","µV","30.866","°C","1015.000","hPa","36.5","pmil","0","55.720","deg","20.000","°C","100.000","%a.s.","22.420","deg","20.000","°C","971.000","hPa","0.861","-0.02617","0.00035","0","0","13.56","Humid","56.77","1","57.00","369710.04","SABD0002000014","AAV2.0.0.13","3.0.1.1413","PSt7-10","180726-015","6/18/2019 6:14:49 AM","0000-00","0","no battery","V"
"06/28/2019","10:42:15","6","default","651713401","OXY_CH6","17.680","min","126.557","μmol/L","Humid","25.126","deg","212833","µV","30.866","°C","1015.000","hPa","36.5","pmil","0","55.720","deg","20.000","°C","100.000","%a.s.","22.420","deg","20.000","°C","971.000","hPa","0.861","-0.02617","0.00035","0","0","13.56","Humid","56.77","1","57.00","369725.20","SABD0002000014","AAV2.0.0.13","3.0.1.1413","PSt7-10","180726-015","6/18/2019 6:14:49 AM","0000-00","0","no battery","V"
"06/28/2019","10:42:16","6","default","651713401","OXY_CH6","17.696","min","126.572","μmol/L","Humid","25.127","deg","212842","µV","30.860","°C","1015.000","hPa","36.5","pmil","0","55.720","deg","20.000","°C","100.000","%a.s.","22.420","deg","20.000","°C","971.000","hPa","0.861","-0.02617","0.00035","0","0","13.56","Humid","56.77","1","57.00","369717.23","SABD0002000014","AAV2.0.0.13","3.0.1.1413","PSt7-10","180726-015","6/18/2019 6:14:49 AM","0000-00","0","no battery","V"
"06/28/2019","10:42:17","6","default","651713401","OXY_CH6","17.713","min","126.526","μmol/L","Humid","25.129","deg","212873","µV","30.866","°C","1015.000","hPa","36.5","pmil","0","55.720","deg","20.000","°C","100.000","%a.s.","22.420","deg","20.000","°C","971.000","hPa","0.861","-0.02617","0.00035","0","0","13.56","Humid","56.77","1","57.00","369712.09","SABD0002000014","AAV2.0.0.13","3.0.1.1413","PSt7-10","180726-015","6/18/2019 6:14:49 AM","0000-00","0","no battery","V"
"06/28/2019","10:42:18","6","default","651713401","OXY_CH6","17.729","min","126.506","μmol/L","Humid","25.131","deg","212884","µV","30.866","°C","1015.000","hPa","36.5","pmil","0","55.720","deg","20.000","°C","100.000","%a.s.","22.420","deg","20.000","°C","971.000","hPa","0.861","-0.02617","0.00035","0","0","13.56","Humid","56.77","1","57.00","369713.78","SABD0002000014","AAV2.0.0.13","3.0.1.1413","PSt7-10","180726-015","6/18/2019 6:14:49 AM","0000-00","0","no battery","V"
"06/28/2019","10:42:19","6","default","651713401","OXY_CH6","17.746","min","126.475","μmol/L","Humid","25.134","deg","212909","µV","30.866","°C","1015.000","hPa","36.5","pmil","0","55.720","deg","20.000","°C","100.000","%a.s.","22.420","deg","20.000","°C","971.000","hPa","0.861","-0.02617","0.00035","0","0","13.56","Humid","56.77","1","57.00","369721.68","SABD0002000014","AAV2.0.0.13","3.0.1.1413","PSt7-10","180726-015","6/18/2019 6:14:49 AM","0000-00","0","no battery","V"
"06/28/2019","10:42:20","6","default","651713401","OXY_CH6","17.762","min","126.495","μmol/L","Humid","25.132","deg","212922","µV","30.866","°C","1015.000","hPa","36.5","pmil","0","55.720","deg","20.000","°C","100.000","%a.s.","22.420","deg","20.000","°C","971.000","hPa","0.861","-0.02617","0.00035","0","0","13.56","Humid","56.77","1","57.00","369701.78","SABD0002000014","AAV2.0.0.13","3.0.1.1413","PSt7-10","180726-015","6/18/2019 6:14:49 AM","0000-00","0","no battery","V"
"06/28/2019","10:42:21","6","default","651713401","OXY_CH6","17.780","min","126.439","μmol/L","Humid","25.135","deg","212957","µV","30.872","°C","1015.000","hPa","36.5","pmil","0","55.720","deg","20.000","°C","100.000","%a.s.","22.420","deg","20.000","°C","971.000","hPa","0.861","-0.02617","0.00035","0","0","13.56","Humid","56.77","1","57.00","369703.38","SABD0002000014","AAV2.0.0.13","3.0.1.1413","PSt7-10","180726-015","6/18/2019 6:14:49 AM","0000-00","0","no battery","V"
"06/28/2019","10:42:22","6","default","651713401","OXY_CH6","17.796","min","126.454","μmol/L","Humid","25.136","deg","212977","µV","30.866","°C","1015.000","hPa","36.5","pmil","0","55.720","deg","20.000","°C","100.000","%a.s.","22.420","deg","20.000","°C","971.000","hPa","0.861","-0.02617","0.00035","0","0","13.56","Humid","56.77","1","57.00","369717.84","SABD0002000014","AAV2.0.0.13","3.0.1.1413","PSt7-10","180726-015","6/18/2019 6:14:49 AM","0000-00","0","no battery","V"
"06/28/2019","10:42:23","6","default","651713401","OXY_CH6","17.812","min","126.413","μmol/L","Humid","25.140","deg","212985","µV","30.866","°C","1015.000","hPa","36.5","pmil","0","55.720","deg","20.000","°C","100.000","%a.s.","22.420","deg","20.000","°C","971.000","hPa","0.861","-0.02617","0.00035","0","0","13.56","Humid","56.77","1","57.00","369715.97","SABD0002000014","AAV2.0.0.13","3.0.1.1413","PSt7-10","180726-015","6/18/2019 6:14:49 AM","0000-00","0","no battery","V"
"06/28/2019","10:42:24","6","default","651713401","OXY_CH6","17.829","min","126.423","μmol/L","Humid","25.139","deg","213003","µV","30.866","°C","1015.000","hPa","36.5","pmil","0","55.720","deg","20.000","°C","100.000","%a.s.","22.420","deg","20.000","°C","971.000","hPa","0.861","-0.02617","0.00035","0","0","13.56","Humid","56.77","1","57.00","369716.59","SABD0002000014","AAV2.0.0.13","3.0.1.1413","PSt7-10","180726-015","6/18/2019 6:14:49 AM","0000-00","0","no battery","V"
"06/28/2019","10:42:25","6","default","651713401","OXY_CH6","17.846","min","126.377","μmol/L","Humid","25.141","deg","213025","µV","30.872","°C","1015.000","hPa","36.5","pmil","0","55.720","deg","20.000","°C","100.000","%a.s.","22.420","deg","20.000","°C","971.000","hPa","0.861","-0.02617","0.00035","0","0","13.56","Humid","56.77","1","57.00","369715.34","SABD0002000014","AAV2.0.0.13","3.0.1.1413","PSt7-10","180726-015","6/18/2019 6:14:49 AM","0000-00","0","no battery","V"
"06/28/2019","10:42:26","6","default","651713401","OXY_CH6","17.863","min","126.357","μmol/L","Humid","25.143","deg","213058","µV","30.872","°C","1015.000","hPa","36.5","pmil","0","55.720","deg","20.000","°C","100.000","%a.s.","22.420","deg","20.000","°C","971.000","hPa","0.861","-0.02617","0.00035","0","0","13.56","Humid","56.77","1","57.00","369730.54","SABD0002000014","AAV2.0.0.13","3.0.1.1413","PSt7-10","180726-015","6/18/2019 6:14:49 AM","0000-00","0","no battery","V"
"06/28/2019","10:42:27","6","default","651713401","OXY_CH6","17.879","min","126.351","μmol/L","Humid","25.146","deg","213066","µV","30.866","°C","1015.000","hPa","36.5","pmil","0","55.720","deg","20.000","°C","100.000","%a.s.","22.420","deg","20.000","°C","971.000","hPa","0.861","-0.02617","0.00035","0","0","13.56","Humid","56.77","1","57.00","369729.11","SABD0002000014","AAV2.0.0.13","3.0.1.1413","PSt7-10","180726-015","6/18/2019 6:14:49 AM","0000-00","0","no battery","V"
"06/28/2019","10:42:28","6","default","651713401","OXY_CH6","17.896","min","126.341","μmol/L","Humid","25.147","deg","213078","µV","30.866","°C","1015.000","hPa","36.5","pmil","0","55.720","deg","20.000","°C","100.000","%a.s.","22.420","deg","20.000","°C","971.000","hPa","0.861","-0.02617","0.00035","0","0","13.56","Humid","56.77","1","57.00","369737.04","SABD0002000014","AAV2.0.0.13","3.0.1.1413","PSt7-10","180726-015","6/18/2019 6:14:49 AM","0000-00","0","no battery","V"
"06/28/2019","10:42:29","6","default","651713401","OXY_CH6","17.913","min","126.330","μmol/L","Humid","25.148","deg","213083","µV","30.866","°C","1015.000","hPa","36.5","pmil","0","55.720","deg","20.000","°C","100.000","%a.s.","22.420","deg","20.000","°C","971.000","hPa","0.861","-0.02617","0.00035","0","0","13.56","Humid","56.77","1","57.00","369720.86","SABD0002000014","AAV2.0.0.13","3.0.1.1413","PSt7-10","180726-015","6/18/2019 6:14:49 AM","0000-00","0","no battery","V"
"06/28/2019","10:42:30","6","default","651713401","OXY_CH6","17.929","min","126.274","μmol/L","Humid","25.151","deg","213093","µV","30.872","°C","1015.000","hPa","36.5","pmil","0","55.720","deg","20.000","°C","100.000","%a.s.","22.420","deg","20.000","°C","971.000","hPa","0.861","-0.02617","0.00035","0","0","13.56","Humid","56.77","1","57.00","369707.76","SABD0002000014","AAV2.0.0.13","3.0.1.1413","PSt7-10","180726-015","6/18/2019 6:14:49 AM","0000-00","0","no battery","V"
"06/28/2019","10:42:31","6","default","651713401","OXY_CH6","17.946","min","126.279","μmol/L","Humid","25.153","deg","213110","µV","30.866","°C","1015.000","hPa","36.5","pmil","0","55.720","deg","20.000","°C","100.000","%a.s.","22.420","deg","20.000","°C","971.000","hPa","0.861","-0.02617","0.00035","0","0","13.56","Humid","56.77","1","57.00","369710.60","SABD0002000014","AAV2.0.0.13","3.0.1.1413","PSt7-10","180726-015","6/18/2019 6:14:49 AM","0000-00","0","no battery","V"
"06/28/2019","10:42:32","6","default","651713401","OXY_CH6","17.963","min","126.243","μmol/L","Humid","25.154","deg","213123","µV","30.872","°C","1015.000","hPa","36.5","pmil","0","55.720","deg","20.000","°C","100.000","%a.s.","22.420","deg","20.000","°C","971.000","hPa","0.861","-0.02617","0.00035","0","0","13.56","Humid","56.77","1","57.00","369724.08","SABD0002000014","AAV2.0.0.13","3.0.1.1413","PSt7-10","180726-015","6/18/2019 6:14:49 AM","0000-00","0","no battery","V"
"06/28/2019","10:42:33","6","default","651713401","OXY_CH6","17.980","min","126.233","μmol/L","Humid","25.155","deg","213143","µV","30.872","°C","1015.000","hPa","36.5","pmil","0","55.720","deg","20.000","°C","100.000","%a.s.","22.420","deg","20.000","°C","971.000","hPa","0.861","-0.02617","0.00035","0","0","13.56","Humid","56.77","1","57.00","369735.62","SABD0002000014","AAV2.0.0.13","3.0.1.1413","PSt7-10","180726-015","6/18/2019 6:14:49 AM","0000-00","0","no battery","V"
"06/28/2019","10:42:34","6","default","651713401","OXY_CH6","17.996","min","126.213","μmol/L","Humid","25.157","deg","213146","µV","30.872","°C","1015.000","hPa","36.5","pmil","0","55.720","deg","20.000","°C","100.000","%a.s.","22.420","deg","20.000","°C","971.000","hPa","0.861","-0.02617","0.00035","0","0","13.56","Humid","56.77","1","57.00","369714.80","SABD0002000014","AAV2.0.0.13","3.0.1.1413","PSt7-10","180726-015","6/18/2019 6:14:49 AM","0000-00","0","no battery","V"
"06/28/2019","10:42:35","6","default","651713401","OXY_CH6","18.013","min","126.227","μmol/L","Humid","25.158","deg","213167","µV","30.866","°C","1015.000","hPa","36.5","pmil","0","55.720","deg","20.000","°C","100.000","%a.s.","22.420","deg","20.000","°C","971.000","hPa","0.861","-0.02617","0.00035","0","0","13.56","Humid","56.77","1","57.00","369724.25","SABD0002000014","AAV2.0.0.13","3.0.1.1413","PSt7-10","180726-015","6/18/2019 6:14:49 AM","0000-00","0","no battery","V"
"06/28/2019","10:42:36","6","default","651713401","OXY_CH6","18.030","min","126.197","μmol/L","Humid","25.161","deg","213204","µV","30.866","°C","1015.000","hPa","36.5","pmil","0","55.720","deg","20.000","°C","100.000","%a.s.","22.420","deg","20.000","°C","971.000","hPa","0.861","-0.02617","0.00035","0","0","13.56","Humid","56.77","1","57.00","369729.45","SABD0002000014","AAV2.0.0.13","3.0.1.1413","PSt7-10","180726-015","6/18/2019 6:14:49 AM","0000-00","0","no battery","V"
"06/28/2019","10:42:37","6","default","651713401","OXY_CH6","18.046","min","126.166","μmol/L","Humid","25.164","deg","213213","µV","30.866","°C","1015.000","hPa","36.5","pmil","0","55.720","deg","20.000","°C","100.000","%a.s.","22.420","deg","20.000","°C","971.000","hPa","0.861","-0.02617","0.00035","0","0","13.56","Humid","56.77","1","57.00","369726.24","SABD0002000014","AAV2.0.0.13","3.0.1.1413","PSt7-10","180726-015","6/18/2019 6:14:49 AM","0000-00","0","no battery","V"
"06/28/2019","10:42:38","6","default","651713401","OXY_CH6","18.063","min","126.201","μmol/L","Humid","25.163","deg","213227","µV","30.860","°C","1015.000","hPa","36.5","pmil","0","55.720","deg","20.000","°C","100.000","%a.s.","22.420","deg","20.000","°C","971.000","hPa","0.861","-0.02617","0.00035","0","0","13.56","Humid","56.77","1","57.00","369729.36","SABD0002000014","AAV2.0.0.13","3.0.1.1413","PSt7-10","180726-015","6/18/2019 6:14:49 AM","0000-00","0","no battery","V"
"06/28/2019","10:42:39","6","default","651713401","OXY_CH6","18.079","min","126.095","μmol/L","Humid","25.166","deg","213237","µV","30.878","°C","1015.000","hPa","36.5","pmil","0","55.720","deg","20.000","°C","100.000","%a.s.","22.420","deg","20.000","°C","971.000","hPa","0.861","-0.02617","0.00035","0","0","13.56","Humid","56.77","1","57.00","369737.06","SABD0002000014","AAV2.0.0.13","3.0.1.1413","PSt7-10","180726-015","6/18/2019 6:14:49 AM","0000-00","0","no battery","V"
"06/28/2019","10:42:40","6","default","651713401","OXY_CH6","18.096","min","126.130","μmol/L","Humid","25.165","deg","213263","µV","30.872","°C","1015.000","hPa","36.5","pmil","0","55.720","deg","20.000","°C","100.000","%a.s.","22.420","deg","20.000","°C","971.000","hPa","0.861","-0.02617","0.00035","0","0","13.56","Humid","56.77","1","57.00","369731.57","SABD0002000014","AAV2.0.0.13","3.0.1.1413","PSt7-10","180726-015","6/18/2019 6:14:49 AM","0000-00","0","no battery","V"
"06/28/2019","10:42:41","6","default","651713401","OXY_CH6","18.113","min","126.089","μmol/L","Humid","25.169","deg","213293","µV","30.872","°C","1015.000","hPa","36.5","pmil","0","55.720","deg","20.000","°C","100.000","%a.s.","22.420","deg","20.000","°C","971.000","hPa","0.861","-0.02617","0.00035","0","0","13.56","Humid","56.77","1","57.00","369727.17","SABD0002000014","AAV2.0.0.13","3.0.1.1413","PSt7-10","180726-015","6/18/2019 6:14:49 AM","0000-00","0","no battery","V"
"06/28/2019","10:42:42","6","default","651713401","OXY_CH6","18.129","min","126.125","μmol/L","Humid","25.168","deg","213312","µV","30.866","°C","1015.000","hPa","36.5","pmil","0","55.720","deg","20.000","°C","100.000","%a.s.","22.420","deg","20.000","°C","971.000","hPa","0.861","-0.02617","0.00035","0","0","13.56","Humid","56.77","1","57.00","369717.28","SABD0002000014","AAV2.0.0.13","3.0.1.1413","PSt7-10","180726-015","6/18/2019 6:14:49 AM","0000-00","0","no battery","V"
"06/28/2019","10:42:43","6","default","651713401","OXY_CH6","18.146","min","126.069","μmol/L","Humid","25.171","deg","213319","µV","30.872","°C","1015.000","hPa","36.5","pmil","0","55.720","deg","20.000","°C","100.000","%a.s.","22.420","deg","20.000","°C","971.000","hPa","0.861","-0.02617","0.00035","0","0","13.56","Humid","56.77","1","57.00","369720.78","SABD0002000014","AAV2.0.0.13","3.0.1.1413","PSt7-10","180726-015","6/18/2019 6:14:49 AM","0000-00","0","no battery","V"
"06/28/2019","10:42:44","6","default","651713401","OXY_CH6","18.163","min","126.048","μmol/L","Humid","25.173","deg","213349","µV","30.872","°C","1015.000","hPa","36.5","pmil","0","55.720","deg","20.000","°C","100.000","%a.s.","22.420","deg","20.000","°C","971.000","hPa","0.861","-0.02617","0.00035","0","0","13.56","Humid","56.77","1","57.00","369733.74","SABD0002000014","AAV2.0.0.13","3.0.1.1413","PSt7-10","180726-015","6/18/2019 6:14:49 AM","0000-00","0","no battery","V"
"06/28/2019","10:42:45","6","default","651713401","OXY_CH6","18.180","min","126.017","μmol/L","Humid","25.176","deg","213358","µV","30.872","°C","1015.000","hPa","36.5","pmil","0","55.720","deg","20.000","°C","100.000","%a.s.","22.420","deg","20.000","°C","971.000","hPa","0.861","-0.02617","0.00035","0","0","13.56","Humid","56.77","1","57.00","369714.56","SABD0002000014","AAV2.0.0.13","3.0.1.1413","PSt7-10","180726-015","6/18/2019 6:14:49 AM","0000-00","0","no battery","V"
"06/28/2019","10:42:46","6","default","651713401","OXY_CH6","18.196","min","126.007","μmol/L","Humid","25.177","deg","213377","µV","30.872","°C","1015.000","hPa","36.5","pmil","0","55.720","deg","20.000","°C","100.000","%a.s.","22.420","deg","20.000","°C","971.000","hPa","0.861","-0.02617","0.00035","0","0","13.56","Humid","56.77","1","57.00","369713.30","SABD0002000014","AAV2.0.0.13","3.0.1.1413","PSt7-10","180726-015","6/18/2019 6:14:49 AM","0000-00","0","no battery","V"
"06/28/2019","10:42:47","6","default","651713401","OXY_CH6","18.212","min","126.007","μmol/L","Humid","25.177","deg","213395","µV","30.872","°C","1015.000","hPa","36.5","pmil","0","55.720","deg","20.000","°C","100.000","%a.s.","22.420","deg","20.000","°C","971.000","hPa","0.861","-0.02617","0.00035","0","0","13.56","Humid","56.77","1","57.00","369715.99","SABD0002000014","AAV2.0.0.13","3.0.1.1413","PSt7-10","180726-015","6/18/2019 6:14:49 AM","0000-00","0","no battery","V"
"06/28/2019","10:42:48","6","default","651713401","OXY_CH6","18.229","min","125.976","μmol/L","Humid","25.180","deg","213414","µV","30.872","°C","1015.000","hPa","36.5","pmil","0","55.720","deg","20.000","°C","100.000","%a.s.","22.420","deg","20.000","°C","971.000","hPa","0.861","-0.02617","0.00035","0","0","13.56","Humid","56.77","1","57.00","369717.08","SABD0002000014","AAV2.0.0.13","3.0.1.1413","PSt7-10","180726-015","6/18/2019 6:14:49 AM","0000-00","0","no battery","V"
"06/28/2019","10:42:49","6","default","651713401","OXY_CH6","18.246","min","125.920","μmol/L","Humid","25.183","deg","213443","µV","30.878","°C","1015.000","hPa","36.5","pmil","0","55.720","deg","20.000","°C","100.000","%a.s.","22.420","deg","20.000","°C","971.000","hPa","0.861","-0.02617","0.00035","0","0","13.56","Humid","56.77","1","57.00","369712.90","SABD0002000014","AAV2.0.0.13","3.0.1.1413","PSt7-10","180726-015","6/18/2019 6:14:49 AM","0000-00","0","no battery","V"
"06/28/2019","10:42:50","6","default","651713401","OXY_CH6","18.263","min","125.960","μmol/L","Humid","25.184","deg","213465","µV","30.866","°C","1015.000","hPa","36.5","pmil","0","55.720","deg","20.000","°C","100.000","%a.s.","22.420","deg","20.000","°C","971.000","hPa","0.861","-0.02617","0.00035","0","0","13.56","Humid","56.77","1","57.00","369722.97","SABD0002000014","AAV2.0.0.13","3.0.1.1413","PSt7-10","180726-015","6/18/2019 6:14:49 AM","0000-00","0","no battery","V"
"06/28/2019","10:42:51","6","default","651713401","OXY_CH6","18.279","min","125.879","μmol/L","Humid","25.187","deg","213467","µV","30.878","°C","1015.000","hPa","36.5","pmil","0","55.720","deg","20.000","°C","100.000","%a.s.","22.420","deg","20.000","°C","971.000","hPa","0.861","-0.02617","0.00035","0","0","13.56","Humid","56.77","1","57.00","369711.55","SABD0002000014","AAV2.0.0.13","3.0.1.1413","PSt7-10","180726-015","6/18/2019 6:14:49 AM","0000-00","0","no battery","V"
"06/28/2019","10:42:52","6","default","651713401","OXY_CH6","18.296","min","125.904","μmol/L","Humid","25.187","deg","213481","µV","30.872","°C","1015.000","hPa","36.5","pmil","0","55.720","deg","20.000","°C","100.000","%a.s.","22.420","deg","20.000","°C","971.000","hPa","0.861","-0.02617","0.00035","0","0","13.56","Humid","56.77","1","57.00","369718.30","SABD0002000014","AAV2.0.0.13","3.0.1.1413","PSt7-10","180726-015","6/18/2019 6:14:49 AM","0000-00","0","no battery","V"
"06/28/2019","10:42:53","6","default","651713401","OXY_CH6","18.313","min","125.828","μmol/L","Humid","25.192","deg","213498","µV","30.878","°C","1015.000","hPa","36.5","pmil","0","55.720","deg","20.000","°C","100.000","%a.s.","22.420","deg","20.000","°C","971.000","hPa","0.861","-0.02617","0.00035","0","0","13.56","Humid","56.77","1","57.00","369726.04","SABD0002000014","AAV2.0.0.13","3.0.1.1413","PSt7-10","180726-015","6/18/2019 6:14:49 AM","0000-00","0","no battery","V"
"06/28/2019","10:42:54","6","default","651713401","OXY_CH6","18.329","min","125.859","μmol/L","Humid","25.189","deg","213507","µV","30.878","°C","1015.000","hPa","36.5","pmil","0","55.720","deg","20.000","°C","100.000","%a.s.","22.420","deg","20.000","°C","971.000","hPa","0.861","-0.02617","0.00035","0","0","13.56","Humid","56.77","1","57.00","369720.71","SABD0002000014","AAV2.0.0.13","3.0.1.1413","PSt7-10","180726-015","6/18/2019 6:14:49 AM","0000-00","0","no battery","V"
"06/28/2019","10:42:55","6","default","651713401","OXY_CH6","18.346","min","125.818","μmol/L","Humid","25.193","deg","213516","µV","30.878","°C","1015.000","hPa","36.5","pmil","0","55.720","deg","20.000","°C","100.000","%a.s.","22.420","deg","20.000","°C","971.000","hPa","0.861","-0.02617","0.00035","0","0","13.56","Humid","56.77","1","57.00","369715.92","SABD0002000014","AAV2.0.0.13","3.0.1.1413","PSt7-10","180726-015","6/18/2019 6:14:49 AM","0000-00","0","no battery","V"
"06/28/2019","10:42:56","6","default","651713401","OXY_CH6","18.363","min","125.843","μmol/L","Humid","25.193","deg","213524","µV","30.872","°C","1015.000","hPa","36.5","pmil","0","55.720","deg","20.000","°C","100.000","%a.s.","22.420","deg","20.000","°C","971.000","hPa","0.861","-0.02617","0.00035","0","0","13.56","Humid","56.77","1","57.00","369706.52","SABD0002000014","AAV2.0.0.13","3.0.1.1413","PSt7-10","180726-015","6/18/2019 6:14:49 AM","0000-00","0","no battery","V"
"06/28/2019","10:42:57","6","default","651713401","OXY_CH6","18.379","min","125.806","μmol/L","Humid","25.199","deg","213543","µV","30.866","°C","1015.000","hPa","36.5","pmil","0","55.720","deg","20.000","°C","100.000","%a.s.","22.420","deg","20.000","°C","971.000","hPa","0.861","-0.02617","0.00035","0","0","13.56","Humid","56.77","1","57.00","369699.86","SABD0002000014","AAV2.0.0.13","3.0.1.1413","PSt7-10","180726-015","6/18/2019 6:14:49 AM","0000-00","0","no battery","V"
"06/28/2019","10:42:58","6","default","651713401","OXY_CH6","18.396","min","125.791","μmol/L","Humid","25.198","deg","213558","µV","30.872","°C","1015.000","hPa","36.5","pmil","0","55.720","deg","20.000","°C","100.000","%a.s.","22.420","deg","20.000","°C","971.000","hPa","0.861","-0.02617","0.00035","0","0","13.56","Humid","56.77","1","57.00","369708.35","SABD0002000014","AAV2.0.0.13","3.0.1.1413","PSt7-10","180726-015","6/18/2019 6:14:49 AM","0000-00","0","no battery","V"
"06/28/2019","10:42:59","6","default","651713401","OXY_CH6","18.413","min","125.791","μmol/L","Humid","25.198","deg","213581","µV","30.872","°C","1015.000","hPa","36.5","pmil","0","55.720","deg","20.000","°C","100.000","%a.s.","22.420","deg","20.000","°C","971.000","hPa","0.861","-0.02617","0.00035","0","0","13.56","Humid","56.77","1","57.00","369708.97","SABD0002000014","AAV2.0.0.13","3.0.1.1413","PSt7-10","180726-015","6/18/2019 6:14:49 AM","0000-00","0","no battery","V"
"06/28/2019","10:43:00","6","default","651713401","OXY_CH6","18.430","min","125.761","μmol/L","Humid","25.201","deg","213602","µV","30.872","°C","1015.000","hPa","36.5","pmil","0","55.720","deg","20.000","°C","100.000","%a.s.","22.420","deg","20.000","°C","971.000","hPa","0.861","-0.02617","0.00035","0","0","13.56","Humid","56.77","1","57.00","369722.07","SABD0002000014","AAV2.0.0.13","3.0.1.1413","PSt7-10","180726-015","6/18/2019 6:14:49 AM","0000-00","0","no battery","V"
"06/28/2019","10:43:01","6","default","651713401","OXY_CH6","18.446","min","125.725","μmol/L","Humid","25.202","deg","213629","µV","30.878","°C","1015.000","hPa","36.5","pmil","0","55.720","deg","20.000","°C","100.000","%a.s.","22.420","deg","20.000","°C","971.000","hPa","0.861","-0.02617","0.00035","0","0","13.56","Humid","56.77","1","57.00","369717.62","SABD0002000014","AAV2.0.0.13","3.0.1.1413","PSt7-10","180726-015","6/18/2019 6:14:49 AM","0000-00","0","no battery","V"
"06/28/2019","10:43:02","6","default","651713401","OXY_CH6","18.463","min","125.720","μmol/L","Humid","25.205","deg","213666","µV","30.872","°C","1015.000","hPa","36.5","pmil","0","55.720","deg","20.000","°C","100.000","%a.s.","22.420","deg","20.000","°C","971.000","hPa","0.861","-0.02617","0.00035","0","0","13.56","Humid","56.77","1","57.00","369721.90","SABD0002000014","AAV2.0.0.13","3.0.1.1413","PSt7-10","180726-015","6/18/2019 6:14:49 AM","0000-00","0","no battery","V"
"06/28/2019","10:43:03","6","default","651713401","OXY_CH6","18.480","min","125.684","μmol/L","Humid","25.206","deg","213669","µV","30.878","°C","1015.000","hPa","36.5","pmil","0","55.720","deg","20.000","°C","100.000","%a.s.","22.420","deg","20.000","°C","971.000","hPa","0.861","-0.02617","0.00035","0","0","13.56","Humid","56.77","1","57.00","369722.19","SABD0002000014","AAV2.0.0.13","3.0.1.1413","PSt7-10","180726-015","6/18/2019 6:14:49 AM","0000-00","0","no battery","V"
"06/28/2019","10:43:04","6","default","651713401","OXY_CH6","18.496","min","125.618","μmol/L","Humid","25.210","deg","213690","µV","30.885","°C","1015.000","hPa","36.5","pmil","0","55.720","deg","20.000","°C","100.000","%a.s.","22.420","deg","20.000","°C","971.000","hPa","0.861","-0.02617","0.00035","0","0","13.56","Humid","56.77","1","57.00","369736.35","SABD0002000014","AAV2.0.0.13","3.0.1.1413","PSt7-10","180726-015","6/18/2019 6:14:49 AM","0000-00","0","no battery","V"
"06/28/2019","10:43:05","6","default","651713401","OXY_CH6","18.513","min","125.643","μmol/L","Humid","25.210","deg","213698","µV","30.878","°C","1015.000","hPa","36.5","pmil","0","55.720","deg","20.000","°C","100.000","%a.s.","22.420","deg","20.000","°C","971.000","hPa","0.861","-0.02617","0.00035","0","0","13.56","Humid","56.77","1","57.00","369720.05","SABD0002000014","AAV2.0.0.13","3.0.1.1413","PSt7-10","180726-015","6/18/2019 6:14:49 AM","0000-00","0","no battery","V"
"06/28/2019","10:43:06","6","default","651713401","OXY_CH6","18.529","min","125.592","μmol/L","Humid","25.215","deg","213720","µV","30.878","°C","1015.000","hPa","36.5","pmil","0","55.720","deg","20.000","°C","100.000","%a.s.","22.420","deg","20.000","°C","971.000","hPa","0.861","-0.02617","0.00035","0","0","13.56","Humid","56.77","1","57.00","369715.02","SABD0002000014","AAV2.0.0.13","3.0.1.1413","PSt7-10","180726-015","6/18/2019 6:14:49 AM","0000-00","0","no battery","V"
"06/28/2019","10:43:07","6","default","651713401","OXY_CH6","18.546","min","125.602","μmol/L","Humid","25.214","deg","213739","µV","30.878","°C","1015.000","hPa","36.5","pmil","0","55.720","deg","20.000","°C","100.000","%a.s.","22.420","deg","20.000","°C","971.000","hPa","0.861","-0.02617","0.00035","0","0","13.56","Humid","56.77","1","57.00","369729.49","SABD0002000014","AAV2.0.0.13","3.0.1.1413","PSt7-10","180726-015","6/18/2019 6:14:49 AM","0000-00","0","no battery","V"
"06/28/2019","10:43:08","6","default","651713401","OXY_CH6","18.563","min","125.557","μmol/L","Humid","25.216","deg","213756","µV","30.885","°C","1015.000","hPa","36.5","pmil","0","55.720","deg","20.000","°C","100.000","%a.s.","22.420","deg","20.000","°C","971.000","hPa","0.861","-0.02617","0.00035","0","0","13.56","Humid","56.77","1","57.00","369727.67","SABD0002000014","AAV2.0.0.13","3.0.1.1413","PSt7-10","180726-015","6/18/2019 6:14:49 AM","0000-00","0","no battery","V"
"06/28/2019","10:43:09","6","default","651713401","OXY_CH6","18.580","min","125.572","μmol/L","Humid","25.217","deg","213780","µV","30.878","°C","1015.000","hPa","36.5","pmil","0","55.720","deg","20.000","°C","100.000","%a.s.","22.420","deg","20.000","°C","971.000","hPa","0.861","-0.02617","0.00035","0","0","13.56","Humid","56.77","1","57.00","369720.72","SABD0002000014","AAV2.0.0.13","3.0.1.1413","PSt7-10","180726-015","6/18/2019 6:14:49 AM","0000-00","0","no battery","V"
"06/28/2019","10:43:10","6","default","651713401","OXY_CH6","18.596","min","125.547","μmol/L","Humid","25.217","deg","213787","µV","30.885","°C","1015.000","hPa","36.5","pmil","0","55.720","deg","20.000","°C","100.000","%a.s.","22.420","deg","20.000","°C","971.000","hPa","0.861","-0.02617","0.00035","0","0","13.56","Humid","56.77","1","57.00","369717.78","SABD0002000014","AAV2.0.0.13","3.0.1.1413","PSt7-10","180726-015","6/18/2019 6:14:49 AM","0000-00","0","no battery","V"
"06/28/2019","10:43:11","6","default","651713401","OXY_CH6","18.613","min","125.541","μmol/L","Humid","25.220","deg","213804","µV","30.878","°C","1015.000","hPa","36.5","pmil","0","55.720","deg","20.000","°C","100.000","%a.s.","22.420","deg","20.000","°C","971.000","hPa","0.861","-0.02617","0.00035","0","0","13.56","Humid","56.77","1","57.00","369725.10","SABD0002000014","AAV2.0.0.13","3.0.1.1413","PSt7-10","180726-015","6/18/2019 6:14:49 AM","0000-00","0","no battery","V"
"06/28/2019","10:43:12","6","default","651713401","OXY_CH6","18.630","min","125.510","μmol/L","Humid","25.223","deg","213819","µV","30.878","°C","1015.000","hPa","36.5","pmil","0","55.720","deg","20.000","°C","100.000","%a.s.","22.420","deg","20.000","°C","971.000","hPa","0.861","-0.02617","0.00035","0","0","13.56","Humid","56.77","1","57.00","369725.38","SABD0002000014","AAV2.0.0.13","3.0.1.1413","PSt7-10","180726-015","6/18/2019 6:14:49 AM","0000-00","0","no battery","V"
"06/28/2019","10:43:13","6","default","651713401","OXY_CH6","18.646","min","125.556","μmol/L","Humid","25.221","deg","213829","µV","30.872","°C","1015.000","hPa","36.5","pmil","0","55.720","deg","20.000","°C","100.000","%a.s.","22.420","deg","20.000","°C","971.000","hPa","0.861","-0.02617","0.00035","0","0","13.56","Humid","56.77","1","57.00","369714.87","SABD0002000014","AAV2.0.0.13","3.0.1.1413","PSt7-10","180726-015","6/18/2019 6:14:49 AM","0000-00","0","no battery","V"
"06/28/2019","10:43:14","6","default","651713401","OXY_CH6","18.663","min","125.490","μmol/L","Humid","25.225","deg","213854","µV","30.878","°C","1015.000","hPa","36.5","pmil","0","55.720","deg","20.000","°C","100.000","%a.s.","22.420","deg","20.000","°C","971.000","hPa","0.861","-0.02617","0.00035","0","0","13.56","Humid","56.77","1","57.00","369712.79","SABD0002000014","AAV2.0.0.13","3.0.1.1413","PSt7-10","180726-015","6/18/2019 6:14:49 AM","0000-00","0","no battery","V"
"06/28/2019","10:43:15","6","default","651713401","OXY_CH6","18.680","min","125.440","μmol/L","Humid","25.225","deg","213872","µV","30.891","°C","1015.000","hPa","36.5","pmil","0","55.720","deg","20.000","°C","100.000","%a.s.","22.420","deg","20.000","°C","971.000","hPa","0.861","-0.02617","0.00035","0","0","13.56","Humid","56.77","1","57.00","369721.36","SABD0002000014","AAV2.0.0.13","3.0.1.1413","PSt7-10","180726-015","6/18/2019 6:14:49 AM","0000-00","0","no battery","V"
"06/28/2019","10:43:16","6","default","651713401","OXY_CH6","18.696","min","125.474","μmol/L","Humid","25.229","deg","213887","µV","30.872","°C","1015.000","hPa","36.5","pmil","0","55.720","deg","20.000","°C","100.000","%a.s.","22.420","deg","20.000","°C","971.000","hPa","0.861","-0.02617","0.00035","0","0","13.56","Humid","56.77","1","57.00","369716.37","SABD0002000014","AAV2.0.0.13","3.0.1.1413","PSt7-10","180726-015","6/18/2019 6:14:49 AM","0000-00","0","no battery","V"
"06/28/2019","10:43:17","6","default","651713401","OXY_CH6","18.713","min","125.408","μmol/L","Humid","25.233","deg","213890","µV","30.878","°C","1015.000","hPa","36.5","pmil","0","55.720","deg","20.000","°C","100.000","%a.s.","22.420","deg","20.000","°C","971.000","hPa","0.861","-0.02617","0.00035","0","0","13.56","Humid","56.77","1","57.00","369705.34","SABD0002000014","AAV2.0.0.13","3.0.1.1413","PSt7-10","180726-015","6/18/2019 6:14:49 AM","0000-00","0","no battery","V"
"06/28/2019","10:43:18","6","default","651713401","OXY_CH6","18.730","min","125.418","μmol/L","Humid","25.232","deg","213919","µV","30.878","°C","1015.000","hPa","36.5","pmil","0","55.720","deg","20.000","°C","100.000","%a.s.","22.420","deg","20.000","°C","971.000","hPa","0.861","-0.02617","0.00035","0","0","13.56","Humid","56.77","1","57.00","369710.72","SABD0002000014","AAV2.0.0.13","3.0.1.1413","PSt7-10","180726-015","6/18/2019 6:14:49 AM","0000-00","0","no battery","V"
"06/28/2019","10:43:19","6","default","651713401","OXY_CH6","18.746","min","125.393","μmol/L","Humid","25.232","deg","213942","µV","30.885","°C","1015.000","hPa","36.5","pmil","0","55.720","deg","20.000","°C","100.000","%a.s.","22.420","deg","20.000","°C","971.000","hPa","0.861","-0.02617","0.00035","0","0","13.56","Humid","56.77","1","57.00","369715.46","SABD0002000014","AAV2.0.0.13","3.0.1.1413","PSt7-10","180726-015","6/18/2019 6:14:49 AM","0000-00","0","no battery","V"
"06/28/2019","10:43:20","6","default","651713401","OXY_CH6","18.762","min","125.363","μmol/L","Humid","25.235","deg","213942","µV","30.885","°C","1015.000","hPa","36.5","pmil","0","55.720","deg","20.000","°C","100.000","%a.s.","22.420","deg","20.000","°C","971.000","hPa","0.861","-0.02617","0.00035","0","0","13.56","Humid","56.77","1","57.00","369716.63","SABD0002000014","AAV2.0.0.13","3.0.1.1413","PSt7-10","180726-015","6/18/2019 6:14:49 AM","0000-00","0","no battery","V"
"06/28/2019","10:43:21","6","default","651713401","OXY_CH6","18.779","min","125.388","μmol/L","Humid","25.235","deg","213987","µV","30.878","°C","1015.000","hPa","36.5","pmil","0","55.720","deg","20.000","°C","100.000","%a.s.","22.420","deg","20.000","°C","971.000","hPa","0.861","-0.02617","0.00035","0","0","13.56","Humid","56.77","1","57.00","369705.46","SABD0002000014","AAV2.0.0.13","3.0.1.1413","PSt7-10","180726-015","6/18/2019 6:14:49 AM","0000-00","0","no battery","V"
"06/28/2019","10:43:22","6","default","651713401","OXY_CH6","18.796","min","125.332","μmol/L","Humid","25.238","deg","214001","µV","30.885","°C","1015.000","hPa","36.5","pmil","0","55.720","deg","20.000","°C","100.000","%a.s.","22.420","deg","20.000","°C","971.000","hPa","0.861","-0.02617","0.00035","0","0","13.56","Humid","56.77","1","57.00","369725.63","SABD0002000014","AAV2.0.0.13","3.0.1.1413","PSt7-10","180726-015","6/18/2019 6:14:49 AM","0000-00","0","no battery","V"
"06/28/2019","10:43:23","6","default","651713401","OXY_CH6","18.813","min","125.337","μmol/L","Humid","25.240","deg","214031","µV","30.878","°C","1015.000","hPa","36.5","pmil","0","55.720","deg","20.000","°C","100.000","%a.s.","22.420","deg","20.000","°C","971.000","hPa","0.861","-0.02617","0.00035","0","0","13.56","Humid","56.77","1","57.00","369724.34","SABD0002000014","AAV2.0.0.13","3.0.1.1413","PSt7-10","180726-015","6/18/2019 6:14:49 AM","0000-00","0","no battery","V"
"06/28/2019","10:43:24","6","default","651713401","OXY_CH6","18.830","min","125.302","μmol/L","Humid","25.241","deg","214033","µV","30.885","°C","1015.000","hPa","36.5","pmil","0","55.720","deg","20.000","°C","100.000","%a.s.","22.420","deg","20.000","°C","971.000","hPa","0.861","-0.02617","0.00035","0","0","13.56","Humid","56.77","1","57.00","369717.26","SABD0002000014","AAV2.0.0.13","3.0.1.1413","PSt7-10","180726-015","6/18/2019 6:14:49 AM","0000-00","0","no battery","V"
"06/28/2019","10:43:25","6","default","651713401","OXY_CH6","18.846","min","125.266","μmol/L","Humid","25.242","deg","214047","µV","30.891","°C","1015.000","hPa","36.5","pmil","0","55.720","deg","20.000","°C","100.000","%a.s.","22.420","deg","20.000","°C","971.000","hPa","0.861","-0.02617","0.00035","0","0","13.56","Humid","56.77","1","57.00","369701.55","SABD0002000014","AAV2.0.0.13","3.0.1.1413","PSt7-10","180726-015","6/18/2019 6:14:49 AM","0000-00","0","no battery","V"
"06/28/2019","10:43:26","6","default","651713401","OXY_CH6","18.863","min","125.271","μmol/L","Humid","25.244","deg","214074","µV","30.885","°C","1015.000","hPa","36.5","pmil","0","55.720","deg","20.000","°C","100.000","%a.s.","22.420","deg","20.000","°C","971.000","hPa","0.861","-0.02617","0.00035","0","0","13.56","Humid","56.77","1","57.00","369729.82","SABD0002000014","AAV2.0.0.13","3.0.1.1413","PSt7-10","180726-015","6/18/2019 6:14:49 AM","0000-00","0","no battery","V"
"06/28/2019","10:43:27","6","default","651713401","OXY_CH6","18.879","min","125.240","μmol/L","Humid","25.247","deg","214095","µV","30.885","°C","1015.000","hPa","36.5","pmil","0","55.720","deg","20.000","°C","100.000","%a.s.","22.420","deg","20.000","°C","971.000","hPa","0.861","-0.02617","0.00035","0","0","13.56","Humid","56.77","1","57.00","369726.10","SABD0002000014","AAV2.0.0.13","3.0.1.1413","PSt7-10","180726-015","6/18/2019 6:14:49 AM","0000-00","0","no battery","V"
"06/28/2019","10:43:28","6","default","651713401","OXY_CH6","18.896","min","125.280","μmol/L","Humid","25.248","deg","214111","µV","30.872","°C","1015.000","hPa","36.5","pmil","0","55.720","deg","20.000","°C","100.000","%a.s.","22.420","deg","20.000","°C","971.000","hPa","0.861","-0.02617","0.00035","0","0","13.56","Humid","56.77","1","57.00","369718.41","SABD0002000014","AAV2.0.0.13","3.0.1.1413","PSt7-10","180726-015","6/18/2019 6:14:49 AM","0000-00","0","no battery","V"
"06/28/2019","10:43:29","6","default","651713401","OXY_CH6","18.913","min","125.235","μmol/L","Humid","25.250","deg","214122","µV","30.878","°C","1015.000","hPa","36.5","pmil","0","55.720","deg","20.000","°C","100.000","%a.s.","22.420","deg","20.000","°C","971.000","hPa","0.861","-0.02617","0.00035","0","0","13.56","Humid","56.77","1","57.00","369719.51","SABD0002000014","AAV2.0.0.13","3.0.1.1413","PSt7-10","180726-015","6/18/2019 6:14:49 AM","0000-00","0","no battery","V"
"06/28/2019","10:43:30","6","default","651713401","OXY_CH6","18.930","min","125.200","μmol/L","Humid","25.251","deg","214143","µV","30.885","°C","1015.000","hPa","36.5","pmil","0","55.720","deg","20.000","°C","100.000","%a.s.","22.420","deg","20.000","°C","971.000","hPa","0.861","-0.02617","0.00035","0","0","13.56","Humid","56.77","1","57.00","369724.26","SABD0002000014","AAV2.0.0.13","3.0.1.1413","PSt7-10","180726-015","6/18/2019 6:14:49 AM","0000-00","0","no battery","V"
"06/28/2019","10:43:31","6","default","651713401","OXY_CH6","18.947","min","125.214","μmol/L","Humid","25.252","deg","214161","µV","30.878","°C","1015.000","hPa","36.5","pmil","0","55.720","deg","20.000","°C","100.000","%a.s.","22.420","deg","20.000","°C","971.000","hPa","0.861","-0.02617","0.00035","0","0","13.56","Humid","56.77","1","57.00","369720.28","SABD0002000014","AAV2.0.0.13","3.0.1.1413","PSt7-10","180726-015","6/18/2019 6:14:49 AM","0000-00","0","no battery","V"
"06/28/2019","10:43:32","6","default","651713401","OXY_CH6","18.963","min","125.174","μmol/L","Humid","25.256","deg","214173","µV","30.878","°C","1015.000","hPa","36.5","pmil","0","55.720","deg","20.000","°C","100.000","%a.s.","22.420","deg","20.000","°C","971.000","hPa","0.861","-0.02617","0.00035","0","0","13.56","Humid","56.77","1","57.00","369734.55","SABD0002000014","AAV2.0.0.13","3.0.1.1413","PSt7-10","180726-015","6/18/2019 6:14:49 AM","0000-00","0","no battery","V"
"06/28/2019","10:43:33","6","default","651713401","OXY_CH6","18.979","min","125.128","μmol/L","Humid","25.258","deg","214168","µV","30.885","°C","1015.000","hPa","36.5","pmil","0","55.720","deg","20.000","°C","100.000","%a.s.","22.420","deg","20.000","°C","971.000","hPa","0.861","-0.02617","0.00035","0","0","13.56","Humid","56.77","1","57.00","369717.67","SABD0002000014","AAV2.0.0.13","3.0.1.1413","PSt7-10","180726-015","6/18/2019 6:14:49 AM","0000-00","0","no battery","V"
"06/28/2019","10:43:34","6","default","651713401","OXY_CH6","18.996","min","125.143","μmol/L","Humid","25.259","deg","214191","µV","30.878","°C","1015.000","hPa","36.5","pmil","0","55.720","deg","20.000","°C","100.000","%a.s.","22.420","deg","20.000","°C","971.000","hPa","0.861","-0.02617","0.00035","0","0","13.56","Humid","56.77","1","57.00","369734.73","SABD0002000014","AAV2.0.0.13","3.0.1.1413","PSt7-10","180726-015","6/18/2019 6:14:49 AM","0000-00","0","no battery","V"
"06/28/2019","10:43:35","6","default","651713401","OXY_CH6","19.013","min","125.108","μmol/L","Humid","25.260","deg","214211","µV","30.885","°C","1015.000","hPa","36.5","pmil","0","55.720","deg","20.000","°C","100.000","%a.s.","22.420","deg","20.000","°C","971.000","hPa","0.861","-0.02617","0.00035","0","0","13.56","Humid","56.77","1","57.00","369721.92","SABD0002000014","AAV2.0.0.13","3.0.1.1413","PSt7-10","180726-015","6/18/2019 6:14:49 AM","0000-00","0","no battery","V"
"06/28/2019","10:43:36","6","default","651713401","OXY_CH6","19.030","min","125.087","μmol/L","Humid","25.262","deg","214232","µV","30.885","°C","1015.000","hPa","36.5","pmil","0","55.720","deg","20.000","°C","100.000","%a.s.","22.420","deg","20.000","°C","971.000","hPa","0.861","-0.02617","0.00035","0","0","13.56","Humid","56.77","1","57.00","369724.02","SABD0002000014","AAV2.0.0.13","3.0.1.1413","PSt7-10","180726-015","6/18/2019 6:14:49 AM","0000-00","0","no battery","V"
"06/28/2019","10:43:37","6","default","651713401","OXY_CH6","19.046","min","125.067","μmol/L","Humid","25.264","deg","214249","µV","30.885","°C","1015.000","hPa","36.5","pmil","0","55.720","deg","20.000","°C","100.000","%a.s.","22.420","deg","20.000","°C","971.000","hPa","0.861","-0.02617","0.00035","0","0","13.56","Humid","56.77","1","57.00","369721.13","SABD0002000014","AAV2.0.0.13","3.0.1.1413","PSt7-10","180726-015","6/18/2019 6:14:49 AM","0000-00","0","no battery","V"
"06/28/2019","10:43:38","6","default","651713401","OXY_CH6","19.063","min","125.047","μmol/L","Humid","25.266","deg","214267","µV","30.885","°C","1015.000","hPa","36.5","pmil","0","55.720","deg","20.000","°C","100.000","%a.s.","22.420","deg","20.000","°C","971.000","hPa","0.861","-0.02617","0.00035","0","0","13.56","Humid","56.77","1","57.00","369733.01","SABD0002000014","AAV2.0.0.13","3.0.1.1413","PSt7-10","180726-015","6/18/2019 6:14:49 AM","0000-00","0","no battery","V"
"06/28/2019","10:43:39","6","default","651713401","OXY_CH6","19.079","min","125.072","μmol/L","Humid","25.266","deg","214295","µV","30.878","°C","1015.000","hPa","36.5","pmil","0","55.720","deg","20.000","°C","100.000","%a.s.","22.420","deg","20.000","°C","971.000","hPa","0.861","-0.02617","0.00035","0","0","13.56","Humid","56.77","1","57.00","369720.97","SABD0002000014","AAV2.0.0.13","3.0.1.1413","PSt7-10","180726-015","6/18/2019 6:14:49 AM","0000-00","0","no battery","V"
"06/28/2019","10:43:40","6","default","651713401","OXY_CH6","19.096","min","125.001","μmol/L","Humid","25.268","deg","214327","µV","30.891","°C","1015.000","hPa","36.5","pmil","0","55.720","deg","20.000","°C","100.000","%a.s.","22.420","deg","20.000","°C","971.000","hPa","0.861","-0.02617","0.00035","0","0","13.56","Humid","56.77","1","57.00","369728.67","SABD0002000014","AAV2.0.0.13","3.0.1.1413","PSt7-10","180726-015","6/18/2019 6:14:49 AM","0000-00","0","no battery","V"
"06/28/2019","10:43:41","6","default","651713401","OXY_CH6","19.112","min","125.001","μmol/L","Humid","25.268","deg","214334","µV","30.891","°C","1015.000","hPa","36.5","pmil","0","55.720","deg","20.000","°C","100.000","%a.s.","22.420","deg","20.000","°C","971.000","hPa","0.861","-0.02617","0.00035","0","0","13.56","Humid","56.77","1","57.00","369717.89","SABD0002000014","AAV2.0.0.13","3.0.1.1413","PSt7-10","180726-015","6/18/2019 6:14:49 AM","0000-00","0","no battery","V"
"06/28/2019","10:43:42","6","default","651713401","OXY_CH6","19.129","min","124.990","μmol/L","Humid","25.274","deg","214354","µV","30.878","°C","1015.000","hPa","36.5","pmil","0","55.720","deg","20.000","°C","100.000","%a.s.","22.420","deg","20.000","°C","971.000","hPa","0.861","-0.02617","0.00035","0","0","13.56","Humid","56.77","1","57.00","369718.29","SABD0002000014","AAV2.0.0.13","3.0.1.1413","PSt7-10","180726-015","6/18/2019 6:14:49 AM","0000-00","0","no battery","V"
"06/28/2019","10:43:43","6","default","651713401","OXY_CH6","19.146","min","124.955","μmol/L","Humid","25.275","deg","214379","µV","30.885","°C","1015.000","hPa","36.5","pmil","0","55.720","deg","20.000","°C","100.000","%a.s.","22.420","deg","20.000","°C","971.000","hPa","0.861","-0.02617","0.00035","0","0","13.56","Humid","56.77","1","57.00","369714.46","SABD0002000014","AAV2.0.0.13","3.0.1.1413","PSt7-10","180726-015","6/18/2019 6:14:49 AM","0000-00","0","no battery","V"
"06/28/2019","10:43:44","6","default","651713401","OXY_CH6","19.163","min","124.935","μmol/L","Humid","25.277","deg","214406","µV","30.885","°C","1015.000","hPa","36.5","pmil","0","55.720","deg","20.000","°C","100.000","%a.s.","22.420","deg","20.000","°C","971.000","hPa","0.861","-0.02617","0.00035","0","0","13.56","Humid","56.77","1","57.00","369724.17","SABD0002000014","AAV2.0.0.13","3.0.1.1413","PSt7-10","180726-015","6/18/2019 6:14:49 AM","0000-00","0","no battery","V"
"06/28/2019","10:43:45","6","default","651713401","OXY_CH6","19.180","min","124.935","μmol/L","Humid","25.277","deg","214418","µV","30.885","°C","1015.000","hPa","36.5","pmil","0","55.720","deg","20.000","°C","100.000","%a.s.","22.420","deg","20.000","°C","971.000","hPa","0.861","-0.02617","0.00035","0","0","13.56","Humid","56.77","1","57.00","369713.42","SABD0002000014","AAV2.0.0.13","3.0.1.1413","PSt7-10","180726-015","6/18/2019 6:14:49 AM","0000-00","0","no battery","V"
"06/28/2019","10:43:46","6","default","651713401","OXY_CH6","19.196","min","124.914","μmol/L","Humid","25.279","deg","214451","µV","30.885","°C","1015.000","hPa","36.5","pmil","0","55.720","deg","20.000","°C","100.000","%a.s.","22.420","deg","20.000","°C","971.000","hPa","0.861","-0.02617","0.00035","0","0","13.56","Humid","56.77","1","57.00","369714.23","SABD0002000014","AAV2.0.0.13","3.0.1.1413","PSt7-10","180726-015","6/18/2019 6:14:49 AM","0000-00","0","no battery","V"
"06/28/2019","10:43:47","6","default","651713401","OXY_CH6","19.213","min","124.884","μmol/L","Humid","25.282","deg","214481","µV","30.885","°C","1015.000","hPa","36.5","pmil","0","55.720","deg","20.000","°C","100.000","%a.s.","22.420","deg","20.000","°C","971.000","hPa","0.861","-0.02617","0.00035","0","0","13.56","Humid","56.77","1","57.00","369727.38","SABD0002000014","AAV2.0.0.13","3.0.1.1413","PSt7-10","180726-015","6/18/2019 6:14:49 AM","0000-00","0","no battery","V"
"06/28/2019","10:43:48","6","default","651713401","OXY_CH6","19.230","min","124.874","μmol/L","Humid","25.283","deg","214503","µV","30.885","°C","1015.000","hPa","36.5","pmil","0","55.720","deg","20.000","°C","100.000","%a.s.","22.420","deg","20.000","°C","971.000","hPa","0.861","-0.02617","0.00035","0","0","13.56","Humid","56.77","1","57.00","369724.53","SABD0002000014","AAV2.0.0.13","3.0.1.1413","PSt7-10","180726-015","6/18/2019 6:14:49 AM","0000-00","0","no battery","V"
"06/28/2019","10:43:49","6","default","651713401","OXY_CH6","19.246","min","124.843","μmol/L","Humid","25.286","deg","214516","µV","30.885","°C","1015.000","hPa","36.5","pmil","0","55.720","deg","20.000","°C","100.000","%a.s.","22.420","deg","20.000","°C","971.000","hPa","0.861","-0.02617","0.00035","0","0","13.56","Humid","56.77","1","57.00","369711.66","SABD0002000014","AAV2.0.0.13","3.0.1.1413","PSt7-10","180726-015","6/18/2019 6:14:49 AM","0000-00","0","no battery","V"
"06/28/2019","10:43:50","6","default","651713401","OXY_CH6","19.263","min","124.854","μmol/L","Humid","25.285","deg","214532","µV","30.885","°C","1015.000","hPa","36.5","pmil","0","55.720","deg","20.000","°C","100.000","%a.s.","22.420","deg","20.000","°C","971.000","hPa","0.861","-0.02617","0.00035","0","0","13.56","Humid","56.77","1","57.00","369717.03","SABD0002000014","AAV2.0.0.13","3.0.1.1413","PSt7-10","180726-015","6/18/2019 6:14:49 AM","0000-00","0","no battery","V"
"06/28/2019","10:43:51","6","default","651713401","OXY_CH6","19.279","min","124.833","μmol/L","Humid","25.287","deg","214548","µV","30.885","°C","1015.000","hPa","36.5","pmil","0","55.720","deg","20.000","°C","100.000","%a.s.","22.420","deg","20.000","°C","971.000","hPa","0.861","-0.02617","0.00035","0","0","13.56","Humid","56.77","1","57.00","369703.11","SABD0002000014","AAV2.0.0.13","3.0.1.1413","PSt7-10","180726-015","6/18/2019 6:14:49 AM","0000-00","0","no battery","V"
"06/28/2019","10:43:52","6","default","651713401","OXY_CH6","19.296","min","124.768","μmol/L","Humid","25.291","deg","214575","µV","30.891","°C","1015.000","hPa","36.5","pmil","0","55.720","deg","20.000","°C","100.000","%a.s.","22.420","deg","20.000","°C","971.000","hPa","0.861","-0.02617","0.00035","0","0","13.56","Humid","56.77","1","57.00","369719.32","SABD0002000014","AAV2.0.0.13","3.0.1.1413","PSt7-10","180726-015","6/18/2019 6:14:49 AM","0000-00","0","no battery","V"
"06/28/2019","10:43:53","6","default","651713401","OXY_CH6","19.313","min","124.778","μmol/L","Humid","25.290","deg","214585","µV","30.891","°C","1015.000","hPa","36.5","pmil","0","55.720","deg","20.000","°C","100.000","%a.s.","22.420","deg","20.000","°C","971.000","hPa","0.861","-0.02617","0.00035","0","0","13.56","Humid","56.77","1","57.00","369712.47","SABD0002000014","AAV2.0.0.13","3.0.1.1413","PSt7-10","180726-015","6/18/2019 6:14:49 AM","0000-00","0","no battery","V"
"06/28/2019","10:43:54","6","default","651713401","OXY_CH6","19.330","min","124.793","μmol/L","Humid","25.291","deg","214606","µV","30.885","°C","1015.000","hPa","36.5","pmil","0","55.720","deg","20.000","°C","100.000","%a.s.","22.420","deg","20.000","°C","971.000","hPa","0.861","-0.02617","0.00035","0","0","13.56","Humid","56.77","1","57.00","369716.80","SABD0002000014","AAV2.0.0.13","3.0.1.1413","PSt7-10","180726-015","6/18/2019 6:14:49 AM","0000-00","0","no battery","V"
"06/28/2019","10:43:55","6","default","651713401","OXY_CH6","19.346","min","124.762","μmol/L","Humid","25.294","deg","214625","µV","30.885","°C","1015.000","hPa","36.5","pmil","0","55.720","deg","20.000","°C","100.000","%a.s.","22.420","deg","20.000","°C","971.000","hPa","0.861","-0.02617","0.00035","0","0","13.56","Humid","56.77","1","57.00","369718.35","SABD0002000014","AAV2.0.0.13","3.0.1.1413","PSt7-10","180726-015","6/18/2019 6:14:49 AM","0000-00","0","no battery","V"
"06/28/2019","10:43:56","6","default","651713401","OXY_CH6","19.363","min","124.727","μmol/L","Humid","25.295","deg","214646","µV","30.891","°C","1015.000","hPa","36.5","pmil","0","55.720","deg","20.000","°C","100.000","%a.s.","22.420","deg","20.000","°C","971.000","hPa","0.861","-0.02617","0.00035","0","0","13.56","Humid","56.77","1","57.00","369710.31","SABD0002000014","AAV2.0.0.13","3.0.1.1413","PSt7-10","180726-015","6/18/2019 6:14:49 AM","0000-00","0","no battery","V"
"06/28/2019","10:43:57","6","default","651713401","OXY_CH6","19.380","min","124.777","μmol/L","Humid","25.295","deg","214667","µV","30.878","°C","1015.000","hPa","36.5","pmil","0","55.720","deg","20.000","°C","100.000","%a.s.","22.420","deg","20.000","°C","971.000","hPa","0.861","-0.02617","0.00035","0","0","13.56","Humid","56.77","1","57.00","369722.04","SABD0002000014","AAV2.0.0.13","3.0.1.1413","PSt7-10","180726-015","6/18/2019 6:14:49 AM","0000-00","0","no battery","V"
"06/28/2019","10:43:58","6","default","651713401","OXY_CH6","19.396","min","124.691","μmol/L","Humid","25.301","deg","214670","µV","30.885","°C","1015.000","hPa","36.5","pmil","0","55.720","deg","20.000","°C","100.000","%a.s.","22.420","deg","20.000","°C","971.000","hPa","0.861","-0.02617","0.00035","0","0","13.56","Humid","56.77","1","57.00","369721.25","SABD0002000014","AAV2.0.0.13","3.0.1.1413","PSt7-10","180726-015","6/18/2019 6:14:49 AM","0000-00","0","no battery","V"
"06/28/2019","10:43:59","6","default","651713401","OXY_CH6","19.412","min","124.671","μmol/L","Humid","25.303","deg","214698","µV","30.885","°C","1015.000","hPa","36.5","pmil","0","55.720","deg","20.000","°C","100.000","%a.s.","22.420","deg","20.000","°C","971.000","hPa","0.861","-0.02617","0.00035","0","0","13.56","Humid","56.77","1","57.00","369717.06","SABD0002000014","AAV2.0.0.13","3.0.1.1413","PSt7-10","180726-015","6/18/2019 6:14:49 AM","0000-00","0","no battery","V"
"06/28/2019","10:44:00","6","default","651713401","OXY_CH6","19.429","min","124.666","μmol/L","Humid","25.301","deg","214708","µV","30.891","°C","1015.000","hPa","36.5","pmil","0","55.720","deg","20.000","°C","100.000","%a.s.","22.420","deg","20.000","°C","971.000","hPa","0.861","-0.02617","0.00035","0","0","13.56","Humid","56.77","1","57.00","369709.23","SABD0002000014","AAV2.0.0.13","3.0.1.1413","PSt7-10","180726-015","6/18/2019 6:14:49 AM","0000-00","0","no battery","V"
"06/28/2019","10:44:01","6","default","651713401","OXY_CH6","19.446","min","124.640","μmol/L","Humid","25.306","deg","214738","µV","30.885","°C","1015.000","hPa","36.5","pmil","0","55.720","deg","20.000","°C","100.000","%a.s.","22.420","deg","20.000","°C","971.000","hPa","0.861","-0.02617","0.00035","0","0","13.56","Humid","56.77","1","57.00","369721.36","SABD0002000014","AAV2.0.0.13","3.0.1.1413","PSt7-10","180726-015","6/18/2019 6:14:49 AM","0000-00","0","no battery","V"
"06/28/2019","10:44:02","6","default","651713401","OXY_CH6","19.462","min","124.615","μmol/L","Humid","25.306","deg","214745","µV","30.891","°C","1015.000","hPa","36.5","pmil","0","55.720","deg","20.000","°C","100.000","%a.s.","22.420","deg","20.000","°C","971.000","hPa","0.861","-0.02617","0.00035","0","0","13.56","Humid","56.77","1","57.00","369721.31","SABD0002000014","AAV2.0.0.13","3.0.1.1413","PSt7-10","180726-015","6/18/2019 6:14:49 AM","0000-00","0","no battery","V"
"06/28/2019","10:44:03","6","default","651713401","OXY_CH6","19.479","min","124.600","μmol/L","Humid","25.310","deg","214773","µV","30.885","°C","1015.000","hPa","36.5","pmil","0","55.720","deg","20.000","°C","100.000","%a.s.","22.420","deg","20.000","°C","971.000","hPa","0.861","-0.02617","0.00035","0","0","13.56","Humid","56.77","1","57.00","369718.02","SABD0002000014","AAV2.0.0.13","3.0.1.1413","PSt7-10","180726-015","6/18/2019 6:14:49 AM","0000-00","0","no battery","V"
"06/28/2019","10:44:04","6","default","651713401","OXY_CH6","19.496","min","124.614","μmol/L","Humid","25.311","deg","214804","µV","30.878","°C","1015.000","hPa","36.5","pmil","0","55.720","deg","20.000","°C","100.000","%a.s.","22.420","deg","20.000","°C","971.000","hPa","0.861","-0.02617","0.00035","0","0","13.56","Humid","56.77","1","57.00","369729.91","SABD0002000014","AAV2.0.0.13","3.0.1.1413","PSt7-10","180726-015","6/18/2019 6:14:49 AM","0000-00","0","no battery","V"
"06/28/2019","10:44:05","6","default","651713401","OXY_CH6","19.513","min","124.565","μmol/L","Humid","25.311","deg","214814","µV","30.891","°C","1015.000","hPa","36.5","pmil","0","55.720","deg","20.000","°C","100.000","%a.s.","22.420","deg","20.000","°C","971.000","hPa","0.861","-0.02617","0.00035","0","0","13.56","Humid","56.77","1","57.00","369728.31","SABD0002000014","AAV2.0.0.13","3.0.1.1413","PSt7-10","180726-015","6/18/2019 6:14:49 AM","0000-00","0","no battery","V"
"06/28/2019","10:44:06","6","default","651713401","OXY_CH6","19.530","min","124.524","μmol/L","Humid","25.315","deg","214834","µV","30.891","°C","1015.000","hPa","36.5","pmil","0","55.720","deg","20.000","°C","100.000","%a.s.","22.420","deg","20.000","°C","971.000","hPa","0.861","-0.02617","0.00035","0","0","13.56","Humid","56.77","1","57.00","369728.62","SABD0002000014","AAV2.0.0.13","3.0.1.1413","PSt7-10","180726-015","6/18/2019 6:14:49 AM","0000-00","0","no battery","V"
"06/28/2019","10:44:07","6","default","651713401","OXY_CH6","19.547","min","124.499","μmol/L","Humid","25.315","deg","214832","µV","30.897","°C","1015.000","hPa","36.5","pmil","0","55.720","deg","20.000","°C","100.000","%a.s.","22.420","deg","20.000","°C","971.000","hPa","0.861","-0.02617","0.00035","0","0","13.56","Humid","56.77","1","57.00","369727.27","SABD0002000014","AAV2.0.0.13","3.0.1.1413","PSt7-10","180726-015","6/18/2019 6:14:49 AM","0000-00","0","no battery","V"
"06/28/2019","10:44:08","6","default","651713401","OXY_CH6","19.563","min","124.484","μmol/L","Humid","25.319","deg","214858","µV","30.891","°C","1015.000","hPa","36.5","pmil","0","55.720","deg","20.000","°C","100.000","%a.s.","22.420","deg","20.000","°C","971.000","hPa","0.861","-0.02617","0.00035","0","0","13.56","Humid","56.77","1","57.00","369725.38","SABD0002000014","AAV2.0.0.13","3.0.1.1413","PSt7-10","180726-015","6/18/2019 6:14:49 AM","0000-00","0","no battery","V"
"06/28/2019","10:44:09","6","default","651713401","OXY_CH6","19.580","min","124.484","μmol/L","Humid","25.319","deg","214864","µV","30.891","°C","1015.000","hPa","36.5","pmil","0","55.720","deg","20.000","°C","100.000","%a.s.","22.420","deg","20.000","°C","971.000","hPa","0.861","-0.02617","0.00035","0","0","13.56","Humid","56.77","1","57.00","369737.24","SABD0002000014","AAV2.0.0.13","3.0.1.1413","PSt7-10","180726-015","6/18/2019 6:14:49 AM","0000-00","0","no battery","V"
"06/28/2019","10:44:10","6","default","651713401","OXY_CH6","19.597","min","124.478","μmol/L","Humid","25.322","deg","214878","µV","30.885","°C","1015.000","hPa","36.5","pmil","0","55.720","deg","20.000","°C","100.000","%a.s.","22.420","deg","20.000","°C","971.000","hPa","0.861","-0.02617","0.00035","0","0","13.56","Humid","56.77","1","57.00","369750.86","SABD0002000014","AAV2.0.0.13","3.0.1.1413","PSt7-10","180726-015","6/18/2019 6:14:49 AM","0000-00","0","no battery","V"
"06/28/2019","10:44:11","6","default","651713401","OXY_CH6","19.613","min","124.453","μmol/L","Humid","25.322","deg","214887","µV","30.891","°C","1015.000","hPa","36.5","pmil","0","55.720","deg","20.000","°C","100.000","%a.s.","22.420","deg","20.000","°C","971.000","hPa","0.861","-0.02617","0.00035","0","0","13.56","Humid","56.77","1","57.00","369731.64","SABD0002000014","AAV2.0.0.13","3.0.1.1413","PSt7-10","180726-015","6/18/2019 6:14:49 AM","0000-00","0","no battery","V"
"06/28/2019","10:44:12","6","default","651713401","OXY_CH6","19.629","min","124.468","μmol/L","Humid","25.323","deg","214905","µV","30.885","°C","1015.000","hPa","36.5","pmil","0","55.720","deg","20.000","°C","100.000","%a.s.","22.420","deg","20.000","°C","971.000","hPa","0.861","-0.02617","0.00035","0","0","13.56","Humid","56.77","1","57.00","369731.33","SABD0002000014","AAV2.0.0.13","3.0.1.1413","PSt7-10","180726-015","6/18/2019 6:14:49 AM","0000-00","0","no battery","V"
"06/28/2019","10:44:13","6","default","651713401","OXY_CH6","19.646","min","124.458","μmol/L","Humid","25.324","deg","214932","µV","30.885","°C","1015.000","hPa","36.5","pmil","0","55.720","deg","20.000","°C","100.000","%a.s.","22.420","deg","20.000","°C","971.000","hPa","0.861","-0.02617","0.00035","0","0","13.56","Humid","56.77","1","57.00","369740.49","SABD0002000014","AAV2.0.0.13","3.0.1.1413","PSt7-10","180726-015","6/18/2019 6:14:49 AM","0000-00","0","no battery","V"
"06/28/2019","10:44:14","6","default","651713401","OXY_CH6","19.662","min","124.417","μmol/L","Humid","25.328","deg","214945","µV","30.885","°C","1015.000","hPa","36.5","pmil","0","55.720","deg","20.000","°C","100.000","%a.s.","22.420","deg","20.000","°C","971.000","hPa","0.861","-0.02617","0.00035","0","0","13.56","Humid","56.77","1","57.00","369737.96","SABD0002000014","AAV2.0.0.13","3.0.1.1413","PSt7-10","180726-015","6/18/2019 6:14:49 AM","0000-00","0","no battery","V"
"06/28/2019","10:44:15","6","default","651713401","OXY_CH6","19.679","min","124.428","μmol/L","Humid","25.327","deg","214971","µV","30.885","°C","1015.000","hPa","36.5","pmil","0","55.720","deg","20.000","°C","100.000","%a.s.","22.420","deg","20.000","°C","971.000","hPa","0.861","-0.02617","0.00035","0","0","13.56","Humid","56.77","1","57.00","369733.83","SABD0002000014","AAV2.0.0.13","3.0.1.1413","PSt7-10","180726-015","6/18/2019 6:14:49 AM","0000-00","0","no battery","V"
"06/28/2019","10:44:16","6","default","651713401","OXY_CH6","19.696","min","124.342","μmol/L","Humid","25.333","deg","214986","µV","30.891","°C","1015.000","hPa","36.5","pmil","0","55.720","deg","20.000","°C","100.000","%a.s.","22.420","deg","20.000","°C","971.000","hPa","0.861","-0.02617","0.00035","0","0","13.56","Humid","56.77","1","57.00","369742.01","SABD0002000014","AAV2.0.0.13","3.0.1.1413","PSt7-10","180726-015","6/18/2019 6:14:49 AM","0000-00","0","no battery","V"
"06/28/2019","10:44:17","6","default","651713401","OXY_CH6","19.712","min","124.357","μmol/L","Humid","25.334","deg","214993","µV","30.885","°C","1015.000","hPa","36.5","pmil","0","55.720","deg","20.000","°C","100.000","%a.s.","22.420","deg","20.000","°C","971.000","hPa","0.861","-0.02617","0.00035","0","0","13.56","Humid","56.77","1","57.00","369731.13","SABD0002000014","AAV2.0.0.13","3.0.1.1413","PSt7-10","180726-015","6/18/2019 6:14:49 AM","0000-00","0","no battery","V"
"06/28/2019","10:44:18","6","default","651713401","OXY_CH6","19.729","min","124.357","μmol/L","Humid","25.334","deg","215023","µV","30.885","°C","1015.000","hPa","36.5","pmil","0","55.720","deg","20.000","°C","100.000","%a.s.","22.420","deg","20.000","°C","971.000","hPa","0.861","-0.02617","0.00035","0","0","13.56","Humid","56.77","1","57.00","369732.13","SABD0002000014","AAV2.0.0.13","3.0.1.1413","PSt7-10","180726-015","6/18/2019 6:14:49 AM","0000-00","0","no battery","V"
"06/28/2019","10:44:19","6","default","651713401","OXY_CH6","19.747","min","124.307","μmol/L","Humid","25.334","deg","215042","µV","30.897","°C","1015.000","hPa","36.5","pmil","0","55.720","deg","20.000","°C","100.000","%a.s.","22.420","deg","20.000","°C","971.000","hPa","0.861","-0.02617","0.00035","0","0","13.56","Humid","56.77","1","57.00","369734.31","SABD0002000014","AAV2.0.0.13","3.0.1.1413","PSt7-10","180726-015","6/18/2019 6:14:49 AM","0000-00","0","no battery","V"
"06/28/2019","10:44:20","6","default","651713401","OXY_CH6","19.763","min","124.281","μmol/L","Humid","25.339","deg","215055","µV","30.891","°C","1015.000","hPa","36.5","pmil","0","55.720","deg","20.000","°C","100.000","%a.s.","22.420","deg","20.000","°C","971.000","hPa","0.861","-0.02617","0.00035","0","0","13.56","Humid","56.77","1","57.00","369731.09","SABD0002000014","AAV2.0.0.13","3.0.1.1413","PSt7-10","180726-015","6/18/2019 6:14:49 AM","0000-00","0","no battery","V"
"06/28/2019","10:44:21","6","default","651713401","OXY_CH6","19.780","min","124.296","μmol/L","Humid","25.340","deg","215073","µV","30.885","°C","1015.000","hPa","36.5","pmil","0","55.720","deg","20.000","°C","100.000","%a.s.","22.420","deg","20.000","°C","971.000","hPa","0.861","-0.02617","0.00035","0","0","13.56","Humid","56.77","1","57.00","369727.31","SABD0002000014","AAV2.0.0.13","3.0.1.1413","PSt7-10","180726-015","6/18/2019 6:14:49 AM","0000-00","0","no battery","V"
"06/28/2019","10:44:22","6","default","651713401","OXY_CH6","19.796","min","124.261","μmol/L","Humid","25.341","deg","215080","µV","30.891","°C","1015.000","hPa","36.5","pmil","0","55.720","deg","20.000","°C","100.000","%a.s.","22.420","deg","20.000","°C","971.000","hPa","0.861","-0.02617","0.00035","0","0","13.56","Humid","56.77","1","57.00","369722.00","SABD0002000014","AAV2.0.0.13","3.0.1.1413","PSt7-10","180726-015","6/18/2019 6:14:49 AM","0000-00","0","no battery","V"
"06/28/2019","10:44:23","6","default","651713401","OXY_CH6","19.813","min","124.225","μmol/L","Humid","25.347","deg","215113","µV","30.885","°C","1015.000","hPa","36.5","pmil","0","55.720","deg","20.000","°C","100.000","%a.s.","22.420","deg","20.000","°C","971.000","hPa","0.861","-0.02617","0.00035","0","0","13.56","Humid","56.77","1","57.00","369733.04","SABD0002000014","AAV2.0.0.13","3.0.1.1413","PSt7-10","180726-015","6/18/2019 6:14:49 AM","0000-00","0","no battery","V"
"06/28/2019","10:44:24","6","default","651713401","OXY_CH6","19.830","min","124.246","μmol/L","Humid","25.345","deg","215139","µV","30.885","°C","1015.000","hPa","36.5","pmil","0","55.720","deg","20.000","°C","100.000","%a.s.","22.420","deg","20.000","°C","971.000","hPa","0.861","-0.02617","0.00035","0","0","13.56","Humid","56.77","1","57.00","369738.71","SABD0002000014","AAV2.0.0.13","3.0.1.1413","PSt7-10","180726-015","6/18/2019 6:14:49 AM","0000-00","0","no battery","V"
"06/28/2019","10:44:25","6","default","651713401","OXY_CH6","19.846","min","124.156","μmol/L","Humid","25.349","deg","215155","µV","30.897","°C","1015.000","hPa","36.5","pmil","0","55.720","deg","20.000","°C","100.000","%a.s.","22.420","deg","20.000","°C","971.000","hPa","0.861","-0.02617","0.00035","0","0","13.56","Humid","56.77","1","57.00","369739.38","SABD0002000014","AAV2.0.0.13","3.0.1.1413","PSt7-10","180726-015","6/18/2019 6:14:49 AM","0000-00","0","no battery","V"
"06/28/2019","10:44:26","6","default","651713401","OXY_CH6","19.863","min","124.215","μmol/L","Humid","25.348","deg","215175","µV","30.885","°C","1015.000","hPa","36.5","pmil","0","55.720","deg","20.000","°C","100.000","%a.s.","22.420","deg","20.000","°C","971.000","hPa","0.861","-0.02617","0.00035","0","0","13.56","Humid","56.77","1","57.00","369726.06","SABD0002000014","AAV2.0.0.13","3.0.1.1413","PSt7-10","180726-015","6/18/2019 6:14:49 AM","0000-00","0","no battery","V"
"06/28/2019","10:44:27","6","default","651713401","OXY_CH6","19.880","min","124.185","μmol/L","Humid","25.351","deg","215200","µV","30.885","°C","1015.000","hPa","36.5","pmil","0","55.720","deg","20.000","°C","100.000","%a.s.","22.420","deg","20.000","°C","971.000","hPa","0.861","-0.02617","0.00035","0","0","13.56","Humid","56.77","1","57.00","369739.08","SABD0002000014","AAV2.0.0.13","3.0.1.1413","PSt7-10","180726-015","6/18/2019 6:14:49 AM","0000-00","0","no battery","V"
"06/28/2019","10:44:28","6","default","651713401","OXY_CH6","19.896","min","124.185","μmol/L","Humid","25.351","deg","215211","µV","30.885","°C","1015.000","hPa","36.5","pmil","0","55.720","deg","20.000","°C","100.000","%a.s.","22.420","deg","20.000","°C","971.000","hPa","0.861","-0.02617","0.00035","0","0","13.56","Humid","56.77","1","57.00","369722.11","SABD0002000014","AAV2.0.0.13","3.0.1.1413","PSt7-10","180726-015","6/18/2019 6:14:49 AM","0000-00","0","no battery","V"
"06/28/2019","10:44:29","6","default","651713401","OXY_CH6","19.913","min","124.130","μmol/L","Humid","25.354","deg","215226","µV","30.891","°C","1015.000","hPa","36.5","pmil","0","55.720","deg","20.000","°C","100.000","%a.s.","22.420","deg","20.000","°C","971.000","hPa","0.861","-0.02617","0.00035","0","0","13.56","Humid","56.77","1","57.00","369717.39","SABD0002000014","AAV2.0.0.13","3.0.1.1413","PSt7-10","180726-015","6/18/2019 6:14:49 AM","0000-00","0","no battery","V"
"06/28/2019","10:44:30","6","default","651713401","OXY_CH6","19.930","min","124.130","μmol/L","Humid","25.354","deg","215250","µV","30.891","°C","1015.000","hPa","36.5","pmil","0","55.720","deg","20.000","°C","100.000","%a.s.","22.420","deg","20.000","°C","971.000","hPa","0.861","-0.02617","0.00035","0","0","13.56","Humid","56.77","1","57.00","369726.29","SABD0002000014","AAV2.0.0.13","3.0.1.1413","PSt7-10","180726-015","6/18/2019 6:14:49 AM","0000-00","0","no battery","V"
"06/28/2019","10:44:31","6","default","651713401","OXY_CH6","19.946","min","124.120","μmol/L","Humid","25.355","deg","215250","µV","30.891","°C","1015.000","hPa","36.5","pmil","0","55.720","deg","20.000","°C","100.000","%a.s.","22.420","deg","20.000","°C","971.000","hPa","0.861","-0.02617","0.00035","0","0","13.56","Humid","56.77","1","57.00","369725.27","SABD0002000014","AAV2.0.0.13","3.0.1.1413","PSt7-10","180726-015","6/18/2019 6:14:49 AM","0000-00","0","no battery","V"
"06/28/2019","10:44:32","6","default","651713401","OXY_CH6","19.963","min","124.109","μmol/L","Humid","25.361","deg","215282","µV","30.878","°C","1015.000","hPa","36.5","pmil","0","55.720","deg","20.000","°C","100.000","%a.s.","22.420","deg","20.000","°C","971.000","hPa","0.861","-0.02617","0.00035","0","0","13.56","Humid","56.77","1","57.00","369737.55","SABD0002000014","AAV2.0.0.13","3.0.1.1413","PSt7-10","180726-015","6/18/2019 6:14:49 AM","0000-00","0","no battery","V"
"06/28/2019","10:44:33","6","default","651713401","OXY_CH6","19.980","min","124.079","μmol/L","Humid","25.359","deg","215297","µV","30.891","°C","1015.000","hPa","36.5","pmil","0","55.720","deg","20.000","°C","100.000","%a.s.","22.420","deg","20.000","°C","971.000","hPa","0.861","-0.02617","0.00035","0","0","13.56","Humid","56.77","1","57.00","369726.03","SABD0002000014","AAV2.0.0.13","3.0.1.1413","PSt7-10","180726-015","6/18/2019 6:14:49 AM","0000-00","0","no battery","V"
"06/28/2019","10:44:34","6","default","651713401","OXY_CH6","19.996","min","124.039","μmol/L","Humid","25.363","deg","215305","µV","30.891","°C","1015.000","hPa","36.5","pmil","0","55.720","deg","20.000","°C","100.000","%a.s.","22.420","deg","20.000","°C","971.000","hPa","0.861","-0.02617","0.00035","0","0","13.56","Humid","56.77","1","57.00","369722.61","SABD0002000014","AAV2.0.0.13","3.0.1.1413","PSt7-10","180726-015","6/18/2019 6:14:49 AM","0000-00","0","no battery","V"
"06/28/2019","10:44:35","6","default","651713401","OXY_CH6","20.013","min","124.044","μmol/L","Humid","25.365","deg","215327","µV","30.885","°C","1015.000","hPa","36.5","pmil","0","55.720","deg","20.000","°C","100.000","%a.s.","22.420","deg","20.000","°C","971.000","hPa","0.861","-0.02617","0.00035","0","0","13.56","Humid","56.77","1","57.00","369720.78","SABD0002000014","AAV2.0.0.13","3.0.1.1413","PSt7-10","180726-015","6/18/2019 6:14:49 AM","0000-00","0","no battery","V"
"06/28/2019","10:44:36","6","default","651713401","OXY_CH6","20.030","min","124.013","μmol/L","Humid","25.368","deg","215350","µV","30.885","°C","1015.000","hPa","36.5","pmil","0","55.720","deg","20.000","°C","100.000","%a.s.","22.420","deg","20.000","°C","971.000","hPa","0.861","-0.02617","0.00035","0","0","13.56","Humid","56.77","1","57.00","369732.05","SABD0002000014","AAV2.0.0.13","3.0.1.1413","PSt7-10","180726-015","6/18/2019 6:14:49 AM","0000-00","0","no battery","V"
"06/28/2019","10:44:37","6","default","651713401","OXY_CH6","20.046","min","123.989","μmol/L","Humid","25.368","deg","215358","µV","30.891","°C","1015.000","hPa","36.5","pmil","0","55.720","deg","20.000","°C","100.000","%a.s.","22.420","deg","20.000","°C","971.000","hPa","0.861","-0.02617","0.00035","0","0","13.56","Humid","56.77","1","57.00","369725.69","SABD0002000014","AAV2.0.0.13","3.0.1.1413","PSt7-10","180726-015","6/18/2019 6:14:49 AM","0000-00","0","no battery","V"
"06/28/2019","10:44:38","6","default","651713401","OXY_CH6","20.063","min","123.958","μmol/L","Humid","25.371","deg","215373","µV","30.891","°C","1015.000","hPa","36.5","pmil","0","55.720","deg","20.000","°C","100.000","%a.s.","22.420","deg","20.000","°C","971.000","hPa","0.861","-0.02617","0.00035","0","0","13.56","Humid","56.77","1","57.00","369722.73","SABD0002000014","AAV2.0.0.13","3.0.1.1413","PSt7-10","180726-015","6/18/2019 6:14:49 AM","0000-00","0","no battery","V"
"06/28/2019","10:44:39","6","default","651713401","OXY_CH6","20.079","min","123.983","μmol/L","Humid","25.371","deg","215391","µV","30.885","°C","1015.000","hPa","36.5","pmil","0","55.720","deg","20.000","°C","100.000","%a.s.","22.420","deg","20.000","°C","971.000","hPa","0.861","-0.02617","0.00035","0","0","13.56","Humid","56.77","1","57.00","369723.83","SABD0002000014","AAV2.0.0.13","3.0.1.1413","PSt7-10","180726-015","6/18/2019 6:14:49 AM","0000-00","0","no battery","V"
"06/28/2019","10:44:40","6","default","651713401","OXY_CH6","20.096","min","123.963","μmol/L","Humid","25.373","deg","215411","µV","30.885","°C","1015.000","hPa","36.5","pmil","0","55.720","deg","20.000","°C","100.000","%a.s.","22.420","deg","20.000","°C","971.000","hPa","0.861","-0.02617","0.00035","0","0","13.56","Humid","56.77","1","57.00","369736.82","SABD0002000014","AAV2.0.0.13","3.0.1.1413","PSt7-10","180726-015","6/18/2019 6:14:49 AM","0000-00","0","no battery","V"
"06/28/2019","10:44:41","6","default","651713401","OXY_CH6","20.114","min","123.963","μmol/L","Humid","25.373","deg","215433","µV","30.885","°C","1015.000","hPa","36.5","pmil","0","55.720","deg","20.000","°C","100.000","%a.s.","22.420","deg","20.000","°C","971.000","hPa","0.861","-0.02617","0.00035","0","0","13.56","Humid","56.77","1","57.00","369750.17","SABD0002000014","AAV2.0.0.13","3.0.1.1413","PSt7-10","180726-015","6/18/2019 6:14:49 AM","0000-00","0","no battery","V"
"06/28/2019","10:44:42","6","default","651713401","OXY_CH6","20.129","min","123.933","μmol/L","Humid","25.376","deg","215435","µV","30.885","°C","1015.000","hPa","36.5","pmil","0","55.720","deg","20.000","°C","100.000","%a.s.","22.420","deg","20.000","°C","971.000","hPa","0.861","-0.02617","0.00035","0","0","13.56","Humid","56.77","1","57.00","369735.10","SABD0002000014","AAV2.0.0.13","3.0.1.1413","PSt7-10","180726-015","6/18/2019 6:14:49 AM","0000-00","0","no battery","V"
"06/28/2019","10:44:43","6","default","651713401","OXY_CH6","20.147","min","123.888","μmol/L","Humid","25.378","deg","215453","µV","30.891","°C","1015.000","hPa","36.5","pmil","0","55.720","deg","20.000","°C","100.000","%a.s.","22.420","deg","20.000","°C","971.000","hPa","0.861","-0.02617","0.00035","0","0","13.56","Humid","56.77","1","57.00","369744.89","SABD0002000014","AAV2.0.0.13","3.0.1.1413","PSt7-10","180726-015","6/18/2019 6:14:49 AM","0000-00","0","no battery","V"
"06/28/2019","10:44:44","6","default","651713401","OXY_CH6","20.163","min","123.903","μmol/L","Humid","25.379","deg","215466","µV","30.885","°C","1015.000","hPa","36.5","pmil","0","55.720","deg","20.000","°C","100.000","%a.s.","22.420","deg","20.000","°C","971.000","hPa","0.861","-0.02617","0.00035","0","0","13.56","Humid","56.77","1","57.00","369730.44","SABD0002000014","AAV2.0.0.13","3.0.1.1413","PSt7-10","180726-015","6/18/2019 6:14:49 AM","0000-00","0","no battery","V"
"06/28/2019","10:44:45","6","default","651713401","OXY_CH6","20.179","min","123.838","μmol/L","Humid","25.383","deg","215474","µV","30.891","°C","1015.000","hPa","36.5","pmil","0","55.720","deg","20.000","°C","100.000","%a.s.","22.420","deg","20.000","°C","971.000","hPa","0.861","-0.02617","0.00035","0","0","13.56","Humid","56.77","1","57.00","369740.53","SABD0002000014","AAV2.0.0.13","3.0.1.1413","PSt7-10","180726-015","6/18/2019 6:14:49 AM","0000-00","0","no battery","V"
"06/28/2019","10:44:46","6","default","651713401","OXY_CH6","20.196","min","123.838","μmol/L","Humid","25.383","deg","215509","µV","30.891","°C","1015.000","hPa","36.5","pmil","0","55.720","deg","20.000","°C","100.000","%a.s.","22.420","deg","20.000","°C","971.000","hPa","0.861","-0.02617","0.00035","0","0","13.56","Humid","56.77","1","57.00","369744.11","SABD0002000014","AAV2.0.0.13","3.0.1.1413","PSt7-10","180726-015","6/18/2019 6:14:49 AM","0000-00","0","no battery","V"
"06/28/2019","10:44:47","6","default","651713401","OXY_CH6","20.213","min","123.797","μmol/L","Humid","25.387","deg","215511","µV","30.891","°C","1015.000","hPa","36.5","pmil","0","55.720","deg","20.000","°C","100.000","%a.s.","22.420","deg","20.000","°C","971.000","hPa","0.861","-0.02617","0.00035","0","0","13.56","Humid","56.77","1","57.00","369732.17","SABD0002000014","AAV2.0.0.13","3.0.1.1413","PSt7-10","180726-015","6/18/2019 6:14:49 AM","0000-00","0","no battery","V"
"06/28/2019","10:44:48","6","default","651713401","OXY_CH6","20.229","min","123.807","μmol/L","Humid","25.386","deg","215531","µV","30.891","°C","1015.000","hPa","36.5","pmil","0","55.720","deg","20.000","°C","100.000","%a.s.","22.420","deg","20.000","°C","971.000","hPa","0.861","-0.02617","0.00035","0","0","13.56","Humid","56.77","1","57.00","369732.84","SABD0002000014","AAV2.0.0.13","3.0.1.1413","PSt7-10","180726-015","6/18/2019 6:14:49 AM","0000-00","0","no battery","V"
"06/28/2019","10:44:49","6","default","651713401","OXY_CH6","20.246","min","123.793","μmol/L","Humid","25.385","deg","215549","µV","30.897","°C","1015.000","hPa","36.5","pmil","0","55.720","deg","20.000","°C","100.000","%a.s.","22.420","deg","20.000","°C","971.000","hPa","0.861","-0.02617","0.00035","0","0","13.56","Humid","56.77","1","57.00","369732.77","SABD0002000014","AAV2.0.0.13","3.0.1.1413","PSt7-10","180726-015","6/18/2019 6:14:49 AM","0000-00","0","no battery","V"
"06/28/2019","10:44:50","6","default","651713401","OXY_CH6","20.263","min","123.757","μmol/L","Humid","25.391","deg","215573","µV","30.891","°C","1015.000","hPa","36.5","pmil","0","55.720","deg","20.000","°C","100.000","%a.s.","22.420","deg","20.000","°C","971.000","hPa","0.861","-0.02617","0.00035","0","0","13.56","Humid","56.77","1","57.00","369740.42","SABD0002000014","AAV2.0.0.13","3.0.1.1413","PSt7-10","180726-015","6/18/2019 6:14:49 AM","0000-00","0","no battery","V"
"06/28/2019","10:44:51","6","default","651713401","OXY_CH6","20.279","min","123.737","μmol/L","Humid","25.393","deg","215593","µV","30.891","°C","1015.000","hPa","36.5","pmil","0","55.720","deg","20.000","°C","100.000","%a.s.","22.420","deg","20.000","°C","971.000","hPa","0.861","-0.02617","0.00035","0","0","13.56","Humid","56.77","1","57.00","369736.90","SABD0002000014","AAV2.0.0.13","3.0.1.1413","PSt7-10","180726-015","6/18/2019 6:14:49 AM","0000-00","0","no battery","V"
"06/28/2019","10:44:52","6","default","651713401","OXY_CH6","20.296","min","123.727","μmol/L","Humid","25.394","deg","215611","µV","30.891","°C","1015.000","hPa","36.5","pmil","0","55.720","deg","20.000","°C","100.000","%a.s.","22.420","deg","20.000","°C","971.000","hPa","0.861","-0.02617","0.00035","0","0","13.56","Humid","56.77","1","57.00","369742.46","SABD0002000014","AAV2.0.0.13","3.0.1.1413","PSt7-10","180726-015","6/18/2019 6:14:49 AM","0000-00","0","no battery","V"
"06/28/2019","10:44:53","6","default","651713401","OXY_CH6","20.312","min","123.707","μmol/L","Humid","25.396","deg","215629","µV","30.891","°C","1015.000","hPa","36.5","pmil","0","55.720","deg","20.000","°C","100.000","%a.s.","22.420","deg","20.000","°C","971.000","hPa","0.861","-0.02617","0.00035","0","0","13.56","Humid","56.77","1","57.00","369728.96","SABD0002000014","AAV2.0.0.13","3.0.1.1413","PSt7-10","180726-015","6/18/2019 6:14:49 AM","0000-00","0","no battery","V"
"06/28/2019","10:44:54","6","default","651713401","OXY_CH6","20.329","min","123.707","μmol/L","Humid","25.396","deg","215658","µV","30.891","°C","1015.000","hPa","36.5","pmil","0","55.720","deg","20.000","°C","100.000","%a.s.","22.420","deg","20.000","°C","971.000","hPa","0.861","-0.02617","0.00035","0","0","13.56","Humid","56.77","1","57.00","369737.19","SABD0002000014","AAV2.0.0.13","3.0.1.1413","PSt7-10","180726-015","6/18/2019 6:14:49 AM","0000-00","0","no battery","V"
"06/28/2019","10:44:55","6","default","651713401","OXY_CH6","20.346","min","123.711","μmol/L","Humid","25.398","deg","215671","µV","30.885","°C","1015.000","hPa","36.5","pmil","0","55.720","deg","20.000","°C","100.000","%a.s.","22.420","deg","20.000","°C","971.000","hPa","0.861","-0.02617","0.00035","0","0","13.56","Humid","56.77","1","57.00","369737.72","SABD0002000014","AAV2.0.0.13","3.0.1.1413","PSt7-10","180726-015","6/18/2019 6:14:49 AM","0000-00","0","no battery","V"
"06/28/2019","10:44:56","6","default","651713401","OXY_CH6","20.363","min","123.667","μmol/L","Humid","25.400","deg","215684","µV","30.891","°C","1015.000","hPa","36.5","pmil","0","55.720","deg","20.000","°C","100.000","%a.s.","22.420","deg","20.000","°C","971.000","hPa","0.861","-0.02617","0.00035","0","0","13.56","Humid","56.77","1","57.00","369731.94","SABD0002000014","AAV2.0.0.13","3.0.1.1413","PSt7-10","180726-015","6/18/2019 6:14:49 AM","0000-00","0","no battery","V"
"06/28/2019","10:44:57","6","default","651713401","OXY_CH6","20.379","min","123.626","μmol/L","Humid","25.404","deg","215715","µV","30.891","°C","1015.000","hPa","36.5","pmil","0","55.720","deg","20.000","°C","100.000","%a.s.","22.420","deg","20.000","°C","971.000","hPa","0.861","-0.02617","0.00035","0","0","13.56","Humid","56.77","1","57.00","369733.92","SABD0002000014","AAV2.0.0.13","3.0.1.1413","PSt7-10","180726-015","6/18/2019 6:14:49 AM","0000-00","0","no battery","V"
"06/28/2019","10:44:58","6","default","651713401","OXY_CH6","20.397","min","123.606","μmol/L","Humid","25.406","deg","215733","µV","30.891","°C","1015.000","hPa","36.5","pmil","0","55.720","deg","20.000","°C","100.000","%a.s.","22.420","deg","20.000","°C","971.000","hPa","0.861","-0.02617","0.00035","0","0","13.56","Humid","56.77","1","57.00","369745.42","SABD0002000014","AAV2.0.0.13","3.0.1.1413","PSt7-10","180726-015","6/18/2019 6:14:49 AM","0000-00","0","no battery","V"
"06/28/2019","10:44:59","6","default","651713401","OXY_CH6","20.413","min","123.572","μmol/L","Humid","25.407","deg","215740","µV","30.897","°C","1015.000","hPa","36.5","pmil","0","55.720","deg","20.000","°C","100.000","%a.s.","22.420","deg","20.000","°C","971.000","hPa","0.861","-0.02617","0.00035","0","0","13.56","Humid","56.77","1","57.00","369739.61","SABD0002000014","AAV2.0.0.13","3.0.1.1413","PSt7-10","180726-015","6/18/2019 6:14:49 AM","0000-00","0","no battery","V"
"06/28/2019","10:45:00","6","default","651713401","OXY_CH6","20.430","min","123.625","μmol/L","Humid","25.409","deg","215748","µV","30.878","°C","1015.000","hPa","36.5","pmil","0","55.720","deg","20.000","°C","100.000","%a.s.","22.420","deg","20.000","°C","971.000","hPa","0.861","-0.02617","0.00035","0","0","13.56","Humid","56.77","1","57.00","369731.55","SABD0002000014","AAV2.0.0.13","3.0.1.1413","PSt7-10","180726-015","6/18/2019 6:14:49 AM","0000-00","0","no battery","V"
"06/28/2019","10:45:01","6","default","651713401","OXY_CH6","20.446","min","123.611","μmol/L","Humid","25.408","deg","215758","µV","30.885","°C","1015.000","hPa","36.5","pmil","0","55.720","deg","20.000","°C","100.000","%a.s.","22.420","deg","20.000","°C","971.000","hPa","0.861","-0.02617","0.00035","0","0","13.56","Humid","56.77","1","57.00","369736.07","SABD0002000014","AAV2.0.0.13","3.0.1.1413","PSt7-10","180726-015","6/18/2019 6:14:49 AM","0000-00","0","no battery","V"
"06/28/2019","10:45:02","6","default","651713401","OXY_CH6","20.463","min","123.571","μmol/L","Humid","25.412","deg","215781","µV","30.885","°C","1015.000","hPa","36.5","pmil","0","55.720","deg","20.000","°C","100.000","%a.s.","22.420","deg","20.000","°C","971.000","hPa","0.861","-0.02617","0.00035","0","0","13.56","Humid","56.77","1","57.00","369741.99","SABD0002000014","AAV2.0.0.13","3.0.1.1413","PSt7-10","180726-015","6/18/2019 6:14:49 AM","0000-00","0","no battery","V"
"06/28/2019","10:45:03","6","default","651713401","OXY_CH6","20.479","min","123.561","μmol/L","Humid","25.413","deg","215868","µV","30.885","°C","1015.000","hPa","36.5","pmil","0","55.720","deg","20.000","°C","100.000","%a.s.","22.420","deg","20.000","°C","971.000","hPa","0.861","-0.02617","0.00035","0","0","13.56","Humid","56.77","1","57.00","369733.84","SABD0002000014","AAV2.0.0.13","3.0.1.1413","PSt7-10","180726-015","6/18/2019 6:14:49 AM","0000-00","0","no battery","V"
"06/28/2019","10:45:04","6","default","651713401","OXY_CH6","20.496","min","123.511","μmol/L","Humid","25.413","deg","216080","µV","30.897","°C","1015.000","hPa","36.5","pmil","0","55.720","deg","20.000","°C","100.000","%a.s.","22.420","deg","20.000","°C","971.000","hPa","0.861","-0.02617","0.00035","0","0","13.56","Humid","56.77","1","57.00","369730.13","SABD0002000014","AAV2.0.0.13","3.0.1.1413","PSt7-10","180726-015","6/18/2019 6:14:49 AM","0000-00","0","no battery","V"
"06/28/2019","10:45:05","6","default","651713401","OXY_CH6","20.513","min","123.521","μmol/L","Humid","25.417","deg","215830","µV","30.885","°C","1015.000","hPa","36.5","pmil","0","55.720","deg","20.000","°C","100.000","%a.s.","22.420","deg","20.000","°C","971.000","hPa","0.861","-0.02617","0.00035","0","0","13.56","Humid","56.77","1","57.00","369731.70","SABD0002000014","AAV2.0.0.13","3.0.1.1413","PSt7-10","180726-015","6/18/2019 6:14:49 AM","0000-00","0","no battery","V"
"06/28/2019","10:45:06","6","default","651713401","OXY_CH6","20.529","min","123.535","μmol/L","Humid","25.418","deg","215883","µV","30.878","°C","1015.000","hPa","36.5","pmil","0","55.720","deg","20.000","°C","100.000","%a.s.","22.420","deg","20.000","°C","971.000","hPa","0.861","-0.02617","0.00035","0","0","13.56","Humid","56.77","1","57.00","369731.46","SABD0002000014","AAV2.0.0.13","3.0.1.1413","PSt7-10","180726-015","6/18/2019 6:14:49 AM","0000-00","0","no battery","V"
"06/28/2019","10:45:07","6","default","651713401","OXY_CH6","20.546","min","123.476","μmol/L","Humid","25.419","deg","215902","µV","30.891","°C","1015.000","hPa","36.5","pmil","0","55.720","deg","20.000","°C","100.000","%a.s.","22.420","deg","20.000","°C","971.000","hPa","0.861","-0.02617","0.00035","0","0","13.56","Humid","56.77","1","57.00","369724.11","SABD0002000014","AAV2.0.0.13","3.0.1.1413","PSt7-10","180726-015","6/18/2019 6:14:49 AM","0000-00","0","no battery","V"

"Date","Time","delta_t","Device_Serial","Channel","User","Annotation"
